
16 25 30 44
10 19 39 49
25 34 47
7 24 30 47
21 35
11
15 27 45
36

20 39

2 5 38
14
4 9 25 38
43
25 42

10 34
21
49
36
2 46



6 30 43
3 4 23 41 45
34 35
3 17 37

10 26
31 33
0 14 30 31 33

4
7 14 23

28


0 25 36
25
28 29

30
2 16 35
14 49
4 27 37
12 38 41
24 43
15
17
23 25 27
44
7
15 21 31
14 27 29


36 41 45
27
28 49
6 40

11 24 25

12 40
43
22
26
4
23 39 43 45
22

36
36
24

14 19 22 23
43
11 24
33
38
23
19
30
35

15
7 36
33

6 35
14 25



5 18 31 45
19

26
48
2 5
17 20
16
37
17
13 47
20
22
38
20 46
0 27 45
40 42
15 28

25
22 28 45
22

11 19
5 33
14

44
0 10 17 18

0 27 28
23 31 35
24 31
31
3
14 27
1 15 46

18

5 14
18
4 34
0
3 4 37 42 48
11 36 48
8
14 20
5 23
1 24
42

14 16
11
45
1
26

15 36 46

33 46
17
1 4 8
5 49
12

16 19 26 30 45
15 18
29 48
37
24 36 38

27 41 43
12 30 40 49

4 9 22 28 36
2 7 44 48
5 42
39
22 26

15
0

14 43
7 32 45
18


3 34 40 46
7
6 11
28 39
10
8
24 35
11
24 46
37
3
32
32
18 46
26 34

26 37

1 10 17
32
1 13

1 12 42
28
8
3 22 40
34
10 29 48
5 28 32 33
17
0 18 37
16 46
2 13 29
30
34
28 39
34

19 21
17 38 40 46
5 14 27 32
41 43 49
4 26 39
14 25 31 38
29 49
5 20 21 26
32
27 29 38 45


4 24 29
2 7 26 44

32 48 49
29 46
19

21 36

8 12
25
48
33 42


14 28 49
9 45
40 49
34
6 21 40
1 28
0 12 43
14
10 38


30 49
22
1 8 20
43 46
15


1 38
25
26 34

38
29 34 48 49

29
15 25 42

42
3 21

32 46
39


18
48
14 29
2
15 26 30
11
11

18 41
30
46

24 32 42

26 32
19 20

24 32
9 10 17
4 31
6 25
27 44
14
27
2 28
12 23

48
2 17 32
40
0 14 21


11
14 38 47
2
44
2
40
45
12
2 27 38 42
1
39
11 13 33 36 41
28
0 14
24
15
48

45
43 48
30
13 27 49
29
19 49
1 19 26 32 48
3
23 43

17
25 29
17
3 44
23
45
15 33
2 9 14
29 38
2 8 15
20 49
15

14 15
20 25 41
5
18
24 26 43
1
15 47
18 32
12
24 32

9
23 34
40
0 23 34 35 48


18 21 28
43
26
27
2 32

0 8 49
43
2
19

2 6
10 11 20

21
6
4 44

12
13 25
10 49


13 16 38
1 46
15 20

0
44
43
30 37
3
3 16
23 42
24
18 37 43
1
35 40 48
12 28

21 25
0 8 27

12 41
46
24 37
28
25 43


5 9
8 18
5 44
34 42
42
39
43
3 26 27
25 32 42
45
5 10
38 47
0 6 11 25 46
49
1 31
19 42
25
32 33 34
32
21 31
12

26
10 35 49
25
43

1 18 44 46
43

5 31
7
27 32 33 40
8 11
16
23
11 27 46
47
5
8


7
27

12
0 12
3 26 42

26 27 41
9 14
6 15 18
14
9 39
14 31 32
15 23 45 49
15 21
35
15 29 45
27 49
43
10 21

26
6
27
9 23
26
48
2 7 8 35

0 12
4 41
41
4
15
10 18 34 43 44
22 30 40
5
14
24 46
5
20
1 32
41
18


34 44
41
38
23 42 46
1
2
1 26

1 32
9 22 38
39
26 28 36
10 39


6 13
5 22 45
1 28 34 46
17

6 48
11
29
11 43
28
47
4 7 37


19 41
43 44

16


25 33
3 16

41 47
11 43 45
19 20 30 33
7
19

2 24



20 22 48
4 5 19 20 40
2 17 19 42
8
3 4 10 20
46
6 25
42 48
9 32
31


19 24
10 14 47

21
7 17 23
13 24 33
17 30 34
2 3
27 30 46
5
49

7 12 15 20
22
26
18
4 33

10 32
14 35
13 29 40 49
1 43
7 19 49
31
25 41
25 38 41 42
34

45


1
32 48
46
3 26 35
18 47 48
37
3 44
8

16 30
22
18
0 8
9
16 47
24
15 30 34
1 22
23 34

27


8
10
8
0 48
26

43
11 42
7 41
22 30 31

15
49

5 27
11 15 25 33 45
19 24
8
7 16 45
6 42
32 41
45
0
33 36

12 49


6 9 27

38

14 23 28 44
10 33 47

7
15 16
6 13 27 31
22 23 28 30
40 46
7 20 24 30 35
31


39
27 37 44
6 25
20 31

0 14 36
12 14
20 46
39 41
45
44
4 10 14 18 47
8 19
0 6
12 24
8
22 24 29
19 20
17 27 46
13 15
23 31 49

5 8

14 16


9 29
2
7 22 23
23 25
3 33
1 2



9 24
32 36
46

19 44
11 14 27
7 12

16 31
46
10 13
7
7 12 25

26 44


18
20 44
40
10 15 35 37 49
38 49
7 35


12
5 8 28
14 49
24 32
8 44
9 47


1 47
3 32
27 38


2 43
2 31
1
23


8
15


25 39

12
4 5 12 18
1
3 38
15 35


42 46


5 11 46
34 39 42
19
23 28
14

24
24
26
6 12 26 44
0
31
13 15
31
5
14 17 25 33
14 23 30 44
19 35
8

18
16 44
28
28 39 40 41
45
11
6 13 23 44
2 21
3
8 18 27 38
15
25 27 30

3
3 25
12
14
11
6 7 22 37
36 46
18
18 19
39
6
33
30 38 47




24 27

19 25 45
1 42 49
3


17 29

10 43
8 29 30
8 23 37

5 6
24 40

0 19 26 30

25 27
2 6 22
22 49
7
18
46
16 23
1

21 26
26
20 31
17 24
35 39 40
20 42
5

21 25
15 17 18

31
13 30 48
34 49
36
8
4 6 13
35
10 24 27 28
19 21
26 29 42 48
38 42

26
1
1 9 11 13 43
23 33
44

19 22
28


23 34 40 41

6 39 44
17

18 35

5 8
24 40
3 39
8 15 23
1 3

46
0


0 20
18
35
30

15 39
32 48
5 12 28

35 42

7


0 9 32 39
14
28




29 48
49


16 21
49
33
39
36
31 40 42
7 23 38

6 18 48
8 24
10 18

7 34 44
39
8 24
48
16 22 46
1 20 32
36
29

24
11 21 41 46
13 34
16 25
34 37 45
20 26 30
4 42
2 13
3 18 41
38
45
2 18
4 18 23
9 26
27
19
47
20 26 33
17 27 39
47
20 25 36 37

7 39 43
15

46
11
31

43
32 42
27 48


5 44
4 28 29 33

22 26
47


27
11 20
8
36 49
17


34
45

11
7 8
13 15
9

12 18 26
14 41
20 21
1 28

6 10 24
21 23 28 36 40 41

3 26
21 37
0 1 2 40
12 25
24 41 42 48
9
40
7
38
25 35
27 36 48

23
25
12 26
21
24 33 45 47
28
29 45
23


19
4 43
10
1 30
37 39

25

9 24 29
6 10 32 33

0 11
26 42
6 24
43
27 33
12 15
25
25

48
16 49
39
21 45
6 7 10 37 49
16 29

1 9 27 43
49
3 11

4 22 33
5 24 26 37

1 10 18
47
13 20
42
13 18 33

18 19 20 25 43


37


7

9 30
33 36
41 42
15
4 31

7 37 44 47
23 24 48
2 40
1 20
27
20 27 39
21

9

7 15 20
8 31 32
13
40

8 19
47
2 6
32
6 25

15
11 40
9

5 34 43
39
29 32 45
15 33

31
15 49
19 37 43


22 42 48
0 22

32 36
23
28 33

2 3 21
31
7 11 14
1 13
31 36 39 45
31



4 37 43

10
4 10

43
8 9 19 28 47
0

19 26 39

12 15 19 24
19 23 29
42 46
19 46

2 19 22


42
1 13
3 30

5 14 18
49
2 33
26
3 4
18 46
14 32 38
6
25
6
17
8 21
2 4
21 23 27 49

1 17 42
17 20 48
26
19 27
27 30 42
9 19
4 33 37
2 7 32
8
24
20 30
3
4

7 42

5 8 17 24
32
18 28
33

26 31
10 46
25

25 31 49

21 28 32
47
11
15

12 41
24 35 44
2

34 45

21 24 49
35
4 41
7
39
47
35

37
21
1 40
17 29 40
21
33 39 40


44 48
18
20
28 39
13 20

7 8 44
3 10 39
24
16 17 18 36
8 22
7 32 47
29
4 15 38
13

5
44

13 16 36
17 21
48
35
38
45
15

7
13 37



13 43
37 40

7 31 49

11


46
5 11 30
8 27 28 35
24 42
0
18


24 26 27
22
2 6 17 19 28
13 31 40 42
49
29

29 38
23 31
26 27
10 13

13
24
16
37
12


45
8 32 33 48
5 12
46
7 18 35
12 35 44
10 17 31
38 40
38
7
32
3 15 33 38
9
23 24
31
31 49
22



8 21 26
28 40
23 29 35 39


31
3 19
4 13
2
7 30 38
0
13

13
13 44
26 28 41 45

9 14
5 38
15

7 30
11 43
33 45
8 12 26 48
17
3 21
10 27



38 43
19
12
40

6 16
5 7 49
5
9
46
26 33


21 29 43

34
22
2 29
15 48
23 24 29 36
20 39 46
27 40 47

20 44

43 47
25 39
45


48
22 45
1 13 36
26 33
8 49
8 17 30 36

2 15 19
18 34

1 19

15
31

13
17 31
15 39
4
6 8

35

9 37
33
0 45
12 34
48

30


9
46
33
25
27 29 31

40
48 49
23

21

12

26 37 42


17 26 28
11
11 30
26

17 37
30
28
34
17 22 45
49

20 46

15 43

2 9 28
43
2 3 28
19 38

4
9 18
34 43
25

12 28 44
8 11 13 17 26 30 42
34 48
49
9
8
21 25
30 33
17 47 49
0 7 17 24
5

29 40 43
47 49
3 20 21 35 39
27 43

5 34 42 47
34 45 46
3 9 30
15 37 47
22 39

2 38 39

17 33
12 43

10 42 49

14 42
38 41
45
26
2
33 46 48
38
9 26
10 31
9 21
6 29 32
31 42
13
17
20
44
49
20 28 41
27 33

7 10 33 45
37
44 46
0 2 7 29 38
3
11 20
43
7 43

19 22 26
47
0 1 14 38 40 44 49
29
5 38 47
3 9



40

11 16 49
13 48
15
15 22 48
36
32
4
17
9 26
6 8 32 35
6 19
1 17 45
8
4 8
28 33
33
49
3 5 34

38 39
18 42 44
29 38
38
2 18
1 29
16 38
2
41 42
2 29


9 33 35
21 24
18
38
36
5

1 21
30 48
10 29 39 40 46
9 25
23
19 33 47
9

2 15
30
44 45
3 38
49
19


4 18 41
12 14
18 39 49
37

42



23
16
22
11 35
6 16 24 45
0 2
18
39
25
5 10 45
7
30


41 42

13 34 36 38

3

26 47
4 41
34
6 29

25 32
17 42
7 31 43
49
21 46


8 39
16

16 33 40 43 44
6
9
10
41

6 35

0
13
17 29 49
6
11 18
6 47
29 32

0 47
19 33
32
15 45

2
28
2 42
25 31 32 37 48
1
48

40 49
38
17
21 30
29
25 31
27 31
31
19 46
9 31 37 40
8 22 29
7 37

29 33
48
9
4
7
45

9 37
39
39
0
0 17 29

12 27
9 13 41
40
1


1 11

26 42


6
38


4
45 47
12 19 43
31 35
4 25 26
22 26

4 12 13

45
8
9
47


5 29

0
14 29


49

4 19
27
18 40
16 43

5 34
19 39
17 40

4 7
40
44


33 47
14 29 40


22
25
4 19 34 48
4 8

8 13 46
6

14 27 43 48
15
41

33
10 16 40
4 25 30 43

19
32 41
34 46
4 9 31
30

20 26
0 25
12 43
2 26

4
8
3
38
0
16 31
3 11 16 23 32 38
10 41

26 44

7 10 40
2 33 46
1 41
18
2
45
21 24 29
39
11 20 48
8 25
1 10 40
10
45
5
5 19 28

29 32


23
32
15 42
3
49
16
30
33
7 9 25 49
37

32
29 34
30
10 12 30 42
4 23 47
39 48
27
3 42
10
1 8
24 25 47
45

22
7
42

20
20
22


20 45
19 30
2
24
1 9 37 38 47
40
48
23 28 35 38
13 19


7 19
22
14 44
15 35
29 32 38 47

10 44
38
19 27
20 32 35
30 46

29
9 35


12 30
42
13

5 14


24 49
4 16 24 46 47
17 24 32
12 13 19
16 49
33 37 49
20 30 36 45
20 25
3 34
42
43
5
4 42
13 38
11 35 41
30 34 49
31 49
4 39
48

14 16
19
28 40 42
0 40 45
35
26 47
14 39 42
48

44
13 23
8 21

0 36
23 37
16 21
11 49
21

30 32
23
11
19
0 12 30
12
2 5 8
6 24
32 41 44
26 28 43 48
28
29
6 45
12
15 48
0 4 21

42
8 17
47 48
32 38
11
12 39
14 19

40

7

32

3 8 19
41 46
9 12 32
16
21 36
13 44
6
43 49
4 10 31 38 39
25
6 10 31 42
12 13 40
1 6 14
7 33

20
7

15 33

8 15 17 38
47
8 20 42
7 28 30 38
37 47 49
35 49
37
46
15 37
28
44

0 24
4 49
8 10 23
36
27
31 32
41
34 38 47

15 19 48
11 38 44
12 40
27

46
35
19 37
13
44
16


34
29


5 9
43
20 46
8 27
22
21 35
30 47
8 35


16
9 34 37
42
8
16 44 49
26 38 44

18 21

44
16 33 39 43
33 46

33

9 25
7 15
11 15 27
15
9 26
8 12 38
27 29
13 14 15 22 26 34
11
12 23
0 4 5 35
10
33
40
20
34 40
31

5 22

20

12
1 21
44
4 17

7 43


3 35
41 47
25 41
48
46
30 42

34
3 10 17
13

7 10 18 41 49
2 18
24
36 45
40 46
6
46
25 39

18 20 41
22 25 30
2 49
20 27 32 42
14
12 28
5 28 35
29
23 34
41
12 14
23 28 42
21
5

15 29 31 48

1 21 24 25 45
0 30
9


28
20 38


49
36
15 38

28 44
5 30 39 48
10 11 40
1 17 23 36
7
6 7 9 19 41 45
3 20 28
15 27
32
2
19 22 31
12


21 22 23
0

18

41
21
38
20 41

15 44
25 43
33
27
19 37
23 26

5
9
7 23 32
7 28 44
22


14

28 31 33

18
21 26

42
15 22 34 41
32
32


32

12
41
10
35
3 6 12 49

11
35
11 15
25
10 46
15 25 44
1 13 36
7

35 49
5 14
27 28 42

8 44 48


14
34
0 12 22 33
19 29 37

14 23 35
23 27
15 35
32 36
6 18
9 20 21 44
19 22
28 46

40
10
13 43
14 22
20 39
20
12 40
31
17 48
17 29


45
24 49

0 8
11
8 20 27 34 37
10 13
29 36
7 40 49
8


2 17 23

3
19 42 43
9 20
0 25


38 40
41 43
42

48
32
6
15 17 19 43
3
33
43
19


8 26


1 38
40 41
48
20 27
15 24

31
4 16 25 30 33 38

3

31
29

2 29 34 38

32 33
20 33
36
6 41 42
29 33
31
13 44
40
6 22 38 41 45 46
19 42
12 31 48
27 30
1
7 23 26 31

20 34 41
23
43


30 44
0

15 28
22 49
35

2

8 30

25 38
44
2
35
16 26

16 36 41

8 44

30 34
3 38 43 49
19 22 31
7 16
41
8 12 26 27 37 44
31 34

17

10 27 39
25
39
29
30
0 37 39


38 41
19
3
4 12

15 17
22 33 40
2 15 26 27
24 29 30 33 36
9 40

34
4 21 24

8
33
7 34
44
0 8
29
0 3 27 34
8 15 49
12 18 24 46

30
20
4
20
18

33
5 18


20 42

41
0 20 44

6
27 28 43
24
48
3 17 40
31
40 43
44
1 10 41 43
1 3 14 20 33 44
0 19 25
21
45

29
0 47


11
8 31
15 20


6
8 20 34
1
22
1 2 23
9
18
5 22 44
9 31
18
12
12 29 35

19 27
17 23 28 40

14 21
36
13
37
34 42 46
31 46
45


9 32
18
4 6
4
17 22 28 38
30
4
13 14 17 39
6
35 36 40

38
9 26
2
24 33 37
7 35
24 27 49
36
19 25 34
7 35 36 46

25 28

22 48
14 22 24
16 26
7
36 37 41 46
2 26
3
2 7 9 28
11 45 49

27 46

8 33 39
17 23
15 44
33 44
25
45
24 31

23 25
25
39

27
47
25
8 26
31
23

18 22



1 4 32 39 42
3 6 37
30
17 47

38 41
25
29
15 25 26 39 49
3 21 39 44
11
2 24
1 8
13 21 31
10 12 39 48

26 45
0

30 33 49
26 29 32
29
5 8
18 27




43

12 34
0 26 38
29 30
2 6 7 11

13 36

14 24
8 28
1 43

11
19 33
1 12 34
16 24
33
14 25

29
8
5
8 23 34
6 46 47
6
3 14 15
3 12
10 21
6 48
14 39
48

3
0 13 19 23
10 35

18 45
31
3 12 29 35 46

36 44


8 11 13 23 31
3 31

27 29

9 31
32
24 42

18 40 49
13 32

0
9

9

12 18
0 10 12
48
42


10 31 46

2 20 35 39
12
31 39

4 10 27 37 46
12 29 37
35
15 17
23 32 46 47
22 35
27 49
22
18 26
9 40

22

8 18 29
1
3
27
27 30
29
7
13
11
4 17
11
3 11
14 43
28 37 41 46
6 21 35 48 49
35
36
5 24 26 36
0
18
2 39

0 47
31 39 45


40 43
26
44
49
36
12 46
22 38
24 39
16
5
21 37

5 44
36 44 46

15
0 2
3 23 26 49
16 37 49
46
45
16 23

35 43
29 49

33 45 48
27
0 1

14
31 33 39

9
5 19 32
12

7 18 44
0 9 18 46
6 28
11
48
20 33

5 16
41
17
0 18 32

14
13

22 36

17




9
12 31
2 37
11
14 23
4 7
10 11


7 17
25 37 39
2
40

19

21 38

1
4 21 28 31
6 11 28
16
35 38
6 11
45
31 44
2 6 25 42 45 48
28
1

5 14 26
8 14 45

4 35 39
4 5
0 36
29 44
17
9 22
47
18
1 17 22
13
22
22
8
18 44

0 49

27

34
13 34
25 34
0 24
39
1
6 38

3
5 6 19 33
2 34

22
12

4 15 23 28 29 34
29
1 4 36
27 41

23 38

5 19
8 45
1 45

34 35
16 42
29
11

40 46
4 37
1
30
1 4 9
12 16 40
14 17 35
46

16 21 43

12 15
45
1 7 34
24

16 25
34

2
48


18 21

11 30 36 44 47

0 14
25
3 36 44
9
2 44
7 48
4 39
40
13 26 29
30
5
10

18 45
35
18 23

3 46
27
18
48
39 49
32
17
25
9
15 26
7 29
44

44
0 4 21 26
15 29 30 47
25 36 46 48
5 19

4 13 41
32

6 37
6 10 15 44
5 28
36
0 13
0 10
42
34
1 3 28 32
7
35
18 34 35
16 36 47 49
1
3 4 18 19 42 47
2
42
12 22 28

41
11 15 17 27
47

19 27
4 42

42
19 35 40

31
26
15
43
27
1

37


17
21
23 33
5 34 42
39 42
18 25 28 42
6
21
19 31
17
8
18 21
17 41
11
29

9 19 30 33
17
48
2 16 18 37 40
10

9
3 30 36
31
4 7 9 31
0 48
43 45 49
38 40
8 22
22

25


12 26
24 36 42


37 38 48
15 18 27

6
7 9

46
15
1 46
18
31
16
3 30 36 38 41

7 17 25 45
0 2 4 17
7

4 15 31
12 18
21 47
38
15
24
10
37

41 43
18 45
11
3 16

10


7
37
2 24 42
14
38 41
19
5 7
19 20
15
19 30 39
20

20

32 45

22 27

30 45
48
9 38
18
9
28 31
0 9 10
36 39
22 30 46 48
27 39
9 10
9 45 47
43
38
30 38

8 17
10 40

5 21 36

49
31 33 40 43
11 14
42

23 30 31 47 48
3 13 26
41
3
32
19 20 43

18
36
12
45

21 44
0 9 24 28 37
13 30
36 40


6 15 16 23
21 26 28

16 24
33 45 47


13

1 16 31
7 45

36
18


19 28
4
31
8 45
47
4 25
32 48
1 43 46
16 39
21 25
44
32 39

25
5 43 48
12 25 29 43 46
24
10 15 40
13 17 22
1 7
41

8 18 24
2 32 33
19
29


1
47
37
3
2
24 39
0 17 43
29

6 22


49
9 42
25 30
3 21 24 25 29 34
25
34
7 22
3 30

11
45
24 37
45

12 45
18 37

10 16 17 21 23 41
9 34
14 20 33
48
17 26



22 37
4 25
13 38 43
5 11 14 43 44
38 44
47

24
48
10

15

11

8 16
42
11 13
14
6 35 44
4 23 35


39
3
2 19
36 39
6 26 29 38
16
8

1 30
0 3
4
22

31 47
6 10 27

32
24
29 34 35 46
3 10 11 19 48
15
3 27
13 48
17
21
7 18 23 28 42
8 21 38
0 1 28
14 30
17
3 8

22
8
4

33
27
1 7

9 46 47
28 35
12 16
29 42
33 45
22 47 48
0 6 7 11
15
47
26 30

13 16
6 44

8 20
14

42 43
36
2 24 35 44
23

6 18
40
49

10 20 21
11 37
32
19 48
12
7 31
34
40 46
7
43
6
49
26

12 29 33

14 32 40
49


2
27

18

17 33
25 47
2 21
44 46
24
44
40
4 40 45
28
2 18
12 24
23
37
17 29
2 48
31 38 45
16 31
2 6

9

17
29

12 38
3
7 9 35
7 17 25
12
24 34
11 17
30 37 39 47

25
42
0 21 31

9 37
35
30
11
3 19 22
29
1 5

44

12

11
45
1 34
35 42
8 16

26
46 47 48

27
3 5 20
14 40
3

3 11 41
6 20 42
26 42
26 46
30 45
14 23
6
2 4 47
1 13 31 33
9 20

37 47 49
22 44
4 30 38
16 49
25
17 44
30 46
3

7
25 44
23 31
27 29

1 25
0 10 13
1 49
3 12


8


5 46
6 33 40
10 37
3

38
23
38 46
29 42
6
3 13 19
38 42
19 22
22 32
34 37 46
3 43
32 35
3 6 8
0 26 28 39
41 48
25


23
1 40
47
7 42

37 41
8 16 38 43
2 22 28 29 39
24 41
13 26
9 43
20 30 34

8 10


8 9 35


39
28 37
41
0 1 20 35 48

49
7 11 19 43
37
0
35 47
14 21 44
24
24 45
17 24 29
4 10 44 45 46
4 23 35 41 49
2
37
7
27
12 27


7
47
47
43 44
6 11

8 10 45
1 22 38
0
1 42
35

9 10 35 42
36
41 47
20
25 48 49

38
4 48

4 10 23 46
3 26
10 38
43 44
6 9 17 20 43
22
13
16 23 43
27

6 14 37
2 20 34 39
3 9 25
44
8 26 43
12
10 20
27 33 41
41
9 37
4 12 18

2 20 34 36

6 18 33 41

10 11 45
1 32 34
47 49
0
19 39
13
22
14

25
32

14 31 43 49

5 33
3 33
44
30
7
6 17 25
36 41
29 37
4 30 35
46 48
45
32
41 45
25
15 17 31
7
7 10 32
43

38
14 39
13 17 20
44
12 20 42
36
2
28
26 41
0 48
2 18

3 28
19
40 45
11
1 17
1 10 15 34 39
8 19 41
7 8 39

23
17 33 38

12 27
0
6
18
24
21

28 47
14
18 28 36 42
47
36
42
7
9 46
8
14
29

5 17 18
0 34 42
19 27 32

13 30
14
7
45
16
0 7 26 37
22 43
21
3 10 16 40 46
13 17 30 47
37
22 23 40


41
0 49
14 28
38
16 21
1


49
1 39
35 46
8 9
12 29
34
5
37 39
7 28 49
38
14 29
9 36
4 9 12
2 36 41
11 20 28
46
37

38 41
47
20 48
27 49
10
11 20
42
18
34 44
2 10 11 12
13 35
8 45
38
19
7
1
27
46 49
18
26

43
7 16 20 26 27
4 25

27 48
17 41 49

2
33 45
33 40

0 39
36
10

20 38
3 48
3
19
0 15 17
16
4 11 18 27 37
6 39 40
0 4 22 27
12 39

39
1 19 44
19 33
11 30 40 41 42
24 28


18 23
2 11
36
37 38 46
5 47
36 38
8 15 28

7 17
26
31
21
25
15 25
32
2 21 23 42
38 45
18
3 13
25 44
44
3 7 19


3
2 47
2 41
14
28
44

8 29 42
2 32
30
33

34 38
13
7 49

16
16
7 9
6
20 21 33
10 33
0 25
4 14
25 32 41

11 13 42

27 33 44
25
11 14 46
13 29 49
32
14 49
12
19 49
3
49
4
17 43
16
42
26
24 39
6 14
3 41
6 33 47
30
22 38
2
40
7 22 35 39 41
15 19 47
22


37

7
33

3 7
12 44
16
27 32

13
40
1

8 31 49
0 15 18 25 38
4 15 23 45

25
19
2 7
10
37
18 37
10
15 30 47


4 13 39
39 45
15 33
26 39
12 31

4 13 31 34 46
26
21 44
18 34 41
40 41
1
13

4 7 34 44
17
18 24
44
2 45
14
18
1
23 35
1 32
26 32
16 22

8 44
39

42

42
11 19 34 35

17 35
13 46
47
2 39

18
32 36 40 44


13
21 47

29
7 10 11
18 35

18 24 38
25 30
26 29
19 36
45
2 33
32
15 20 30 44
11 33 45 48

11 45
2 7
13
35

23 47
36
3 35


34
4
47

36
30 37 48 49
6 26 38 39

49
38
43

8
1 13 24
42
16 25
16

35 44
20

31 33
38
7 28



30

43
20
1
5 48
43



29 44

1 15 23
12
6 18
29 39
42 48
6
18
7
3 43
4 29
42
9
0
2 10 24
7 18 22 26 45
17 22 32 45

23 29
5

12 31 32
9 26
6 12
20
26 48
8 18
15 37
18 23

2
3

1
3 34
2 7 30
26 47

32

31 45
12 35 47
4 31
23 49
4 46
9 17
5
5 15 49

29

26
21
20
36
24 33 41
5 9 22 35
40 42
2 46
1 26
19
46
13 32
2 17 32
1 12 26
9 28 46
43 48
3
5 36 43
9
13 42


22 49
30
39
19 26 36
8 22
22 26
19 41 44
5 11 39
13
10 34 45
30
17 41
6 7 17
22


16 21 42
5 35
11 42
10
31

20 25
15


11 38 42
30
18
21 33 43
9 10
3 42

33
21

12
15
14 37 48

1 15 42
16
45
46
22

11 33 44
6
17
44



8 17 30 35 46
4 9 11 28

0 11
35
1 21 31 42 43

5 8 9
15
12
27 45
26 34

29 35 44
17 34 43
24
18 31 49
31 42

20 35

30 32
2
12 33

36 41
6 8
23
31 45

19 27 28


4 28
32
2 32
23 28

14
14
4 9 29
17 33
3 11 15 28
36
36 47
7
3 38 48
0 37

17 44

14
9 24
32 38
9
0 14 22 49
23 29 43 44 46

0
3
4 10 25 34
42
0 31
27
42

17
48
14

17
5 7 20
14
2 28 29

23 40


1 8 9 32 49
2
19 45
0 5 33
6


6 21
25
27
49
1

8 28
19 36
11 46
18


38
21
32 37 44 46
19 38
15
17
26 43
37
23
5 28
31 43
12 45
43

9 18 36 42 47
6 31 33
48
3 5 15
5 15 29
43
5 15 38 41
6 41


21
6 7 28
18 33 44
34
2
19 39
29
20

5 15

2 47
13

5 15
14 42
5 15 25
19 22 47
28
5 15 47
5 8 15 17
5 15 21 42 46
10 43 47
38

13 23

2 14
0 3 20
5 15 23
5 15 16
10 17 20 29 44
45
1 4 25
23 24
43
5 11 15 35
29
35
42
24
5 7 15 32

5 15 16 36

34 38

5 15
4 42 46
41
3 36
9 13 47
47
5 21 28
5 15
48
1 5 15
5 15 44
2
5 13 15


7 38
12 40
5 15 19

32
43
20 30
41 43
6 40
5 8 15 46
22 35
11
30 37
30
14 27 30 39
0 45

6 10
0 34
4 23
0


0
5 9 10 15 37
23
5 13 15
20
5 15 47


28
9 45
5 15
5 15 20 47
4 17
1

0 23 35
8
9 16 26 31 46
30 33
3 18 39

1 5 6 8 15 39
37
14 34 44
19
6
7 16 43
2
5 15
26
36

0 12 41
48

5 15
23
24 42
27

2 28 49
11 38
17 22 24 46
28 39
12
22


0 22
22 28 40
5 48 49
12 23
30

6
24
30 42
2


3 16 46
1 5 7 12 15 18
3 15 28
6
8 37
17
21
8 31 44

5 12 15 26 28
46
16
5 15 44
40
5 15
11 18


15
20
6
27 41
44
31
2 36 37
14 48
0 10
10

5 15 16 20
8 12 20
5 29
24
23 40 49
35 44
2 10 36 43
5 25
26
24 41
40

16
9 21 43
1
4 34 42
8
48
1 37 46
8
12
26
17
39
10 17 18 40 45
2 6
24

21 27
18 31
8 49
0 33
38
3 16 35 37 46
20
30 41
40 45
5 13 15 22 49
12

48

19 34
40 41 43 44
40 45
34
1 12 39
29 45
5 15 23 35
5 15 41
0 19
5 15 20
40 45

5 7 11 12 15 16 24
23 30 42
36

40 45
10

6 25 36
5 15 41
15 24
27 40 45 47
3 30 36 40 45
17 28 38

48
6
5 7 15
9 12 14
21 40 45
10 19 32

29 40 42 45
40 45 47
12 26
6 7 40 45
0 5 16
14 16
20
48
5 15 16 48 49
43
5 15 37
5 15 24 39
4 40 45 48
8 22
27
40 42 45
19 45 47
40 45

36
19 32 38 40 45 47
10 22
29
49
14
28 29 36
2 13
7 32
1 11 14 18 29 33 40 45
3 13 27
5 15
16 21 25 33
5 9 15 48
4 16 33
10 27 29
5 15



5 15 20
31

23 48
43
18 40 45
29 40 44 45
2 38 40 45
5 15
3 10 37 40 45
40
21 46
5 11 15 25 35


5 6 10 15 32
4 34 40 45
7 9
8 18 33 39

3 16 40 45
11 35
5 15
22
38
33

0 40 45 47
14 25
1 16
40 45
5 15
40 41 45
8
15 20 29
36 37 43
5 15
20 26
24 30 37 39 46
18
11
36
5 15 17
9 21

5 15 22
33
14 43 45
22

12 22 26
12 37
0 17 32 41
2 36 48

7 28 48

0 40 45
5 15 34 47
16
5 19 20
30 40 45
5 15 22 49
5 32
14 40 45
5 15
18 35 40 45
21
17 19
15 16 25 37
5 15 38 47

24 40 45 48
5 15
16 40 45
3
40 45
5 15 26 37 46
46
33 47
34
6
3
21 38
26 47
2
3
40 45
15 39
20
23
5 15
1
18
34 37
5 15 34
19
24
0 40 45
4
45
36
5 12 23 24 31 46
32 38
1 6 21
35 40 41 49
1 29
15 16 38
5 15 19 22 41
28
4 8 9

3 49
25 40 45

5 15 27 38
39
5 15 33 46
5 15
31 40 45
40 45
19
38 40 45
1 5 15
2 3
40 45
5 15 17
9
30

5 8 15

13 18
29
15 40 45
22 36 39

12 18 33
26 33 40 45
13 38
5 9 13 15
49

5 15 19 28 37

0 1 5 14 15 40
37
5 15

25 40 45 49
47
1 5 23
37 49

22
25
38

18 34
17 34 45
16
5 7 8 15 26
18 27
15 40 45
3
10 14 40 45
5 15 16
43

27 35


0 5 15 41
20
22 23

27
5 15
11 29 32
40
18 40
13 19 30

17 20

5 8 15 32 39
5 15
5 11 15 19 47
2
5 15 37
4 14

0
30
24 38 46

21 40 45
5 15 16 39
40 45
23 40 45
5 15 21 35 47

2 43 46
5 15 39
40 45



40 45
5 14 15 26 40
15
5 15 19 34
20 31
43
38 40 45 48
5 15 26 27 36
9
3 9 34 40 45
20 43

30
14 15 31 40 45 49
25 37 49
37
37
4
10 27 33 40 45
13 29 30


22 33 38 49
34

40 45
40 45
25 30
11 23 38
10 36
40 45
20 29 40

5 15 24



1 40 45

25

21 34
47
23 49
5 15
5 15
25
3 5 15 32 47
19 40 45
1
5 13 23 32

30 34 49
11 31
26
5 15 23 29 35 42
5 15 31
19
23
5 15
5 7 15
24 29
5 6 32 40 45
36 47
5 14 15
1 5 15
45
1 5 7 15 22 25
5 15 19 31
28 42
31 34
21 40 45
13 15 16
5 14 15 26 30 35 43
33
5 12 15 33 35 45 47



11 20 40
4 5 15
12 43
5 14 15 23 31
18
23
14

5 15 24
5 15 27 29 44

40 45
16 43

16 37
5 11 15 46
41
17

5 15 35
5 15
40 45

5 15

0
2 9
40 42 45
40 45
24 40 45 46
5 11 15 21 31 41
5 9
13 22 28

40 45
42 48
17
6 20
22 41
3 36
18
5 15 16 25 48
5 15 25 43
5 15 34

44 47 49

1 5 15 40
5 15

9 46
3 4
5 16 32

5 15 20
34 40 43 45
22
5 15 20
3 5 14 34
39
28
13 14
40 45
24 26 34 37
5 10 15
5 15 19 49

7

9 42

10 27 41
14 17 40
15 44 47
5 20
5 15 35
24
48
7 9 32 40 45
40 45
2 29 40 45
27 30
11 20 24
10 40
36
14

33 38 40 45

19 30 40 45
12 13 47
46
5 15
13 19
11 24
40 45 48
17 40 45
23 49
17 22 26
2 5 7 15
16 30 46
7 10
7 27
2 42 45
40 44 45
16 27
4 21 24 32 40 45
37 40 45
12 36
8
3 11 26 39 47
5 15 24

5 15
5 12 15
12 20 40
42

3 28 40 45 49
15


5 15
26

3
49
26 30
13 15 43 44
31
9
34
35
40 45 47
31
18
1 5 15 24

5 15 42
5 15 31
15 19 29
18 22 31
0 16 17 40 45
5 15 31
40 45
19 40 45
21 22
25
5 15 34
5 15
3 8 40 45
0 3 11 12 13
11 18 41
17 48
6 23 24 26 37
23 39
24 44
34 44
4 31 40 42 45
19
40 45
9 18
5 15
5 14
5 15 45
35 40 43 45 48

30 45
5 15 27 41
40 44 45
0 14 26
9 14 31
1 27 28
25 34
21
37 46

5 15 40 41
4 31
14 41 42 45 47
24
5 10 15 27 30 39
5 6 8 12 15 16 28 42 49
21 30
14 19 31
34

5 15 30
1 8 11 26 40
21 22 40 41
3 25
16
40 45
3 38
1
18 19 23 40 45
20

13 24 36
28
5
5 15
23
39
16 49

10 13 21 42
27 44
3 20 38 40 45 49
10 41
5 13 15 27 31
6 9 42
4 11 26 29


16
3 5 10 15 49
23 25 49

14 17 25 33 48
5 15
5 36 49

5 15 25
8 33
47
40 41 45
26 29 38
3 14 30 40 45
5 15 21
5 13 15 29
33
40 46
40 45
21 27
5 15
5 15
3 25 40 45

5 13 15 28

31 40

3 6 13 34
40 45
5 15 25 37 46
10 40 45
31
12 21 40 45
8 40 45
10

2 5 11 13 15 21
36
2 22

21
3 5 24
2
7 26 30
23
6 12 40

40 45 47
2 7 23 45
13 20 39
6 45
23 27 40
18

40 45

32
20
6
9 40 45
5 15 40
14 19 34
17 19 23 40 43 45
1 16
4 28 39
13 16
10 24 40 45
4 5 15 29
4 10 28 40 45
5 15
26 35

8 16 21 22 30 48
4 5 15 16 19

40 45
33 35
7 43

0 5 27

2
40 45 46
16 29 36 40 45
10 40 45
2
15
2 40 45
22 40 44

25
17
6 40 45
5 15
5 15 18 41 49
1 13 36
12
23 35
8 18 19

40 48
0 5 42
40 45
41
23

28 31
27 45
10
17 23 35 41
21 26 40 45
7
42
7 40 45

3 8 48
21
0 6
26
9 10 15 17
40 45
9 45
2 30 40 45
21

5 6 15 42
12 20 24

18
26 40 45
5 38 42
4 6 38 39 42 44
40 43 46

23 30
12 42 43
5 15 18 41
24

42
5 15 24
1 10 24 25 40 45
19
15
45
42 49
3 24 35 37 40 45
44
2 7 21 24 34 42
42
21 40 44
21 23
33
12
37
7 36
32
40 45
5 15 34
22 43
7 35
23 37 43
5 15 36
9 33 47
34

5 41 46
1 5 19 36 38
0
20 22 47


3 40 45
32 41 42
5 15 19
32
27 34
40 45

29
49
19 40 45
19 25 34 39
5 15 29 33
5 15 32
5 6 12 15 46
23 39 43
0 3 5 15 22 34
5 15 16 32
6 36
12 16 25 40 45
49
39 48
34 40
23 35 40 45
35
5 15
11 40 45
8
5 15 31


37
5 15 39
5 9 18

38 48
25
4 17 24

37
14 40 45
2 10
35
29 41
13 40 45
37 40 45
40 45
49
10 40 45
40 45
17
20

4 38
5 15
34
0 19 28
5 15 37 43
5 8 15 23 39
4

16
22 36 40
29 32 41
1 40 45
11 17
5 15
15 38 40 45

5 15
6 11 35
0 10 15 17
1 40 45
21
3



7 24
20 37 40 45
5 15 26
4 17
11 32
29
12
12 34 40 45
17
24

7
8
5

0 25
16 25 45
7
40 45
7
11 26
17 30 36 46 48

9

5 9 15
5 15 17 22 26 44 47
10 26

13 14
20
13 23 31
10 21
5 15 40
5 6 15 39 45

29
17 29 47
5 15

34 40 45
8 23 40 45
27 29 47

3 9 14 31
8 18
39
1 5 15 34 44
4 12 46
8
1 9 45 49
1 35

1 23 40 45
38 40 45
5 15
1 10
14 26 30 40 45
5 15 34
0
8 42
1 22
18 40 45
5 15 45
20 32 43
5 15 25
25
2
5 15

1 8 40 45

0 18
5 15 25 43 47
5 7 15
2 24 40 45
3 31 49

6 40 45

1
1 13 37
21 40 45
30 34 44
14 29 36
24 45
4 13 29 48
7
30
18 40 45 47
4 40 47
30 35

29
39
40 45


5 15 34
30 35
40 41 44

10
49
5 15 21



3
11 46
1 7
5 15
7
40 45

22 31
14 29 40
5 12 15 38
18 46
5 7 40 45
14 44 46
21
26 47
38

8
5 15 41
22 36
12
40 45 46
39
5 13 15 31 43
5 15 31 33

5 15 39 46
40 45
7
16 31 39
41
9 18 23
5 40
1 31
19 35 43
11 23 40 45


40 45
5 15 43
1
2 5 15 48
4 8 24
12
29
19
33
25 45
43
16
1 7 12 17 32 37
5 15 40
7 17
10 40 45
40 45
13

40 45
11 13 22 33
15 20
41
34 40 45 49
32
17 29 35

40 45
31 40 45
5 15
44 46
12 25
21 40 45
16 18 19

26 34
5 15 33 49
11 37
31 41
35 48
0
5 15
5 8
38
35
4 5 6 15
33 46
3 5 15 18 27
1 34 40 45

40 45

36
5 15 30
24 32 36
5 15 32 47
15 18 29
49
40 45 48
0 40 45
5
26 36
17 40 45
5 15
40 45
3 38 40 45
9 14 31
40 45
1 5 15 31
15 29
5 15 27 28
5 15
48

29 40 45 47
17 40 45
30 47
6 21 32
40 45
13
23
5 15
46
0 20 29 40
40 45
5 16 40 45 49
18
26 29 43
40 45
40 45
5 15 18 26

16 24
8 33 37 41
32 40 45
33
0 29 32 37
0 32 39
3 40 41 45



24 28
19 43
25

30

40
17 40 45
44 48
40 45
11 19 49
20
18 23
11 36
18 31 38
5 15 40
0 6

43
1
19
1 18 23 40 45

12 28
42
8 34 37 40 45
3 43
5 8
5
0 16 27
9 29
31 40 45
40 45
31 40 45 47
3 48
5 45
22 25 42
13 19 39 40 45 49
24 34 39

3 16 24 43 44
29 30 32 36


5 15 41 49
5 15
36

1 30 31 36 39

48
17
5 15 41 43
5 15
1 21


24
16
2 5 13 15
15
29 32 40 45
8 27
0
7 19 38
1
25 40 45 48
33
10
26 40 45
5 15
16
5 13
36 40 45
15
28 40 45
47
5 15 28
24 45
14

20
40 43 45
1 9 10 30

5 7 15

10 21 24 40
40 42 45
40 45
5 15
42 46
4 45

35
7 16 48
40 45


5 15
4 38 40 45
1
5 15 43
5 15 18 45
40 45
20 37 49
23
35
2 44
7 40
4 7 18 22 40
19 28 29
5 15
13 40 45
0 5 7 8 15
9 40 45
3 14 40
40 45
1 4
44
23 41
13 17 22 23
25
38 40
5 15
3 5 15 36
20 31
0 5 15
34 46
33 40 48
5 15 20 32 36
39 40 45
5 15 35 36

5 15 35
27 40 45
5 15 29

22 40 45

3 8 10 40 45
5 15 23 27
40 45 47
5 15
2 19 36
40 45
8 19 23 45
27
5 6 15 20
9 12
18 32
27
14 42 47
6
40 45

12


37
4 11 25 34
29
13
5 15 20

18 27
7 12 40 45
15 36 40 43 45
26 31 43
6 10 39
18 23
25 42
5 15
0 8 10 35
14
5 15 18
33
40 45
0 33 40 45
10 15 40 45
41
15 32
36
1 27
1

5
9 11 46
43

5 15
5 10 15 46
0 19
11

15 31 40 45 47
17

5 15

5
32
23
5 7 20 34 45
5 27 40 45
0 23
6 40 45
40 45
28 40 45

11 32 47
13
17 27
13 48
5 15

5 10 15 42
4 6 40 45
29 40 44 45
34
5 29
12 32
3 5 15 30
26

5 15
40 45

12 32
29 35 40 45
5 16 34
26 31
46
40 45
4 5 15 42

4 33 38


5 6 15 31
11

40 45
23
4 13 14 27
22 23 40 45 46 48
3 40 45
5 15 33
5 15 18

0 7 16 20

30 40 45
16 24
5 15
0 10
14
0 39 40 45
5 15 21 32
45
40 43 45
32 43
6
16 21 40 42 45 47
45
5 15 17 45
0 21 25 26 47
31
17 20 28
5 15 40
5 8 15 28
12 47
5 15 44
5 8 20 31 49
25 47
42
5 15 31 39

5 15 34


38
19 40 45 46
0 37 41

45 48
21 49
49
16
22 32
40 45
18 40 43 45
43
15
32
14
2
44
33 44
28 40 45
39
17
0 9 19
25 36 40 45
25
44

3 40 45

12 40 45

1 2 27 30

17 41
43

21 32 44
31

17 31
32 43

1 29 40 45
22 34 45
30 40 45
7 40 41 45
39
6 25
28 40 45

19
40 45
33
22 36 40 45
30 37 40 45
9
40 45
30
15 39
15 36 40 45
3 15 47

44
32
32 49
20
25 42
30


2 5 15 31

40 45
6 40 45
21 35 38
24
16 26 42
34 35
1 35
18 40
19 40 45
7

7
5 15 31
42 46
37 40 45
5 11 15
27 35 40 45 46
11 31 40 45
5 15
26
1 5 15 40 48
9 12 21 25
28 40 43 45 48
40 45
26 32 35

40 45
13 40 45
6 20 41
19 26 28 39
12 13 20
40
5 34
25

22
16
28 31
5 15 39
36 40 45 46

5 15 36
5 40 44 45
15 34 40 45
5 15 18 45
12
1
11 22 31
4 24 40 45
5 15 19 20
5 7 15
32 40 45
0

33
32 39 44
7 12 46
36
3 5 15 41
17 40
4 30
37
8 21 40 45

5 14 15
23 28 40 45
5 12 15
9 11 14 16
23
26 32 37 40 45
5 15
39 40 45
25
5 12 15
16 30 44 49
40
37


48
5 12 15
40 45
36 39
0 5 15 19 39 42
25 35
12 38
28
13 27 36
8 9 34 37

28
12
24
42

41
1 5 15
19 34 40 45
19 37
31
21 27
4 30 48
5 35 37

23 46
2 5 15
29
2 10
6
32 38 42
16 41
40 45 47
5 12 15 24
47
22
10 35
40 45
5 15
2 23
31 40
28 36
1 16

22
17
4 9 31 45 49
19 44


5 15 19 24 47
37 42
37 40 45
24
5 9 16 29 33
10 39 40 41 45
25 34




0 5 14
5 15
43
18
33
16 43 46
40 41 44 45

22 40 45
17 40 45
40 45 49
5 15
40 45
17
5 15 17 30
0 5 37 46
30 40 45
5 15 25
12 21
5 15 24 32
39

40 45
26 34
5 15 30
26


1 5 15 32 37
37
5 15
4
7
39 43

0 23
5 15 19
18 40 44 45
19
5 15
2 45
19 46
37
23
9
14 25

0 5 15 30 31
49
14 25

8 16
0 13 40 45

17 37
5 8 15 35 36 40
7 37
3 13 26 40 45
1 38
4 44 47
6 21 28
11 30
36
3 40 41 45
22
2
10 28
40 45

15 27
5 15

45
40 45
0 40 45
5 15 16
7 27
19
40 45
17 40 45
15
34
1 35
40 45

5 15 21 22
5 18 22 41
5 15
29

40 45
34 38
3 31
22


5 15 35

27 44
13 39
19 46
15 39

2 5 15 32
33 40 45

5 14 15 31

44
13 42 43
5 15 27 28
3 28
18 28
32
36 43 44
44
13

24 30 32
40 45
22 28
13 17
35


39
38 40 45
16
23 27 40 41 45 49
40 45 47
8 19 29 31
12 16 20
1 7 40 45
35

16
5
44 47

5 15 26
34
7 28 31
1
49

16 31
27

40
24 27 40 45
22 41
5 44 49
13
17 40
31 32

16 48
40 45
2 5 7 10 15 34
5 9 15 43
4 26 29 39
40 45 46
23 27 40 45
7 9 11 27

4
16
3 40
2 31
40 45

34 48
47
0 6 29
2 27
5 7 15 33
30
41
5 17 26 34
5 15
38
15 21 27 47
10 46
35 37
17 36
39
29 42
37
1 8
1 20 40 45
35 38 40 45
21 40 45
18

30 31

41
5 15
36
0 40 45

18
40 45
9
22
2 5 15 47
28
8
18 21
5 8 15 26
19 37
40 45
5 8 15 16 33 49
16
5 15 41
3 4 21 27 30

41
5 15 42 43


26 27
26 40 45
40 45
36 40 45
10 41
24 34 40 45

4 5 15 38
45
1 44
10
33
4 6 21

5 15 27 28
13 27 40 45

7 40 45 47
3
2
49
5 9 10 14 15 48
29 35 37
0 4 17 43
8 24 46
6 44
26
40 45 46
20 33
32
5 15 43



28 47
40 45

5 15 31 34
4 31 37
0 32 39
1 18 25
40 45
0 40
17 26 37
5 15 36
31
25 29
40
11 40 45
15
40 45
40 45
22 40 42 45
49
40 45
15 40 45
16

24 47

40 45


40 45
11 14 35
40 44 45 48
3 43 45
12
31 37
12 43
5 15 23

15 21 42
17 35
19 27 37
20 37
8 19
39 40 45 46 47
0 9 24 35 40 45
5 13 15 20 33 44
34
40 45
48
10
5 15 42
2 36
37
7 34
5 15 20
24 26
45
5 15

4
38

5 15 39
39
4 26 37 40 45 47
5 15 40
40 45 48
21 39
44
10 36
0 36
3
39
18 30
29
29 37
6
30
6 8 34
5 15
8 49
20
8 16 40
11 28 40 45
5 9 15 36

23

26 40 41 45
48
0 8 18 20 25
45
40 45
28
31
5 15 23 31
44


17
5 15

5
7
24
23 49
47 49
40 45
9 10
20 34
40 45
40 45
5 15 36

39
13 47

13 36

17 20
16 38
10 34 41 42 43
13 47
28 36 37 39 40 41 45 46
15
5 15
10 31 35 38
16 22

11 14

5 15
9 40 41 45
38 40 45
40 45
49
31
10
21
26 38 48
40 45
0 5 15 20
13
26 40 45
8
10 16 35
12 40 45
5 7 15 27 38

3 5 8 15 27
2
17 28
4 5 15 27
1 2 23
40 45
40 43 45
34 40 45
48
6 35
40 45
15
20 29 38
0 29 40 45
5 15 26 34
42

1 5 9 15
16 47 48
12
2 25 28 37 40 45
25 40 42 45
2 5 15 22
30 35 38
5 15
5 15 20 31 39

40
1 5 15
24
3 49
5 15 19 25
2 48


6 13
2 40 43 45

4 18 29
18

17 41
10 17
22
34
5 15 31 37
9 44 45 48
6 20 22 34
29 31
2 13

46
18 29 38
33 34
5 15 45
36 43
4 14
5 12 15

19 21


5 15 18 27
9
5 15 27 36 42
40 45
18 37
7 12 40 45
0 5 15 46
40 41 45
15 27
40 41 45
13
5 15 30
9 11 22
41
31 47

41 46

8 27
22 27 45
26 34 47
5 6 10 15 36

2 3 4 5 15 49
2 37
5 10 15 38
6 26
25 27 40 45
5 15
17
21
5 15 20
16
14 29 41

3 40 45
17
37
42
18
41
25 26 35 37
36 40 45
0 33 34
7 40 45
39 40 45

4 10 29 36
15 18 45

27
46
20
11
9
5 15


8 35 40 45
21 25 35
3 13 16
12 13 43
40 45

5
23
5
5 12 22
40 45
5 15 35
23 49
17 42
12 19 27 49
0 5 15 28 39
29 31 36
5 15 32
3 26 41
46

5 15
17 43

6 26 35 40 45
24
40 45 47
33 40 45
4 22 25 43
4 5 7 15

4 43
17 33 40 45
42
5 15
19
5 15 24 47
31 40
27 42
47

36
5 15
6 31 36 40 45
20 33
9 34
27 30
49
38
0 15
21 32 42
9 40 45
17
15 40 45 47


40 45
5 15 28
7
5 15


29 33
40 43 45
36 43

15 35 40 45
8
25 33 49
13
1 5 15 17
14 16
1 2 5 15 16 18 20
12 40 45
21 46
35
12 17 38 40 45
6 42
23
17 24 27 44
13
40 45
9
48
8 48
5 8 15 24 42
10
15 23 28
30
1 17 27 48
29 34
14 15 21 37 48
9
11
1 5 15 37 39

9
5 15 32 36 44
5 11 30 40 45

4 29
5 15
21
5 15 28 47 49
5 15 18
5 6 15 24 45
2 14 40 45
39
28
20 40 45

5 10 11 15
17 26 48
5 15
19 40 45
45
3 23 24 36 40 45
23 37
3 23 42
13 17 29
11 31 39 41
18
36
40 45
20 31 40 43 45
28
5 15 25 34
0 4 19 28
32 40 45

11 26 31
21 22
21
5 15 27
18
12
6 8
28 49
9 16 31 36
3
25 40 45

14 17
19 25 31

23 33


23

6
19 23 47
2 18

3 5 15 21 31
35 43
2 40 45
48
34 40 45
12 19 21 25
0 15 33 40 45
16 19 40 44
5 15
11
21 37 45

11
32 40 45
1
6 17 35
2
1 32 40 45

21 40 45
5 15
36 37

34 40 45
9 18 22 46
8 32 40 45
38 40
1 40 45
20


3 36
30 34
29
26
0 4
5 15


5 15 24 26
1 5 11 13 15

38 40 45


19 35
16 22
24
23 25 49
8 22 40
11 31 39
3 17 32 38 43
5 15 28
25 44

25 40 45
34
0 5 15 23 40
24 25 38

2 4 6 39
15 31 40 42 45

40 45
12 19 34
24 38 40 45
21
18 23 40 45
1
19 29
10 27 47
25 40 45 49
10 21
46

5 13 15

21
40 45
35 43
14 25 37 47
40 45
30
40 45
7 40 45
3 5 6 15 24
23 35
34 47
5 10 15 26 27 29
35
5 15 48

43
45
48
9 46
7 14 31
11 46
11 34
49
4 40 45

4
10 40 45
16 30 32

8 10 38
46
5 15 44
5 15 19

5 15 24 38
5 15 47
34
1 5 15
0 11 38
1 13 26 39 44
5 15 29
5 15 19 29
11 29 48
0 11
40 45
1 40 45
9 35 39
16 32 35 47
40 45
4 8 14 40 45 47
26 37 40 45
49

38 40 45
16 40 45
21
20 26 31 32
5 15 41
8 44 46
38
5 14 15 26
38 42 44
15
5 15
49
24 40 45
40 42 45
17 29 37 38
2
7 18 20 40 45 47
40 45
5 15 20 28
2 8 40 45
7 38 40 45
2
5 15 29
45
12 14
0 40
18 21
3
5 15
22
33
5 15
23 24 40 45
26 40 45
29
27
24 40 45 46
40 45 48
5 7 15 31
18 19
20 27 41 44
5 15
18
5 15 23 28
41
44
45
37 42
15 26
5 15 42
5 11 15 17 27
31
2
8
8 40 45
31 41
15 16

40 45
47
16


17
38
40 41 45
40 42 45
34 40
27
15 23
9
8 34 42

13 20 27 42
20
34
14
38
49
5 29 30 35 45

15 40 45 48
5 10 15 46
10 12
29 32 40 45
5 15 24 27
5 15 41
40 45 48 49
11 40 45

3 46 49
15 18
12
31 36

5 11 15
5 15

10 29 36 40 45 46 49
31
7 40 45 49
47
4 5 13 15 24
22
5 14 34
17 40 45
27
7
26 41
43 47

42
5 15 21
11 18 34 40 45
38
14 28
5 15 19 23
1 5 14 15

14

8 34 44 45


8
47
44 48
0 2 9 37 45 48

29
26
11 40 45 49


20
18 20 27 39
0 20 40 45
17
25 32
32
2 35
10 16
9 40 45 48
40 45
16
17
25 40 45
5 15 39
9 40 45
12 21 38 40 41 45
6 8 28 47


4 16 44
29 42
5 15 26 35 38
44
21 42


32 34
40 45
40 45
5 15 35 37 46
12 40 45
5 9 10 26 32 43
46
26 38
5 11 13 15


35 40 45
20 47 48
3 5 12 15

18
5 15 45

8 24 44 45

18 45
5 15 39
3 5 29 34
22
40 45
19 28 31
34
41 48
43 46
6 11 40 45

0 32 49
40 45
12 22 41
2 5 15
15 39
14 22
41
16 42
9 41
9
7 43 48
11 15
32 40
8 26 36 48
5 12 15 45
10 18
35 36 43
42

9 12 14

42
2 48
5 15 47
32 46

40 45 48
7 36 41 44
1 43

17 24

20

11 25 29 45
33
2 5 15 39
38
0 7 29 46
3 5 25 30 46
2 27 30
15 21
45
4 10 35
40 43 45
48
5 31
37 40 45
40 45
40 45
40 45
30
0 5 7 15 41

46
14 19
9 40 45

25
8 11 15
5 12 15 49
12 16
6
20 36
40 45
25
31

37 40 41
12 14
4 10 20 40 45
2 10 36
7 43
5 15 48
5 27 40 45
21 28
0 29 40 45
20
4 9 40 45
18 38
45
41


23
21 33 48
39

0 12 16 38
37
6 7 40 45
18 28
5 8

37
27 28 42
5
36
8 29 35
34 41
2 3
5 15
30 46 49
30

14

45
5 6 13 15 40 48 49
3 12 16 32 48
5 10 15
2
47
21

5 15
19 21 28 43
9 32 42
6 16 40 45
3 29 43
40
5 15
19 35

22 40 45
0 5 11 15
12
22
21 31
5 15 20 42 45
33
16 49
5 15 46
22 46

4 18 19 32
0 3 5 15
28
48
12 36
17
18
5 15 30
5 15 19
16 37
29 34 40 45 47
20 25

0 43
0

19 33
19

5 8 15
5 14 15
5 12 15 40
6 40 45

21 31 45
1 5 15
2 16
5 14 15
3 5 11 15 21 45
21
5 12 15 31
34 39 40 45
5 15
31 32 40 45
28 44
5 15 36
26
29 30
17 40 45
24
12 35
33 47
40
4 15 39 45

48
41
1 46
5 13 15 16 46



6 39 43
4 5 15

40 44 45 47

33
29
40 45

5 12 15
11 25 43
3 5 15
40 45

2 48
35 40 45
23 27 30

28 40 45
7 24

7 40

35 37
5 15 43

5 6
39 42 44
10 24
14 22
48


3 24
12 26
8 19 35
13 30 34

28 40 45

15
38
40 45
1 24 37
2
40 45

8 14 24 44
3 40 45 46
0 9
5 13 15 25 47

2 16
26


12 38


8

20 24
42


5 15 30 40
0
5 15
9 41 44

40 45
33 42
40 45

34
5 9 15 22 39
13 46
15 25
22 26 28 36
0 17 40 47
6 29 33 42
0
10 39


34

20 40 45
43

5 15 20 44
27
16 23 36 40 45
22
5 15 27


5 15 30 38 45

35 40 45
23 35
0 5 15 21
10
6 10 23 28 45
7 15 46
36
39
5 15
19 40

27 45
24
10 14
49
2 4 40
1 12 15 26 37
17 30 38 40 45
33 41

4 5 12 15 46

0 20 33 40 45
3 24 46
11 19 44
5 7 15 29
20 46
24 46
19 21
5 15 24 41
0
7 40 45
0 22 41
11 27
2
13 18 19 44 45
0
21 23 40 45
20

31 40
2 47
18 35
5 15 16 45 49

40 45

37 45
2 18 33 40 45
12 15 17

1 6 38 40 45 46
40 45
12
45
43
15
26 37 40 45
29
2 9 25 48
44 45
21 46
40 45 46
6 48
7 40 45
45
5 15 20 45
38 40 42 45
5 15 21
4 23 38
26 27 40 45
15



5 7 10 15 22
5 20
47
16 21 30
0 2 32
0 48
2

12 20 40 45
5 15
15 40 45
13
45 47 49
8 10 32 38 48
1 22 47
38
21 22 49
30
29
22 41 43
3 22
5 15 25 31 47
36 48
3 26

4 23
25 42


7 22

12 40 45
7 9
35

3 21

40 45
7 15
45
40 45
24 29 40 44
35 39 42
4 6
5 14 15

14 25 31
7 14 44
5 15 19 30 37 42
19 21 43 48
37
16 46
12
27 37 44
39

19 39 41

22
15
18 34
9
21
18 42 49
17 46

21 44
1 47
5 9 15 22
6 14 40 45
18 31 38 49
3 8 41
1 24
7 11 18 40 45
0 5 15
7 14 15 26 49
26 40 45
2 8 40 42 45 47 49
36 40 45
10
5 10 15
15 38 49
0 15
12 17 47

6 14 15
22 40 45
7 44
22 37
9
0 21 36
5 15
31
20 32 48


15 47


19 23 34
42
1 19 40 45
40 45
5 14 15
40 45 49
15
5 15 42
1 5 6 15 17 25 32

19 27
5 15 31
5 10 15 39 48
11 34 49
5 15

5 15 22 39
5 8 15
40 45 46
9 16 46
5 12 15 46
40 45
5 15 16
47

22


1 34 35 40 45
5 14 40 45
3 14 20 40 42 45
45
48
22 29
26 28 40 42 44 45

5 15 28
8 11 30 40 45
6 40 45
5 15 19
38 44
22 27 40 45

34


5 15 27
5 43
18 25 34 47

4
5 15
16 39
26
10 46
40
31
46
28 40 45
7 22 35
19 40 45
5 15 16 29
12 40 45
4 5 15 31
14 31
10
17 20 24
19 28 40 45
5 15 28

5 15 29
1 13 22
19 25 40 43 45
10 33 37
5 15
6

27 40 45
37 40 45
32
4
40
5 9 15 43
40



28
5 8 15 19

3 11 13
3 30 42

33 40 45
20 24
19 24 40 45 48
39
5 27 40 42 45
43
5 15
36 38 40 45
4 16 30 33 42 48

16 30 46
28
21 31 41
5 15 40
16 29 33
25 27
10 40 45

2 5 35
1 30 32
39 40 45 49

19 21 27 28 41
37
5 15
22 46
17 40 45
5 15 19 44
48
10 23 44
5 32
14 28 43
27
0 49
0 12
8
5 15 18 22
1 5 7 15
6 32
24 36
1
38
18 30
27 40 45
0
23
20
5 15 37
10 19
4
36
2 3 7 12
5 8 15
5 6 8 15 40 49
46
2 14 21 37
4 9 13 15 22
40 45
18
13 14 25 40 45
22
8 10
30 44
40 45
40 45

48
32
2
12 42
6 30
40 42 45
5 15 25
7
26 32 34 40 45
11 22
9 37 39
22 44 49
11 21 40 45
3 5 15

44
29 37
3 21 38
12 40 45
5 10 16
9
35 40 45 48
8
7 32
41
5 15
8 13
5 15

31 41
8 18
9 23
26
38
13 25 40 45
8

13 16 38
6
20 44


40 42 45
32 46
37 45
9 20 30
40 45
7 40 45
33
10 18 46
37
45
20 24 33 34
6 13 40 45 46
0 22 33 34
21 33 38

43
19 42



21 32
5 15 19
19

0 3 18 29 31 34 40 45
23 40 45
0 35 45
14 32
3 40 45
39
5 15 26

23
40 45
6
22 40 45
40 45
5
6 46
21 31 36 37
8 16 40 45
5 15 23

34
6
29

35

14 19
5 15 32 35 42
1 5 15
28 29
1 18 30 33 39 49
2 32
30 35
3 42
0 40 45
21

7 11 18 40 45
8 17 24 27
46
26
18 23 36
21
6 40 45
14 29
8 14 16 30
14
40 45
40 45
5 18 45

46
15 42

5 15 41

5 15
23 31


13 16 40 45 49
6 15 22 40 45 49
5 39 40 45 46
7 14 39 40 45
5 15
21
16
5 15 22 41
5 15 34 36 44 48
33
5 15 39
30 39
24


7 35 40 45
30 31
13 40 41 45
5 15 45
21 23 40 45
16 40 45
5 15 26
21


9 13 34 46

16 18 29
5 12 15 34
13
8 40 45
0 5 15 31


37 42

9 25 40 45
0 11
10 24
35 48
0 2 6 11 20 33
12 34

5 6 15
4 48
5 6 13 15


40 45


5 15
2 14
20 40 45
41
22
30
16 18

44 45
17 26
10
10 40 45 46
10 48
0 40 45
27
1 35 38 40 45
1 32 49
0 23 32 33 37 41
0 5 15 36
29
22 23 28 34
12 15
5 14 15 48
40 45
48
13 26 30 40 45
5 15

40 45
32
19
49

46
40 43 45
8 27 30
15 40 45

5 12 15 20 23
40 45
8
28
1 40 45
19 40 45
13 22
22 26

22
5 16
5 15
16
4 41
40 45
22
5 15

5 15 48
18
19 40 45
18 40 45
5 15 25
32 34
5 15 21 24 27 28 42
6
35 40 45 47
2 5 15 25 34 49
37
25
5 40 45

9 16 24 40 45

4 22 37

15 40 45
0 5 13 15
0 42
2 39 40 45
1 33
27 37
12 18
5 15 35
41 47
32 36
4 14
5

18
35
2 6 12 17 23
40 45
35
1 6 17 44
15 21 33 40 45
21
5 15 18 42
19 25 35 36
8 9 21 23 29
2 13
0

21


10 31
5 15 31 35
49
2 22 40 45 47
5 10 15
5
17 36


35
48
30 34
40 45
21
5 14 15
20
36
13 40 45
0 5 6 11 15 30 41 48
6 10 36
17 40 45
14 27 40 45
15

33
7 24 40 45
17
12 28
2 10 23 28 40 45
14 19 47

3 5 15 20 45 46 49
6 18 40 45 49
40 45 48
2 14 20 40 45
6

6
5 15
40 45

40 45
10 12 32
8 14
5 15 24

38
5 15

0 5 6 15 27 38
5 15 25
2
5 15 44
15
5 15 19 37 49
5 15 22 25 34 41
7
5 8 15 48 49
5 15
40 45
44
42 44
31
1 3 5 6 15 21 29
5 15
5 15
5 6 10 15 35
19 39 40 45
5 9 15 19 45
40 45
42


24 37
41
4 29
25 43 44
5 11 15 44
29 30
5 15 36
20
39
19

40 43 45 47
36
5 13 15
5 15 21
1
36
29 40 45
31
42
5 15 41
20 31
5 15
5 15 40 41


5 15 44

8 26
10 27 32
32
32 38
12 38
2 26
6 23 26 40 45
24 36 37 40 43 45
5 7 15 18 29
9
35 49
45
24 33
16
25 41

20
1 5 9 15
25



14 27 40

1 30 31
5 42

0 24 45
8
26 31
41
45
3 20
35
10 21 28
2 28
8
44
14 18 46
35 43
20 33 42
44
5 15
6 30 34
0 5 15
5 15 45
5 15
15 33 48

25
5 15 35
9 12 15 22
33 41
21 27 46
5 15 19 25 42
26
15 29


44

18 19 23 32 39

25 28 39
33
30 44
3 19 27 48
3
9 48

5 15
5 15
5 15
31 37
6
18 20 46
5 14 15
5 15 30 46

5 15 20
4 14 17 36

35 37 40


21 26
5 15
8 16 31 37 49
5 15 43

13
11 23
19

6 28 36 43
24 44

11 23 37

2
41
30 37
33
2 43
5 15 25 36 43
16 41

36



2 6 19 35

28

47
5 10 15 17 22 29 47 49
30
47
5 6 15 37
2
24


5 17 34
19 21 31 40
31 38 40
5 7 15
5 15 46
21 46

5 15
18 46
0 2 7 32 35 40
14 22 24 37 40

27 36

5 8 15 18
2
25 42
5 15 39
43
38

34
47
45
10 47
18 49
5 15 23
22 29

5 15 39
5 14 15 41 46
6 21 43
14 38
5 15 30 37
49
4 7 10 23 38
31 47
3
24
47
41
22 28
27 30

45
11 13
10 16 21 24 48
10
35 46
4 30
5 35
1 30 42

5 33 38
14
7 9 14


11 37 47
3 20 47
8 20 21 25
20 30 32
6
43


1 36 38 43
32
3 38
5 15 47
10 43
5 15

20
22
31 32 40
20 32 43
40


8 37
18 20 40
5 8 15
29 35 41
18 46
42
39
45
30 33

36

10

1
8
38

42 46
7 24 33 46
24 43


9 30 41
0
39 46
1
42
28
1 26



3
3 6
8 29 35

8
5
7 30
37
14 32 43 48
7 22
34 36 45
1 4 5 8 35
3 8 33

27

19 44
31 36
5 6 18 47
48
12 42 43
28
5 10
10
30
5
36
0

16
6 17 48
7 13 31 40
8 20 36
0 6
4 16 43 49
4 8 9
1
40 45
1 36 39
29
12
5 36
11 14 33

3 5 44 48
10 11 31 36
24
20
2 29
6 25 27 44
43

27
38
0 36
12
13 19
8 23 48
12 44


39
24
11 29
32
33
7 20 25

18 20 29
21 28
20 33 40
3 6 19 42
35
3 14 24 45 49
3 7 9
30
44 48

44 47
18 49
34


48
18 21 25 47
10
25 34 47
13 21
26
17
28 33 35 38 41 45
24 25 28 33 36
45
19 36
40 47
15 33
5 20

33
31
27 31
29 44
15 17
9 40
9
7 44
1
13
26
12 37
5 32 45

0
44
22 34
48

19 24
17 20 44

3 44

41


18 44
11 23 27

6
1 3
1
7 26 38 43
18 35

9 18
46
38
0 39


25
19
8



39
41 47

5
23 34

30

0

5 8 35 49
49
5 27
3 4

1 28 29 31 32


2
3

20
18 48
1 21
17
47

40
1 47
5 23

7 35
25
8 19 26

18 20 30 47

23 48

4 47
3 25

26 29
2 8
11 13
8 14 45
33 45
35 42



39
14 15
3 6 14 48
9 14 26 38

21
1 38
18 29 35
4 25


8 22

22
36
24
26
41
10
5 18
23
19 26 27
21
2 45

11 38 39
17 32 33
7 18 24 45 48

12 31
20

14

14 28
10
6 10
45
0 29 32 37
39
21 46
30
33
4 19 27 45
4 10 44
42
14
12
7 17
27 48

5 13
32 40
3 4

11 40 44
33 49
18
44
34
31

6
8
2 22
27
31 47
46 47
11 14 32 34
7 42
46
0 1 4 23 24 47
6
43
0 44
18
4 8 29 36
0 9 42
7 12

17
5 27 30 45 48
19 29
11


9 15 49
0 44
5 10 43
5 44 48


3 45
45
39
7 44

1 4 40
1 8 43


5 34 40 44
14 26 46

1
12 43
18
21

19 33
18 45
13 44 47
2 13 28 39

11
47
27 40 46
1 24



41

19
40
0 15 41 47
1 36
8 21
16 18

33 44
7 15 26 35
36 40
9 15
5 26 37

44
46
27
8 22 31

29
8 33
38




2 11
0 1 37 47
5 20 25
43
13 16
6 46
5 31
4 5 21 33
21

10
44 45
49
11 20 28 29 33 38
46 49
32
10 36

6
28
11 23

41
32
6
38
20 47
6
30 32 47
14
1
13 23 42
11
27
28
30
8 40
41
13 27


32
26
42 44
10 15 19 29

29 37


0 33
7 8 26 47

32

30 42 45
3
15 23
5 35

19 31 32
5 35 42
5 6 15

7 27

6 23
41

16 39 48
33
31 32

26 33


35
20 26 46
43
3 46


26
30



2 46 48
10 17
25
16
8
0 32
7 36 38
5
29
15 33 35
2
12 17
8 10 22 37
23 29 31 33 43

14 20

14
7
0 4
49
32

3 13 15
40
21
18
11 17 33
41
33
19 42
10 18

11
21
27


15
15
21 26 31 43
36 40
40
34
16 23
31
12
1
5


7
22 44 47
12 30
28
4 34
3 18 37
44
20 42 46
42
22

25

1 45 47
24 33
17 19

17

8 18 47 49
5
3 31 32 40 48

10 49

7 48 49
42
15 18


1 32 49


27 41
8
9 21
12
4 5 8 12 13 35 36
13 29
19 39
17 21 40


44
19 21
5 11
9
3 14 30 48
1
18 39 40 48
35
2
34

2 11
0
46

19 47
19
9 18 34

39
40 44
7 35


19 21 26 29 36
10 23
10
41 46
32
5 35
18
28

9 18

12 15
9 48
21
25 47
25
11
5 6
7 14
1 5 16 47
26

27 41

27 36 38
40 44
13 42 46
29 35
12
1 33 40 48
31 41
21
1 20 21 31
22 27
29 31

2 7 37
35
46

19 25 30
5
10 20

4 27

14 36 45
25
26
9 29
32 44
21
12 25 32 37
37 42

8
1 40
37
34

20 27
32


17
27 35
23 28
22
17
4 43
22
41
15 36


12 20 25 27 49



3 30
8 39 46
1 4 6
5 15

1 2
1 16 40
31 39 46
8 25
30 38
30 36
6

40
2 39
43
3
47 48
0 47
8
36
25 46 48
8
25 29 35 43
16
23 35
33
7 28
22 40
21 23 31
15
3 30 48
18 24 26 30

0
19
32
37
43
15
8 40 45
30 32

18 23
30 46
3
39

18 31


32

36
16 19
25 47
5 34
20
35 48
15 34
21
0
44

12 45
11 24
37
35 45
21 25


8 31
35
0
4 21
20 36 37

0
1 31 42
4 23
11 14 16
3 9

16 22

28 45

38
0 17
33 45
9 30 34
43

6 15 35

18
24

1 8
26
23
26 35
3 32 46
12 21 22
13 30 34 47
46
3 19
29 43 49
49
2 12
13 19
13 31 42
40
25

8

10 15 37

21 26 33
45
42 47
3 9
16
42
12 19 33
46
1 20

13 17 48
35

11
21 22
6 23
0 10 22
9 34
48
11 13
15 44
0 22

3 19
10 36
38
15
28 29 47 48
4 26 43
45
11 22 35
2 31
14 36

15
22
1

35
6
3
10 25 46
1 17 29
28
31
26
20

7 17
12 28 36
35 45
19 32
13
0 2 31
2 6 15 23
0 27
36 42
27

1
5 7
19 45
42
15
6
18 36 45
2 23 42
40
7 19 25
48

2

34

36
46

3 34
2
41
14
14
29 33
20 25 34
44
32
4 8 19
9 12
39
6
5

32 46
24


21 40 43
10 15

18 44
8 9
2 5 37 48
6
9 48
30

14 30
21
6
23
12 36

22
16
2 14
21 27
3 38
45
5 19
0 2 28

26 32 38

45
5 24 30
4 21 40
7 39 42
9 16


5 21 36

8
27
16 46
33
12 13 28
0 21 44 48
0 20 33 42
35 36 48
34 42
6 24 26 44

43 44

34
31
49

5 19 43
0 2
7 9
20 24 25 34
6 31
2 23 44
29
7 34 43 49
40

42
45
1 15 20 24 31
40 44 46
20 43
3 11 13 27 35 47
1




24 37 49

6
36

6 32
30 46 49
14 15 30 31 32





28
25 43
12 42

30
37

2 48
6 7 46
33
3 11
2

11 14 48

39
5
4 5 28 48

31 35
8
13 21
2 11

2
18
13 25 44

12 20
32
0 26 32
39 40
15

28 47
23 47 48
42
17
4 31
1 19 30 36
33 36 40

4 27 29

39 47

1
6 19 32 35
23 32 35 37
7 46
0 11 29
11 30
2 34
29 45


13 46
7
26 32 36

6 21 22 47
16 42
44
22 47
42
8 30 38
2 8

28
48
3 8 43
17
23 34
0 12
12 18
1 10
6 30

7

4
12 32
14 15 42
2 5 12 18 22
4
8
41
9 36 43
22 39 40 41

12
3 16 26 30 42 45
3
30







45
26 40
38 44 45
3 7 30 40
13 23 27
13 27 44
23 32
6


3 27
26 46
32 46
23 35 38

15
2 8 29 48

14
8 10 27 33 43
2
16

11 15 23
40
11 26 42 44
33

2 17 36 40 44
17 46

38

4 45
29 46
47
11
39
44
9 33 38 46
17 24 43
10
32 37 44

47
20 43
47
2 30 43
25 37
29
31 37 40 41
48
2 34 43 45
19
6 18
15 22
37
24
11 20 49
22
24 30 32


27 39 43
30
11
9 13

4 22 35 39
29
3 46
35 43
4 12 13 23 24 28
1 5 45

32 39
0
4 24
0 2 32 35
2 30
2 4 21 31
11

20
42
43
16

19
16 26
9 15
30
11 47
0 20

8 16 21
20 28 36
1 7 24 26
4 13 29 45
24 36
44
2 5
7
17 38

17 19 32
2 4 7
11 17 43

17
36
39
17 19

2 20 35 46
5 20

35
45
0 9 37

2
1
17 25 38 43 44
27
8 16
28 41
10 21

12
23 41
42

1 39
20 36
19
4 44
20 37
5 11 23 39
8 13 38

10 16
1
2
6 9 19
23
1 18 33



7
2 37 47 49
13 26

1 13 20

1 13 24 35

17 37 42
9 15
9 28
1 26 33 35
20 49
10 17 47
9 27
32 38
23
16
25
1 14 23 36
21 42
48
18 21 31 36 44
11 26
12
7
12
22
32
4 47

12 14 37
10
22 46
3 14 40
18
0 24
12 19

22

32 37

6 24
9 12
0 5 21


24 45
31 49
24 34
7
6 44
43


25 32
3 15 49
0
35
25
10 31

7 24 25 30

7 38


10


34 41
27
9
0 16 48
10 14 16
12
17 21 49
1
5
6 40

4
41
1
5
49
7 14 18 28
36
5
2
29
33
1 12 21
32 41
10 28
16 33 37
15 47
8
41
1 3 38
12 18
1 42

13 34

9 18
7
37
29
26 35
4
42

4 5 30

5 8
19
29 34
21
16 31 36 46
18 36
8 12 14 23 30
44
1 14 16 34 42
19 27 31

34

25 28 43 46
1
23
29
9 39
19
2 45



20 28 29 42
2 13 24 26
9
23

13 30 44
14 16 43 47
10 25 31 46
22
45
10 22 29
0 25

23 42
8

37 39
4 16

46
10 33 48
24

23

7 45


6 31

15 29
10 37 49
34 45
27 33 42
12 31 38

8
31 43
30
37
2 5 11
2 13 43

15 18 46
18

16
37
9 35 39


11 37 41

12 42
23


31
46
12
0 32
15
33 41
7 8 25 27 28 38 43
24
10
33


4
11

4
3 21
3 11
7
15 40
13
5 25 31
15 34

20

7 23 27
21
48
42
2 33

11 43
3 21
39
30 32 39
22
33 41
30 32
10 20

0 12 13 24 39
38

31 36
2 34 38

16
49
16 36 47

8 22 26 30

17
7

21 37 48

12 13
3

16 39
0 4 38
11
3 49
19
6 12 17 49
27
31
11 17 38
2
24 27
6 16
3 22 39 43
0 37
1
19

21
12 41 46
23 45 48


29
14 22 41 46
0 10 32


0 23 26 36 41
9
18 21
37 38
43
8 16 20 36
28 45
3 14 28
19
26 34 41 44
0 4 14 47
6 32 40
11 31
29
24
31 40
48
6 49
12 35
1 15


24


18
37 42


22 29


10 30
49
5 28
15 19
22
43
31
27
2 21
11 48
4 27
6 12 25
25
40
25 48
10
2 34 46
12 13 17
37
44
0 36
25 28 38 46
0 38
7

28 49

20 30 43

12 23 36
23
15
0 41 47

2 5 36
13 49
37 43

5 31 48
28 33
15 38 47
18
28 43
37
9 30
21
30
40
11 47

22 43 46

27 40 44
3 16

1 4
39 41

11
17 24 33
45 47
3 47
34
5 41
0 48
0 18
0 5 16 45
37
7
41 49
2 13 34
24
25

4
2 16 48
36 46

2 8

20 42

5 46
10

1 15

13 23 35 41 43
12 17 35 49
21
36
0 9
21
41 47
21

0 16 29 31
1 33
43
15 37

0

34
39
45
28

46 48
4 33 46


16
7
7 14
3
12 47
23

7
44
12
23
1 10 15 39
16 27 36


9 11
2 4 13
0 40
9 16 17
12 41
29
18 25 28 32
21
45 48
1
13 34 42
0 7 14

34

23 25 35
1 35
1 28 30
3
32


29


0 10
2 20

21 45
6
41
4
1 6 26

4 17 43
18 32 43

18
19 45
7

2 17
13 44 49

5
3
2 31
4 11 42

27
22
13 17 22 30
32 49
13
7 33

29 34
47
6
30 48
15 22
42
22 26
29
17 43 44 48

26
36
17

1 26 49
8 9 26 34
45
13
19

5 19 31 43
5

1 2
22 39 40
4 12 46
12 41

35
17 25
3 22 43


5 20
19 20 43
17
3 34
3 8 39 46



10 32 35 47
19 43
24 47
37 42
14
12 17 24
8 18 36
2 9 36 40

5 14
10 18 19 42
33
32
28 45
16 19 46
9 19 45 46
7

16
10 31 45 48
31 47

8 35 41

49
16 39 43 48
3 13 28
8

5 43
1
44

12 37
2 23

7 15
20
33

36
14 48
23 44

1
5
12 17 40
14 19 21
0
5 27
24 30
7 20 38
19 35 43

10 23
37
4 15 16 33
1 32 36

13

27


44
29

2 17
2 37


33 41
13
4 17
4


11
3 41

14
15 43
46
8 35 46
24 25
0 16
5
5 46
5 47
8 45
14 28

7 12
11



13
0 17 20

27
26
30 31
14 35
46 49



9 46
26

12
22 31 39
26
11
11 28
28 30 41


17 30 34
1 10 39
3 33 35


39
6
41
0 17 29 31
19 29 43
26 35
26
27
13 22
0
40
3 13
1

12 16
1 22

7 23
0 25 26

15 18 32



19 29 45
14
15 35 49
10 47

1 25 46
9 30 46
10 13
26
13 18 39
39
10
6 36
3 43
29 36
41

47
37



11
11
19 28 33 49
6 33
13 21 42

33
2 3 25

1 22 45
32 34
32 41 45
35 46
17 19 20 25 45
7 24
31
9 27
35



17 23
39
21
17 20 35
12
9 45


45
44
30 42
24 35
37
1 37 41

49
26 36

6 35
34

6 21 25 39
10 32 49
29

43
28
17
5
1 17 40
6

43
1 36
23 38 41
41
7
4 22
42
40
1 23
10 30
13
47
5

19 29
4 42
3
49
39 47

0 2 4 39
1 26 32
12 18 37



11 30 32 41

27
7
36 39
16 26

0 14 37 44
8
28

17 41

14 36
30
5 10 16 17 29 30

12 43

18 38 41
27
10 21 32 47
9 18 34 49
47
14 37
6
25 46
30
22 23 33 43
27 35
22
25

40
29
35 39
29 38


24
33
10 47

31
0 20 38
36
29 31 38
21
13 16
44
29 36
38 46

19
4
36
32
30


5
2 4


6
39
21
3 10 17
2 21
8
16 34 42
9 32

31
15 16 38
8 12
8 22
29 44
38
0 24 30 39
32
0 9 15 22
18
9 26 36
16 37 48
26 37 38

22
43
5
8
0 8
9 22
29 41
2
38


20 42
19
47
21

10
10 17
38
23 28

30
24 30

31 35
43
1
4 24

31
5 11 27 42
4 9 45
16
16
14
42
4 7
11 29 31
5 6 7
5
3 12 18 27
26
45
11
24 28 30 34
14 19 28
22
43 48
15 18 33
49
9
6 17 32
1 25 29 39
10 28 33
14


9 45
8 30
39
5
37
21 40
10

11
23 25
13 36
12 33 40
21 33
15 28

17
46
48
38
44 46
36
44
33 44
4
1 23 26

30
4
22 29 36


10
47
36
11 20
11
26



16 40
33
46 48
1 3 24 33
18

17
16
4 35 45
8 19 23

22 25 26
19 33
11
9 16 18 25 35

49
2 8 15 21 36
5 13
46
44
15 30 34 49
7 9 27
4 28
38
22 29
32
26
45 46

34 41
0 16 18
3
24

0
39 49

11 30 45
44 49
16 47
26 28
22 24
8 17
5 21
41 43

3
7 27 37
11 35
12 42
18
10
0 22 26 47
30 40
30 41
14 20 23
4 13 22 47
47
18 21
6 21

3 30
10 14 28 34

47
26
15 28
6
38

4 40
42
21

24 28
0 30 40

3


5 13

8 44
23 28
0 16
31

4 32 36
48



20
11
18
2 10 16
16 21 24 32
23 33 38
12
6
42 49
1 8 40
42 43
8
16
6 7 29
40 47

8 9
2 44

3 10
20 37

24
42
3 47
6 21
18
13 28 34
5
6 20 48
23
9 18 19 22
29
24
45
8

2



3 40 45
27 36

11 12
4 21
17 30 39
32 48
7 23
29
24
12 17

3

5 17 20 35 49

23 29 36
24
15 45
10
0 11
22 29 43
2 12 21 22 30
18 27
8 41


22
15 21

8
39
27 36 38 42

7 24 27 34 37
11

35
7

24 48
4 44 46
8 12 20
22 25

30
37
41 44
27 30 35 39
33
31
28 39

27 45
48
15 21
8 20
29

33 49
5 14
29

1 15 24
4 11 34 36

29 36

2 8 18 20 47
12 39


16

0 33

23 40
6 23 25

38
26 37

14 31 38
34 46
13 18
8 46
41
37


11 41 44

31
23
9 36
7 22 35
31
38
7 10 11 22 24 49
23 40 46

0 46
49
10 18 38
13

38
39
11
2 6 11
28
45
22
35 36
30
20
45
41
4 23
20
5 29
36


2 30
12 23 48


23
10 16
42
34
5 14 17 43 47

6 9 18 29
29
17 22
6 15
46
14

8 9 45
25 40
15 42




21
22 40 46
8 17 42
7 49
11 29
3 41 45
8 36
13
48


29 48

15
2 13 31 38
4
28
16
2 27 32 47
44


15 29
33 38
12 49
15
18 25 42
37
33



15
8 31
42 46

28
16 40
31 33
6 25

0

41
46
9

21

5
39
0 12 20 29
2 36 47


29
10
3 47

28 29
22
35
34 48
26 41
45


4 27 30 33 42
16 31 32 37 42
21
13
45


4 19 33 46
9
22


7 41
47

22 23 43
25 29
21
29 46
16

22 40

18
21 27 37
20
3 7 20 43
26

19 27 38
22 32
11 43


16 23 41
9

18
36
10
2

48
32
20

3 43


1 18 32
39
0 3 8 12 29
15
0
18 20
36
41 43
24 30 35
24 28

33 45
21 40 43 48
41
4 18 27
5 10 26 34
5
31
15 16
10 28
46
13 48

0 49
5 21 30 33
8 12
4 39 43 47
26
12 25
12 42
3 45
10
6 16
46
40

8
8
7 45 48
3 15 32 37
1 11
26

21 45
29

39


9 30
4
18 33
7 22
12
25
3 6 9 12

35
0 3 24
4 39 41
36
13
37
2 25 44
25 43
35
14 32
5 7 26
10 15
40

0
16
18 43
10 33

19 41 44

3 41 47

47
39
40
11 15 22 27

9 11 29 36

39
27 41 46 47
43
19 25 49
12 43
8 17 41
34
0
10 20
13 18 26 35
4 6 14 15 16

10 28 38


0 13 44


28
17
7
6 28 33
21 41
20 46
6
12 34
33 47
8 32
3
19
10 48

21 23
33
12 19 49
34 37

37
43 45

3 15 40
39
36 42
32



26 37 40
24 41

4
25
24 25 27
37
6 9 11 33 34
9 20 25
44

2 39



41
37
25
37
7
31 42
17 29 41
11 45
49
23 37
10 13
27
31 44

16 42
22 41 46
42

2 5 10 44
22 23 29 37
3 6

1 24

18
26 34
19 42
40 49
26 39
24 40
36
10 33 34

30

25
15 26
17
4 40
24
12
35 40
35
16
7 28 43
11
46
29 48
5
6 18
11 23
2 39
14 44
6
13 16


18 19
20 42 43
25 49
10 47

17 43
6
5 36 41
3 11
1 17
19

32
33
31 32
40
1
4 11
36
11 47
36
3
2 8 13 14 30 32
21
20 25
10 17 47


16 29 36
38
36 41
5 23 24 29

7

2 24 34
32
24
2 27 33
37

35
12 22 43
0 14 15
30
21 26


15 36 40

13 27 46
13
21
14 18

15
19 40
23 36 43
18 30 37
6 34

28 36
3 39
22 37
14 26 43 47
31 42
27
15
18 36
27 30 31
4 33 43 46
35 47
30
40
15 24
32
10 19
1 3 8 38
33
26 38
2 46
16 22 29
12
0 2 22 24 44
31 41
9 16 39

7 32
14
12
39
24 41 43
24 38
1 17 21
34 46
3 15
23 32
3 47

41


26
14 42
1 6 46 47
23 27 37
2 33
16 29

16
38
15



4 19 26 48
14 40
18 36
14
0 6
35

5 15 22 46

12 24 26 33 47
2 11 24 30
49
15 38

4 16 17 27

31
24 43
25
9 20 27 42
13 32
25
1 39 48

0
10
2 12 20 25
17
21
4 18
43
3 15
3 39
22 47
16 40


11 12 41

6 48
3 30
9
1 5 20 32
10
19

14 28

15 30
0 31
37
9 49
7
6 43

17 19
36
27 37
3 16 32
9 23
23
3 32 43
15 22 33 35
9 34
1 42 49
43
24 42
15 28
22 33 36
25 35 47
9 15 38 39
0 34

37 44

3
14
16 40
14 47
13
10 22 33 34

1 3 48
9 15 19 26 27 29 45
47
2 32 40
17
11 24 32
15 30
34
19 42
3 45
25 36

4 33
0 2 20

14 22
0 23
3 4 21
28 33
17 30
6
6 25


20 37

11
19 28
17 29 35
2 49
21

7 8 49

7 11 18 34
5 19 45

12 19 23 32 33
10 38 42
31 34 35
2 20 38
9 22
10 17
29
5

29

23 25 39 45

5 6 21 33
25
33
24
0 20
11

11
17 28 43
7 10 27 41
5 18
30 38
7

36
1 7 18 25
29
34
36

7 47
15 46
11 40
22 42 45 48 49
9 24 29

25
19 35
46
7
13 14 24 32 44
20 49
14 17 33 46
19 31 37 43


21 28 42
26
25 27 35 44
42
7 19
23 43
32
1 46
10 46

47

3 29

29 35 47
14 20 31 32
38
24 37 38
10 13 38
37
41

30 35 44 45
9 19
23 49

30
23 41
40
14 33
25

32 33 35 36
8
8

44

17 22 31 48


0
3 4 5
16 28
1 34 40
13
6 34
40
0 18


14 48
48
2 29

47
42
1
4

36


16
3 33 40 48
2 26 41 49
15
24 40


3

7 20 27
7 49


29 44 45
24 47
10

28
11 18 28 42
2 12

14 17 21 30
1 8 31
41
42
2

25
40
7
36 43

15 25 27
21 29 42 49
19 35 43
5

34 40
17 35 46
17
20 42
9 23 27 38
13 45

19 36
33
8
7
12
31
7 36
1 17
29
38

18
41
11
47

4 43
24
5 22
18 33 42 44
5

17
35


18

2 39
27
45

27
5 11 37 46
33
19
0
14 29
10 15
24 28 34 38
12
9
29
15
30 37 44
34
18

26

5 15 38
39 48
14 21 32
15 23

14 22 27

7 42
6 45
26

23
31
17
1 30 48
5 20
5 26 35 42
3 47
30 43
19 44 47
21 26
6 31 37

23
15 46


10
15
11 49
22
16 29 43 46
6
2 8 37 41

8 34 45
24 49
6 13 17 39
2 8 36
13
35
12 49
1
10 28


33 39
9 44
13
32
1
16

12
38


0 28
0 18
14
47


31 33 35
13 34

14 23 27 28
16
11 28
48
11 29
14 44
40 46
41
37 41
22
3 12 30 46
26

6 46

1 18 22 27
34 37 41 44

24
7
45
0 12 19 24
18 19 23 28 32
18 19 26
2 12 36
23 31 40


16
2 9 15 49
9 48
15

33
4 8
29 38
46
3 15 16 23 36
21
14 16 29
9
23 48

39
49
27 42
33
10
7 11 22
18 24

34
10 38 46

3 13 16 17 31 38
16 28
33
24
33
6 38
16
3 14 28
1 9 11 26 47 49
5 11 23 24

13 43


30 37 39
48

13 15 38
45
4
2 9 20 28 44
6 41
35
21

14 16 26


9 18 19 46
3 13 49
34 39
15 26 30
47
12 47
25
33
13 42
16 48
13
26

0 18
18 34
42
2 9 49
47
20 46
3 14 27 42
1
27

41
1 34
27

23 49
10 23 43
1 30 31 40
41
2 9
17 27 31
9 31 39
39
2 18
27
15
35

20 43
35

4 18
46
21 45
19 30 42 47
5 30
10
6 9 25

0 23
18 45
25 40 46


35 48
20
18 38

10
9

47
6
10 43
4
12 30 36 42 44 49
12 40
13 20 33 43
31
35
18 43
6
11
45
19 36 40 45


31 33

14

25

20
13 27 39
32
2 40

7 33 40
29 46

2 4 31
30
14 30

14
17 21 46
10
3
40 46
43 47
38 46
2 47
2 4 11 13 20 22
42

43
0
4 16 36
4 5 10 16 40
11


3 23 48
17
11 39
11 34 40
0 13 19

49
23 26
0 37 47
23 29 41 43
30 46
38


21
19
4 43
30 43
14

7 18 42
1 5 24 40
16 22
31 37
21 31 49

1 6 10 15
33


34 38 40
28
21 22 49
11 12
4 38
4 39
11 20
8 43
25

6 21 43

7 20
48
10 37



11 31 49
8
3 14 28 29


39
32 39 45 46
29 36
17
31 32 38
36
2
18 34 37 45
13 27


12
24
9
30 38
28
48

17 38
32

5
29
24 28 36
15 46
26
11 17
19 31
6 19 28
5



27 28
26

23
2 16 25 30
28
19
3 42
6 18 24 43
47

6 17
11 35
0 30 48
33


0 8 25 26 44
31
46


22 38
5 26 49

40
39
10 13
11 25 27 37
18
38 41 46
23
19 27

23 48
16 19
9 24 28
8
20 23 36
45
2 4 6
4 15

38


11 16 24 36
3 7

3 5 6
19
2 22 36 40

20

10
2
28 46

31
43 48
40
21
11 31
26
18 32
43 48
2
43
22 33
9 42
24 37
45

41 45

14
35

6 7
30 36
8 27 28 35
1 27
11 14 18
9 39

7 10 14 17
6 43
16
21
6 46
9 29 38
15
12 30
37

9 16

28 30
34
19 22
3 17 24 31 32 49

31 44
36 44
4
3 10 13 17 44


11 36 40
47 49
6 25
31
12 15 19 24 30
49
12 38



42 49
40

1 33

19 24 25 33
14 23
49
8 39
3 4 19
0
11 38

23
22
11

0 4 10 20 28
40 48
39

7

5
21

36

11 41
1 29 38

6 24
24 39
22 49
20 42
30
20
15
5 47
4 21

13

10 31

46
14 16 22 29 33
14 17 21 35
23 36
23

34

7 34
2 23 35
0


40
6 9 31 37 39 47
39
49
35 41

7 36
3 35 40
17 21
13 17
10 29
48

25
45
37
14
3 8

21 33 40
3 16 46

42
15 41
5 44
18 35
13 28 47
13
42
0
46
35 39

4 12
25
34
15
8

32
43
19 27 43
28 47
19


29 44 46
9

10 27 43
29 43 45
2 13
16 28 38


47
22
10 32

22 25
12 16 25

13
15 42
4 39
0 20 27
37
2
9
33 40

31 46

13 35
16 37
30
6 22 27
24 44
12 18 36
11 42 46
7 18
11
40 46 48

40
24 38
10

11 38
11

34
8 42
34 48
12

24 28 44
1 48
8 34
22 33
11 16 23
41
40
13 42
21 22 30 33

15
27 40
1
16 41
4 24
8 16 20 37
15 25

35

24 26
17
15 22 27
21 34 45



20 30
42
6
29

17
8
16 45


11 21
14 22
8 43
0 2 23 37
8
1 22 36

4 28 49
38 49
9 13 24 32 37
40
21 26
25 46 49

4 49

7

41
3 25
7
11 16 27 29

43 48
1 40 45
4 28
12 30 46
9 17

37
0 23 33 40
10
8 18 24
13 44 45
23
39
30
16 46
22

7 25
35
7 19 29
43
16 22
17 41


17 19
44

23 38
40

33
10 40
36
24 27

45
5 44
2 18 27 30 49

5 15 49
0 5

9 33
0


14
23 30
11
31 34
1 20

28 48
3 18

27
20
12 14 39
41
17 26 43 47
23
2 13 32
30 44
9 17 25 27 31

44
0
16 30
7

14 33 45
1 29
21


0 41 47
7 32 33
21 49
25
10
23 27 42
29

6 22 28 33

1 39
25
16
11
2 28 31
21
33
10 14 38

24 33
12 13 26 41

35 42

16 30
24 35


48
41


24

23 33
22
6 18 40
26
24 29 35 37 49
3 12

45
15

11 23 49
0 16 32
19 37 44
14 16
7 28

31 45 48


28
1 18 22 39
3 4


9 40

21
12 23 24 36 49
14 23
25
4 21 32
8
2 45
41
1 17
2
20
3 13 37
43
5 43 44
17 31

1 39


49
42
11
9 10 29
0 10 34 36
4 15 20
6 19 32
5 11 37 40

38
3
17
18

32 49
8 16 37
21 42
5 15
32
40
21
5 37 39 45

18 24
14
8
14 30
27 41

42

5 15 25

26
8 33
17
16 26
8 15 20
11 18
2 3 15 45
9 13 43
31
6
12
25 28 43 46
46
1 19 21 30 39
2 28

11
6 27 38

47

7 8
0
14 33
39

44 45
13 49
13 15
1 2 6 37
8 29 40

21
2 18 34 37
48
4 16 45

5 21 40

35
3
6 24 31 43
45 46
5 20 25
30
7 36
8
26 37 41
18
18

15 28 29
6 9 16 40
2 24 34 47


35

1 31 33
8 29 45
34 49

24 47
12 23
28 32
23 31 37
1 13 30
34
9
22 30 33
27
10 21 33 49
11 24
26
44
16 45 47
25
41
2 7 10

16 26 45 46
45
11 21
42 43
11
12 33
39
22 35 39
1 21

0
4 27
36
14 42
44 46
25 27 44

14 37

46
1 9 24
8 9 38
1 36
6
0 45
3 13
19 20
33
2
21

34 37
20
25 32 35


40
2 13 26 32
13
1 35
34 46




30
4 19 27 35
26
9

45
28
0 16
17

5

19 20 39 43
7 21
5
0 24 27



25 45
8
7 36

17 28

8 42
4

7 19 40
23
49
38
11 41 44 45
33
3 13
34
3 12 19 43

37 47
26 30
0
1 22
26 34
43 46

42
7 22
2 8 11 14
0 20 31
2 16
1 5 30

17 43
0 32 45
31
4 15
23 40 48
23 28

33


27 29 40 42

38
28 31 41 49
35
28 46
3 17
17 31
27 29


11
6 18 23
6 49
49
7 15 32
8 38 43
6 27

43
36
42
46
5 7 9
19 42
11 23
2 4 11
18
5 28
38

22

7 16
29 35 39

22
12 30 39
37 40 49
22 40

11
16
37
10 20 44

13 26 33
26
41
17 21 42
15 48
5 36
19

20 30
7
5
27
11 26 39

2 26 27
1 4 32 37


39 42 45
2 36
33
4 12 49

43
49
7 15 20 49

39
20


1 21
24
9 37
2 9 16

24
4 12 18
16 43
12 24 41 48
21 26 34 38
6 26 47
16 20 24
0 43
13
6
15

1 5 46
19 43 45
34
4 30
10 44
39 44



10 35
24 26
2 34
15 23
11 12 15
41 43


2
45
5 16
2 13 40
27
9 15 23 42
2 32 34
40 42
27
4
1 49
16 22
4 23 35
46
4 40

20

2
2 6 14 27 42
26 33 37
1 2

18
10 15
16 41

15
14
10 45
29 36
17 43

47
2 32 49
16 32 48

12 22
5 42
0 22
0 28 49
9 18 20 44
15 20
9 11
12 16
45

46
7
46
0

30



35
4 12
6
29

41
6 22 24 46
6
39 40
20 27 28 38 47
22

8
0 10 47
20 21

9 48
33 38 45
3 27


33
12
8 9
24 27
17 19 38
25 28 47
44 46 49
44

14
42
14 27
22
20 24 26

34
23

39
4 14 29 40 45
21
10
9 20
13 15 39 41
3 12 42 43

16

33 45

2
46

29
6
21 26 47

46

5 38
39 48
20

21

7 10 31
13 26

7
3 47
7 18 27 36

12 40
14
19 21
37 39 42

3 41 48
25
32 36
48
16 39
45
43
11 14 16
23 49
48
32 33
22 28
30
36
13 15 34
49
0 16 19
30

3 32 44
17
45

27


38

0 34
5 18 29 45
46
48
17 18 45
25 28
19 39 42

8 9 33
8
2
12 33



34
4 22 39 47

2
12
41
11 34
13
9
0 19 38
9

19 31

1 46
17

25 35
0
45
43

0 42
33
19 23
18 28 47

37 44
3 31
32
19
5 20 28 39
13 48
16


20 43 48
4

32
4 17 22
9
10 20 21 48
12 31
23

34 49
24 44

20 29

18 47

4
39 44
26 37
19 20 27
49
5 32
32 49
46

46
6
16 31

19
32
32 33 47


12 24 42
46
21
38 39
28 35 49
22 30 44
12 20

9 12
17
12 18 30 42
6 22 32
28 30

4 14 40
19
45
4 41

10
12 30
4 17 44 49

10 15

2 7 17 20

27
15
12 18
24

3 7 30

7 14 27 34 41
15 40
12 22
20 42 43
36
37 41

28 45
3 9 10 44
47
14
16 45 48
36 39 46
4 26 43
45
13 41

18 22
0 14 26 38


37
32
8 21
0 21 49
18 19 37
38
11

29 39
39 41
27
16
29

12 42 48
21 38
1

12 45
28

4 39
15 35
22 44

23




15 21
29
1
17
36
6 7
46


3 46
26
13 19 41
28
18 23
4 46
20 25 29
18 19
3

39
37 42
23 37

12
4 38
27 39
3
6 24 33 44

5 18
18 39 45
40
1 37
28
32

15 27 41
7 15
3 30
2 13 17
10 17
23
0 8 18 27 49
15
11 22
27 33
17
5 16
25
28
11 35
27
36
3
11 17 35 47
1 20
44
4 30
18
17 47


9 16
46
1 16 42
0 21
10
16 23 36

18 25
45
1 11
31
4 14
12 30
24 41
20 41


11 28
3 21 38
29 40
8 14 22 24
19

21
2 4 42
12 41
36 38
2 4
5 9
0 38

13
9 18 31
8 24 41
7 33 37

13
26



6 9 34

34 37
18 22
1

12 17
30 37


48


42 43

26 46 47
3 11
26 45
2
14 24
16 18 24
5 45

10 45
12


16 45

19 47 48
15

31 33 47
6
39 45
6 23
26
30 35
3 25
23

2 24 41

15

44
39


5
41

7 45
22
12 44 46
29 41 46

28

4 18 33
22 27 38
11 16 48
32
37
22 33 46

33
27
12 42
34 45
1
27
5

33
14
24 47

21
24
48
30
48
18
49
7

7 11 16 39

0 35 45
30 37
35
3 43 48
40 48

35
21 36 40
7 22
29 33
25 26 47 49
10 19
11 12 31 32
29 38
28
40

48 49
27 38
19 37

17 38
3
14 17 18

0 4 6 27 44

12 24
10 28
40
26
3 19

19 36
45

19 22
32
23
8 10 24
20 30
14 24 46
27 43


27
27
44
8
31
19 26 38
26 37 40
26 46

15 18
12 30 48
14 40
18 26 45
0 19


27 38

41
35
25

40
19 22 39

30
26 44
8


7
16 46
35 36
36
35 49
6 7
17
46
9 20 28
33
13 18 25
41
16 32 46
31

1 22
20
0 24
7 24
13 28 38
7

4 14 16 47
14
2 24 29
10
20 22 49
26 41
20 22 33 36 43
31
30 34

1 45 47
27 42
27 28 39
18
3 45

16 30
26 37 49
25 46 47

42 47
34
9 31
13 16
21 22 39
37

25
40 41 45
22
44
16 34

32
6


0 23
40 47
21
4 5 28 38
13
18 42

31 38
18 21 32
26
7 11 16 42

0 12
33 43
21


14 17 34

15 32
0 16
1 9 29
47
29

42
1 19 47

49
21 43
42
1 34
2 48

4 9 23 32
41

18
11 21 44

6 31 47

18
15 31
8 40
4 44
45

48
8 49

44 45
4 32

42
0
4
25 43
21
9 24
7
9 30
32 33
23 39

18 48
10 46
9 19 24 38
4
4 23
0 14
2 20
7

6
23 40

5 48
18 31 36
19 23
18 23 27
37
21
9
8 13



13 34
26

1 22 33
29 34
20
34
15 19 25 40 49
8 11 26 33

25
16
14 29 45
18 28 41

45
24 30
36
29 46 48

9
11 12

19
15

25
1
12
27 32 48 49
1
47
46
13 37
3 38

6 17 35 46

9 33
31 40

31 48
38
7 12 17

4
20
6 10
37
47
19
10 38
22
22
31 32
10
9 45 48
9
2 11 23 38
3 5
24
38
15 16
19 30
12 15 35
47
14
3 9 22
1 17 31 40
1 49
19
1 26
46
20 22 34 43

39
3
3

23
16
19
9 26 28
2
20 22
7
1 45
6 15 21 43
40
1
1
35
21 42
49
32

21 32
17

16 22

5


33 46

21
24
7 32
4
5 23 38 39 47
15 27
15 25 31 32 48
32
28

44



39
28

24 31 49
17
32

2 33
23
5


34 42
16
35
20 38

9 14 34
21

32 34 35 48 49
40
12
20 39
18 25
27
44
14 38 41
19
16 46
10 35 44


6 31 41



12
1 7 11
26

27 46
45
0
37





43
31 44
5 17
33
38
11 48


16 38
17
19 22
4 34
0
15
13 42
8 31 39
32 47
23
28 29

11 46
25 29
8 14 29
22 36

14 22
4 26 30 34 38 39
11


16 18


12
32 48
2


1 21 37 45

35 47
46
0 22 37
41 43
17
4 5 26 45
19

36

6 8 35
8 35
28
7
24 35
43 46
3 44

39
6 16 47
18 48

46
2 4 14 17 28 38
6 25 34
8 15 49

4 18 49
15 33 34
1
3
24 40
20 31
5 10 42
30 38
5 6 14 46
20 22 23
9 44
7 11 13 43

0 26 39


30
4 42 47
47




27

5 22
0 5 18 44
14
16 24 46
2 11
4 11

34
24 34 38 43
0 21
46 48
13 27
20 32 36
37
33

28
32
25
7 16 48
7 22
43

11 29

7
5 34 43
3 29
26
8 27 34
5 41
13 29 43


13 32
35
3 5
8 19 24
48
1
18 39
25

9 49
10

32


0 8 16
5 35 41
36
44
10 28
1
36 42

14
15 45
26
13
36
12


9 42
7 12

4 14 17 18 33 34
31 34 42 43

0 35
19
6 23
4 24
7

13
11
38
6 15 20
28
35 49
46
28 38
13 40
41 44 49
2 18 26 43


27
27

4 46
0 20

7
4 26 28
47 49




3
26
13 25 37 45
27
48
25 39
11 28
27 43 45
35

47
0 6 47
25 33
1 25
46

25
21 27 48
2 8
0 5
41


49
9 37
17
29
40

29
11
16
17 19 41
8 45 47

14 42
36
17 25 47
15 34
18 19
6 24

21


39
10 24 26 30 38
38
32 45

2


14

37


10 23 32
13 44
43
11





25 47
0 13 29 47
12

14 27 43
21 27
18 34




38
8 17 41
32


3 4 15
0 10
16 27 45
8 13
22 23
9 15 23
40
13 22 42
5



0 20 21 30 35
4
36 43
11 25
25 35
18 45
7 23 29 37 43

11
8 10

7 39
4 26 42
9
16
32
16
40
6


31
3 9
18
40
12 41

12 22

10 37 45
3
42 49
26 47
21
18 20 23 26
32
4



5


7
14
0 10 13

35
28


22
44
3 10

14
2 4 5 11
44
6 8

32

47
34
27
16 45
14 20
37 45
12 28 35
17 47

4 47
19 34
23 37
22 38 41

12 13
25
4 12
9

23
11 19
2 8 18 47
8
35 45
0 19 20
2 32
1
43
40
30 41




23
10 48
32 40 45

36 42
6 17 23
16 44
8 36 42

49
33
44


6 44
11 47
25 29
8 39
24
48
40
27
12 40 41 49

21 42


40
30 39
5 8 29

8 9 40
5 14 31

21 26 34
16 30
4 21



29
22 42
9 42
7
31
5
4 35
5
11
48
1 5 13 15 17 28 45
2 27 42
35 36 47
3 19
5 17


24
30
0 16


34
20
34
3 24



27
21 24 29 47
25
22 34 41
9
24

31
46
28 49
35 44

18 20 22 35
43
6 9
41
1 21

5 16 24 29
7
16 42
15 39 42
11
33
10


41
27
1
6 20 36 37
4 43
40
22
32

6 8 48
7
30 46
5 39 40
2 6 35
18 22 49
27 28
28

17 22
2 48

46
39

37
6 14

1 3
9
5 17 33 35
26 36
21

24

2 17 40 48
10 44
2 11
49
46
14 36 41
17 31

38
48
24 31 45
43 47
41

29
0
24
29 32
16
30

8 48
15 36

15 42
10 16 42
40
7 17
31 36
4
3 43
16 18

11 21 35 42

38
1 35
35 37
10 11
2 43
28 41
15 42
1 21 23 44
3 8 44
17 19
19 32
11 43
14 16
8
26 40

11
27 36 47

4


2 9 36 47
3 12 15 48
25

7
9 18 30 37
15 26 35



8 28 39

13 24
14 19 29

21

3 21 43

44
12
3 22
6
28
19
4 25 33


46
1 9


12 16 22

31 33
20
32 33 43
45
8

2 4 39

19 20
1 22
29 33 47

19 44




6 43
0 22 49

26
30
9 14 22 32

47
15
17 18 38 47
13 49
32
40
37
4 24
7 19 33
5 13 48

21 38
1 49
41 42
5
1

15 17
7 24 33
2 4
6
5 20 21 28 29 36
11 14 26
8 42
45
29
45 47
1 30
9 22
15 27
15

13 17 20 35


22 29 48
22
22 27 33
36 39
47

34
46

21 43

23 44
6 11
30
4 19 22
5 19
18 31 34
7
16

14 33 39 45
43
12 20 22
22 23
34 40
15
1 48
43
15 17 31 47



36 37 42 44
11 23 47



45
14 29 37 44
37
10 31 47
7 13 33
8 16 31

1
16
17
38

9 15 35 42
41
18 24 43
39
8 22
11 21 27
40

10
9 32
25 36
10 36 46
0 37
19 20

31

21

19 31
6 26

37
5 10
44

17 26 28 40
25 43 49
2 8
23 31
6 7 31 34 37
12 43 47
20 24

27

7 19 48
32 47
24
11 42
24 39 45 46
17
37
16 17 30 36
14 33
48


20
26 45
29

35 49



11
1 36 48
7 22 29
46
37 49
15 32
31 49
34
41
39

5 16 21 47
9 13 26

12

8 22 44

21 35
49
11
1 2 32
36 40

30
3 4 45
32
33
10
12 22
27


0 13 40
10 32 45 49
20

27
22 43
39 48
18
29 35

1 19

43 47
20 25
45
6
22
3 48
24
17 29 34
6 30 31 45

27 39
41
48
6 32
25 42
8 13
38

6
32
25 34
34 35 48
25


9 15
4 6 18
2
3 33
2 11 17 39
5 44
26 38
8 41

24

12 15 24
10
1 19 29
16 46
23 35
5
9 45


43


0 21 36
26
28
4 14
24 34
11 18 28 35
6 22
30 37

48
8 33 39
37
20 23 25
1 49
15 37 47 48
9
10 31 48
14 21 25
28

37 38
40
22 29
26 38
1 23 34 37 38

7
34 46
4
34
10
9 22
21
3 25 48
29
43

10 13

2 10 18 25 34 42 45
1
16 48
8 13 28 29 40

34

0 9 32
10 32
8 27 36
3
11
41 48
42

37
5 38 44 45 49
37
16 48 49

25 34 35
12
37 39


30 34 35 41 49
37
2 6 41


2 26 41
16

17 42


25
14 30
10 15 19 29
0
36 48
29 32
14
0 17
30
42

23
7 49
49
22
2 22 42

5 44
10 13
22
4 27 45


11
30

13 19 36
40
20 49
27 30 47
18
20 36
14 46
46
4 31
8 9
43
31

6
18 28 38
9
4
0 44

0 11
2 28
20
30 35
35
43
20 22
19 21 41
0 19
13 43
41
40
1 12 16 21 41 47
0 9
11 38
12 25 43
3 46
15 36
28 45
11 27
1 33 45
10 39 42
21 46
2 16
15
1 39


12
14 25 36

1 27 31

47
37

3 9 29 42
25
20 30 39
16 20 37
35 44
13 25
15 49

27
18 29
33

0 13
0 17 26 35

3

14

17
9 30 32
1 19 29
46
0 10 22 36
25
1 20 27
47
31
6 8 22 26
38 48
25
42
32

8

4 16
39
0 1
1
3 25
7 34


1
23 40

12
39
25
40
6 42
35 36
46
40
15 32
31
15 49
30 39 45


23 35
21 27 28
22
11 30 39
13 20 33

1 16 28 46
25
4 10 11 22
2 30

18
25 28 43
22 29

25 27 43
12 17 19
4
18
25
21 27
10
12
42
28 29
14 21 24
6 25

3 4 10 38 47



7 23 31
14 24 46
45
4
29
6 43 48
20 21 35 40 44
41
19
3 13
35 36
4

17
0 37 43

46
0 9 13
47
19 26 33 46
35
30 34
19 30


0
14 35

26 46
26 39 44 45 46

17 23

29 42
11
31 35 42
38 43
12
28 40
7 31 48
35 42
15 40
24



6
10 15
21
11 33
5 12 13
39 47
8

12 47

32 46
8
11 15 19
31
5
14 25
40 41 48
34
33
0 9 30


31
2 18 29 49
22 23
0 34


7 21

9 31 40
19 26
2 13 16 21 37 42 46
36

1
1 33 47
1 48
15
0 14 27
39 45
32
5 6 30
3 7 31 40
26
5 8 43
23 34 48
15
35 44
3 5

2 9
12 15 20
14
26
23
3 25

7 15 28
20 30
31 44
28 39
1
21 22
36 38 45
27 39
3

14
0 44
20

37
8

9 11 15 28
1 48
28 49
24
3 19 22 43
23 37
14 29

18
1

4
17 21 45 46
39
28 32

35
9
30
41 46
39

45
9 10 37 47 48

11 23
6
13 21 26

37 42
6 26 29
27 45 48

31 38 44
36
11 27 30
49
5 19 28
17
2 39
31
13 27 40
9
16 29
22 24 29
28
22
19
12 14 22
9 26 41
6 36
0 2
43 47

26 41
10 45
42
40
19 30
22 32

25
24 41 46 49
32
12 14

1 3 41 43
13
21 35 46
19
47

19 32 39
15 28 38

3
17
12
33 35
17
11 37 45
25
19 41





27
5 33




2 3
12
33 43 47
18 44
30 32
10

6
39 40
41 47
1 9
23
2 7 12 47
27 31 39 40

43 45
39
23



38 48
10 48
7 28 37
8 31

1
32 41 42
43
21 27

0 10 43
20 23 42
40
39 41 44
23
20 21

36

15 19
7 24


29

10 20 27 48
6 14 19 28
21 31
6
8 12 34
1
9 21 47
7 17 23
29

11 30 38
17
45 46

25 37
10
26 47
2
44

49
25
16 45
0 5 36
14 28

8 34 47
8 24

43


31 37 46

3 8
12 23

38 48
5 21 25 38

4
19
4 7
18
27
28
17
36 38 47
3
8 23
5 10 28 41


5 6 8 30 38 47
42

11
15 17
41
1 34


37 44
10 38 42

5 16 19
3
18
30

19 26 47
23
23 36 38
4 35

18 45 46
1 48

30
32
1 2 8 32
1 18 22 38


2 11 34 39
17
0
22

23 41 43
0
2
8
6
5
47
49
1 3 21 22 27 46
11 47
35 48
17 37
8 14
23
18
1 9 33
25

23 27
0 10 27
22 32
42 43
21
29
45
4 6
46

27 32
46
39
7 14


34
31
29 41
44
10



10 24 25 27
19 26 43 45

24
8
17 29
30

28 43
2

29 48
25
12

31
47
28

8 40
20 49

1 41 42
9 16 40
48
3 12 27
12 33

9 38
42
1 33 34 46
46
2 4 35 45
18

22 43 45

16 22 38
17 32
4 27
26
0


9

2 3 6 24 37
21
40
12
16 20 22 24 28 35

28 33
5 6
29
1 46
49
46

49
1
20 45
0 19 26

14 45
21
7 21 31
32



22 40
24
1 8 41

9 40
28 43
27 30


14 26

5 29
22
14 42
33 35 38
2 38
23
3 33 46
43
17 42
44

2
13 45
4 23
20 48

0 1 34

17 32

27 49
22 35
37
15 28
2 16 43 47
38 45
32
7 14 37 46 47
41
2 7
35
3
2 25

8 16
1
39
28
40
2 34
11
12 47
7 24
0 36


9 13 48
49
0 7 36 38 40

15 39
4
28
7 24
14

10 28 36 47
43
16 42
5 36
13 23
5
17 33

14

6 36
12 19
10
49
5 10 37

5 8 46
19 48

6 32 42 44



0
8 25 33
40 47
2 24 49

28 29
33 47
0 23 34
7
1 16
3 23 38 41
20


26
17 19 46 48
10 18 49
3 45 47
15 36 47

9 21
14 35 47
34 47
5 8 37 39
11
16

18
3 27 48

3 19
8 33
24 27
21

1 29 48
14
3
23

0 26
14

16

48
7 22
7

3 44

23 28


23
6 7 12 23
12 19 39
26 44
2 25
9 18 41
4 35
4 14 21
13
28 29
3 9 15 44
1
38
20
5
20 45
27 44
4 35
39
5 34
19
7

38 43
0 33
14 41


23 24 26
9 47
8 49
22
36
12

24
4
30
40
11
31
0 49


25
31 38 45
17
25

10
3
49
12 18 44 45
28
32
0 17
0
9
7 43 45
7
33 42
9
0 4 6 26

1 13
8
47
6 30
38 45
48

17 24 36
3 37
1 17 27 28

13


10 37
19 20 36
2 27

15
45
8 40
7 22 37 46

40

19 28
26 30 31 33 40

34 39
15
5 6
28 38

10 17

22

0 15 18 34
0 36
34 37

10
36
1 49
11
49
17


12 49

8
29 48
20 41

21 44 49
21
20 23 30
29

10

35
36 38
13
7 15
2 45
3 38
0
15
27 36

26 41
6
1
1 22 24 44 47
47
15 21 46
32
34 43
4
48
36

23
25 40
21
14 43
5 32
28
32
41
27
11 25
46
15 34 46
4 47
6
5 31 36 40

15
13 25
25
13 36 47
8 33
9 34
41
1 17 26
2 14 36 41 43
15
21 24 37

6 43 47

1 3
8 10 35
17
12 22 34
23

32
39
28 37
9
9 31 46


12 38
9 45


21 25 32
14 33 48
25




18 39 42 44
23
7
31 33
14 42
31
12 14 48


38
33 35
34 49

3 14 27
23



12
39 41 42 44
37 47
3 10 47
17

49
27 32
49

11 21
28
29
47
22 31
9 49

32 43 45
11 49
27

45
6
47
7 8 9
46

27
7
39

36
43
4 29

2 9 10 43
11 15 31 41 42
8 37
17 47

5 9
35
23
10
18 22 48
25 37
39 43
12
44
13 33
27 44
32 40 44
2 9 27 47
29
5 27
28
30 48
30
16 47


43
2 48
12
7 9
10 25
4 22 34 39
37
11
13 44
14 29


9 23 47
19 42

41
13 47
11 33
36
48
43 44
0 9 23 24 34


46 49



47


1 38


0 28 30 34 40 43
38

2
23
19 30
10
22 43


11

7 22
5 27 35 41

22 32
15 26 34 44
14 23 28
39
4 23 42 47
14
9 35
16
6 26 49

4 13
47

1 23
5 14 17 36
21 27

32 36
29
0 13 49
7 37
15 41 46
20 41 44
28 36 39
32
18 19 36 49

1 32
6

29 31 48
34

21 44 48

25

14 32 37
7
3 7 8 16

10 12
36
4 17
16
8
16 22 23 41 48

12 42
10 16
18 36 37 39
14 16
26
20 29
2 5 9

8 28 43
22 32
32 44
16 28 45
31 42
4 24
7 20
18
31


10
15 16 29

30
4
6 12 19 30 33 40
36
7 17 29
27
29 32

11 43
16
2 9 23 32
14 26 32
43
1 26
4
5 16 27
18 49
2 18 41


41 48
4 43
43

26 39
41
36

12 21
2 38
30
30 48
6 24 33
17 25
34

12 14 30 41
29

18 30
47
12 15 16

22 30 31
40

41


28
17
26 38

13

28

48
4 18 39
12 46
6 15 37 41
19 31
17
38
38
37 38 43
42 46
27
23 35
26 35
49
0
44
21 30
34
27 44
18 37 43
26 27
15 29
23 34 35
6 13
28


9 35

43
22
3 21 41
31

32 42 45
6 39
48

13 21 23 32
23 45
10 11 24
5
32
16
0 6 22 26

1 34 46
44
44
6 43
31
4 26
48
10 24 26
32
4 19 46
39

33

13 24
17
13 31
10

32

26

37
26 36


17 47
42
32 35 39
14 39
0 32
14 16
7
11
22 27
44
5 26
6 10 12 32 36
36 37
29 39 49

38 48
19


0 14


11 26


24

9


24
30 43 46

38
37 39

2



6
16 18 34
40

9
15
29
38
3 21
5 15 41 45
6 47
40

8
33
49
0
0 19 49
9
2
20 33
13
12 25 28
20 44 45

13 19 45


48

22
40
35 39 45
14 15
2 10

13
15 17

43

0 16 18
7 8 17 20 41
20
8 29
4 20
35
3 4 13 48
10 29 41
24 31 49
31 37 43

29
5
6 24 44 48

11 18
33
13 35 46
7 41 44
35
5

11 12
21 46
8 15
4
6 11
8
1

21
14 20 22
11
32

35
25
34
14 16
44
4 24 37
37
31
39
16 31
20

19 43
21
14 35
19 44
33
8
12 37
1 2 13 19 42 47
7 45
35
38
22
32
9 39
3 19

0 26 39 43
10 39

5 11 38
18
11 21
22
9

16
43
1 38

8 32 35
37 46
11 18
19 44
0

38
29
6 19 42
4 16

38

12
8 9
35
22
11 48
38
16 48
22 23 33 36
30
21 40
49
6 7 15
9 23
39
4 33
3
21 26
11 15 40
39
0 22
26 31 32 48
7 11 31 49
16
25
3
30 32
0 12
11 23
7 9


6 41
13 38
25 27

0 19 22
22

5 23
11 19
10
30
13 34
49
3
4
15 48

36

29
0

31 39

30 32 41
22

6 7 33 47
6
11

15 21 30 48
5
4 6 14 46
4

15 39
15 32 35

35
32
6
13 14 17

2 28
32 45
0 43 46
36 43
33 39
13 22 26 34 49
3 28
4 23 27

12 42
10 33
47
8 46 47
17 21 28 37
30
42 47
5 45
20 31
5 17
27 48
25 34
17 47
9

17

18
2 11 30

13 24 30 38
10 26 47
9 27 38 49
12 21
2 29
6 9 42
26 36 38

5 26 49
9 48
2 25
8 38 46
15
1 3 17
32
10 36
15
14

25 32 44
28
42
29 37
25 47
24 36
3 33
25 32
26 43
37 45
22

8
2 46
10 39
17 26 30
28
46
49
36
22 48
25
5
14 45
12 16 24
41
2
3 18 29 38 43
24 46
44

44
0 13 34 48
6 17 36
35 38
17 33

1 34
36



31 35
1 2 7 10 15
12 26 30

14
12
1 6 30
29 35
36 49
16
35
44

6 42 48
25 39

30 43
49

33

7


6 12


9 16
33 43
2 16 26

34
2 11 14
18
10 35


9 39 47
34
5 21
12 42

25 44
32 36
19
1 26 27
26 39
49
6
3 33 34
20 41

17 18 45
44 47

0 4 42
31 42

0 36 45

4
14 36

11 12 47 48

1 10 27 34
9 29
35
36
21 28 31
34
19 24

2 19 22
1 48
29
33
25 33
1 5 13
16
0 40
19 32
20 30 43
20
42

30
19
19 47
4 8
5
10 19
15 24 27
2 3 16 33 41
2 15

11
20
25

25 30
24 26 32
15 39
38
46
31 36
23 24 26
18 29



1 8 20 39
11 45
5 17
17 26 37
26
31
17 27 29 34 35
0 37

39 47 49
23 29
6 18 32 49
10 41
25
47
17
3
3 30
10 26 38
38
31 43

11
14



29

2 24 44
1 40
12


16
20 40

43 48
35
21
8
35
23 46
27
10 18 26
3 31


14
14
20

7 30
33
22
6

19 33
39 47 48
38
13
9 17

8

35
11 28
2 18 30

31 34

23 37
33 49

49
38
27
8
1 42 43


47 48
1 28 47
25
6 22
10 28 44
19
30
1
32
40 45
28 39
19 20 28
2 28
23 25
19 46
16 26 30 36
39 42
12 30
39

13
4
10 26
30 32
36

15 36

40 49
1 22 43 44
17
27 47

17 21


31

0 3 39 41
20 43


18

18 36
32

14 26

3 37
5 13 22
48
9 37
27
12
4
35 40
43 45
17 33 36
0 16 33 47
6 24
7 33

14 47
15
12 16 23

22
5
41
20 27 30 36
29
27 39
11 46
21 28
11
19 29 38 46
21 45
8
40 45 46 49
34 43
36 37
16
14 22 42
49
31 40 46 49

9 42
9 10 44
13
9 15 32
28


1 41
27 40
21 25 29 36 43

23
4 13 30
3 41


15
35
31 36
6
11 41
37


45
3 9
44
3 44

27 32

4 22 36 41


32 40 44
13 17
30
6 36
38
36

25
30 45



16
0 18 31
9

32
49
8 9 14

39

25
26
15 22
5 25
30
14 20
22 39
5 6
19
26 43
23 39 41
19 30
31 32
16 36
36
10
9 34 47
13 23
26
33

29
27 38
6 11 39
36 46
43
26 31

3 28 46
17

17
25


8
16 33
24
10 24 36
26
40
12

10 30 40
3 9 11 46
9 39
8 15 18 26 34
49
1
5 11 25 41 45
8 17 27
32 38 40
21 44
11 21 33

4 17
10 11 22 29

19
24 40 43
29
38 43

42
11 27 35
28
22 32
7 18


32
9 31
23
33
35
21 32 34 42
29
13
13
1 26 46
38
0 7 36
3 4 29
13 45

45 46
4 31
9
9 41 44 45
25 46
5
25 34

32 36 47
16 41

0 19 28 43 47 48
4 7
14 16 36
28 42
28
33 44


10 36 38
8
5 41

12
32
11 15 48
9 26 35
43
24

36
3 24 27
19
47
25 39
1 22 31
41 48
4
6

43 46 49
30

20
25 48
45


38
3 42
16 22 40
38
18 33
15 21 41
1 30 35 40 48 49
39
20 29 44
15
23
1 49
0
7

2 16 17 18 41
12 24
37
2

41
3 36
11 40
23 30 37
14
25 49

20 38
2

13 48
25

13 36
28

19

10 21 40


32 36 48
27

5 20 31 44
1


9
42

3 22

3
21
0 19
12 22 40 41
26

1 42
18 23 30
1 9
10 23
35 46
15 29

4
24

15
5 13 32 41
19
43
27 31

18
5 40
9
0 38

29 43
17 27
5 35 36 49
23 43
8 14 23
14 15 38
2 3 26 38
7 36
29

7 11 41
1 16

28 42
10
9 30 35 37 39 40 47


21 28

1 10 11 27 32 37

1
8 30
30 33 42

20
27 46
35
11 15 22
42
28 37 46
14
0 28 39 48


17
33 48
5 22
13 20 49
17 32 42
36 49

5
6 26 33

38 39
41
16 29
15 43 48
1
46


5 38


12
13 35
39 41
0 19 48

15 18
5 30 35 44 48
11
7 48
11 31 32
25 31 36
0
25 44
16 18 33

18
7
15 45
3
19 31 44

16 19 34 46
1 9 19 20

0

14 33
1
0

19 34

7 10 33
25 38 43

26 41
13 17 18
19 30
3 44
10
14 45
11 30
7 11

40
24
21


34

7
13
15
9
32
5 37
38


28
44
3 32
30 35
42
18 38 40 44
6
2 47
30 31 43
4

5

16 22 27 31 44


14 31 34 41

17 36 38
19

5
22

11 32
13
25 47
27

35

11 38
20
14 38
1 45
7 14 22
4 6 21
6 39
4 8 24 43

3 21
16
3 25
8 12 37
1 7 33 44

49
4 42
0 10 14
2 33 36 41
1 31 44
41 45


36
9 19
19 46
1 2
11 13 23
33
14 21
29

24 44
15 25
8 12

18

39 42 45

22 23 24

32

1 2 15 38
25 46
3 7 28
3 4 13 19 20 35 37 42 45
19 20 22 26 27 40

41
25 42



1 9
7 9
7 29 35
6
24 42
26 45
7


10 12 25 33 36
37
30 36
34 44
29
30
23 24 28
43 46
27
9 37

1 39
8 31
33
27
9 36
16 38 40 44 47
6 39 42

7 15



5 9 48

15 38

40
7 41

41 47
2 20
29

15
34
41
31
27 33
8 14 16

19
35 38 44
12
7 11
4 35
0 12 33
27 37
28
15 44
32
7 12
48
23 35 40
0 29 42
46
28
3 13
29 30
20
23 46 49
34
36

31 43 47
6
33
0 15 28 46
10 45
5 8 29 43
20 39
41
25 40

43
14 15 48
11 47
2 25
8
20 23 39
4 39 42
7 29
3 39 48
21 45
4 30

9 10

4 19 41 44
48 49
7 16 21 28
1 23

7 23 30
4
0 2 5
14 21
0 41

22 41
2 23
40 42 48
29
7
9 20
47

39
4 19
12

7 9 29 36 48

6 23
4 42
32

9
5 9 35 44
6 23

2 16
7 35 49
28
1 19 34

37 39
22
0


11
2 6 15 23 49
5 20 23
14

12

42
39
20 29

11 17
27
1
0 44 45

19 28 37
18 23 26 30 49
14 29
21
6 29 45
25
14

39
46
24 42
22
15
35 49

29 38
25 27 35

24
1 27
5 19 46
36

28
36 39
40 48


20 43
0

24 47
7
35 40 48
15 32 49
30
32
24
11 44
39
5 11 43

41

15
9 10 31
28
11 37
7
8 12
11
4 12 40 46
18
10 32 47


10 34 44 47
4 44
36
3 39
5 42
4 6
21

34
45
2 46
5 47 49

10 12 37 47
26 39 49
1 35

25 29


5 12 13
45
12 34 43 46
1 4 36 38
19 42
11
9 13 20


17

12 37
9 14 21 31 43
22 25 27 31 41

42
5 7 19 28
6
8 37 40


2 34 37 49
5 35 48
18
33

5
0 46

21
7

46
49
7 15
2 35
22 41
19
17
11 40 41 48
24 29 45 46 47
23 45
9 10
39
32 46
11 40 44
3 14
18 23 32
44

23
0 1 15 34 42

6 35
13 17
4
11 29 30 32




42
1
4

30
3 20
18 20 29
4 20 43
16 23
15 42

5 32
45
9 10 40
15 18
5 13 45
3 10
38



1 21 22 28 48
6 18
6 8 21 30 35
18 47
3 17 25 26
48
27 28
22
14 42 46
49
9 20
26
13 20 49
12

25
42 45
8 10 31 44 47
13
21 49

18 34
34

9 18
2 12 22 29 35
3 9 19
4 7
12
23 39 43

33 36

5 31
12
10 24
5 39
21
5 6 24 46
7 29 46

46
21

7 44

8 10 20 38 49
11 37

8 10 30
38
43
38
12 15 16 17
0 36


44
0 13
40
37


3 40
28

6 37
17
27
25
8 19 48

5 7 48
11 42
27 45
35
16
21 48
31 49



46
24
6 29
27
25
19 20 31
15 49
20 41
31
46




19 25 29
9 20 48

32
1 24 27
4
39
26 31
40
26 47
5
16
13 37
0 8 11 14 48
27
13 28
1
0 12 32
18 48
47

34
29
1
10 24
7 24 37 43
2 17 34
4
41
42
38 47

20 27 31
44
26 39
12
24 30 42 43 48
10 21 42 48
17 45 49
31 41
3 12
15 16 22 30 42

3
24
32

6

2 23 35
22
16
14 19 29 32 42
36 43
14

8 29

5 41 47
30
12 13 29
24 34
1 17 18 21 35
39
6 28 41 48 49
38
0 21

44
12 16 49

35
34 35

42 47
8 9
30

12 21 28 29
40
48
8
9 31 42 44
3

33
25 45


45
36
13 16 17
7 23
43 46
15 19 34
31 49
18 21
2 42
26 45
14 17 28 46
2 28
5 42
13 15
24
13
2 28

5 21
3 11
4 32
11

7
41

30 34
25 32
12 33
8 12 14
14
49

16 44
20 40
11 30
12
0
10 13 30
24
25 29 34
23
12
2 15
13 14 32 40 45
2




3 14 23
11 28
19 22 43
34 46
28 46
17 48
2 9 29

5 23 38
3 15 29 42
49

11

11 17 22 28 42

22 31
11 40 47

35

7
7 19

34 41
5 38 45
10 24 38
6
13
23 31
0 37
5
43 45
2 47
4 18 24
24
0 49
5 32

14
14 17
40
3 7 36
16 22 30

3 28
40

36
25
17 20 21
29
28
3
2 34
33
2

12 17
16

17

10 18 45
2
1
15
33 37 48
14 18
41

15 17 26 48
15
33


7
13 25
10
34
6
25 34
19 33 36 48
43
32
24 34

43
41 45

13 21 43
7 37 42
24 34 38

8 20

15
2 14
41
39
35 38 48
48
40 46
34
11


46

34 43
5 16 17
45

1 24 32

28

12

34
3 7
33



23
24 28
2 32
0 37
13
3 30 48
19 43
15
21
5
8 13 21 24 40



2 5 40
38
23
14
25
6
7
4 8 29


18
13 18 21

4 15 16 23 40

31
5 31
10 15

7 20
37
3 47
2 42

33

16 35 41

6 36
3 15 25 26
14 22
1
33 36
37
30
1 2 32 46


19
2 37
6

7 8
11
17
18
33
26
33 42
4 28 49
40
26
10 11
5 32
2
23 40 42

11 17 30 37



17 33 40
2
20
10

16 36
4 11
18 21 36
40 44
27
5 20 34
1 6 17 22 49

9 39
12 25
26 42
4 49
34 36
19 35 46
30
23 28

23
0 9
35

20 29
21
14
23 32
41

29 48
32

8 18 23 24

25 47

24

39
2
41 42


33
26 28
23
8 16 19 21 30
22 48
11

5
36
43

12
35 44

17

23
25 28 46
2 10 24
17 19

39
9
15
11 41
36


13
8 35
11 27
34
5
0 48

19
21
16
44
14
14 28
20 41
25
10 26 34


16 44
17
1
1 48
26
9


19
20
0 2 21 22 23
9
5 8 27
9 41
38
7 9 49
1
26

11 43 44
30 38 39
44
25

15
10 19 48

14 22
22 39

37
17 18 35 43
25 37 44
1


43 49
31
36
24 26 33
23
20
16
1 7 32
21 29 46
48
37 42
41
19 20 49
15 22 24
18


47
37 47
4 35

23 43
0 11
3
19 24
42 46
0 24 38
27

45
12 47

7 8 44
19 39

2 27 41
21
30 32 43 46
15
17 47
18
30
36

43
39
24 44

20 38 45
0
2 33 42
8 22

12
47
30
1
2

20
17 18

16 18 29

26

10 22 36
6 16 17 24 44
16 37 38 42
20 31 38
6 24
9
23
0 10 39
12 34 49
34
24
3
7 13
2 15
21 29 32
10 36
25 45
0
11 29 33
13 14
2 29
10
8 26 46
10 22

13 17 44
4

10
2 27
43

36
13 40 45
39

1 12 19
18
40
9

37
15
14

25
45
1 5 15 32
7 12 48
43

4 18
24
8 27 36 49
10
39 43
40 44
24
18

19 23
18
0 32 49
14 21 35
1
30
5 36 40
39 48
0 11 13 14 29
40
34 35 38
1 7 14 41
9
18
21 49
22 29 42 43
3
17 29
15 47
6
32
36 43
18 24 28
35 40

7 9
5 34
20 34
5 12

13
7 14 33 42 43
36 38 44
28

43

25
4 26 46
23 31
23 29
6 36
1
43
19
26
16 17
41 44
12
19
46
9 11 34 43
22 42

5 18



38
2 9

33
49

44
37 41
16 32
20
25

47 48
17 25
17 48

31 34
29
0 10 19


21 35
29 34

17
11 13
4 22 32 40

37
30
20 47
14 26
16
23 27
4


2 14 25
16

2 21
1 37


15 24
48
34





10 32 33
8 17 31


45
17
18 48
10
47
23 35
2 3 15 33 34 41
25

13 39


29

46
18
26
1
10 16
21 27
32


9 19 49

18
2
43

36
15 24
44

23 29
28 31 36
4 25
6 23 31 42
6 20 25

3
0 13 46
5 20

41
41
9 34 37

29 47

15 36
12
14 45
39
31
29 36
31
4
16
16
38
12
0
13 24 43
38
15 25 30 35 47

15 35
6
9 10 20

25 44
13 28
38 48
19 28
19 37
7 18 44
23 28 31 49

2 13 16 18 35
32
22 32
21 23 28
43
0 16 32
13
23
27
21 38
24

10

0

22 34
3 18 29

5
27

27 33 39

5
43
19 25 32
22 48
0
17 35 38 42
17
17 22 23

17
49
25 45 47
27
7
15 17 18
6 32 44

4 22 37
43
39

36
33
18


47
25 40
20
40
13

18
26
25
1 20
5 7 40 45


22


38
2 17
45

16 20
37
31 37
10
19 21 24 35
23 35

25 30
42

27
38
12 37 39
0 41 42
2 29 41
25
35
18
31 35 46
2
20 32


49

20
31
8 17
2 31
12
10 12 23 26 43
12 16

13 17

25
26 35 39
9
29
5 10 12 33 40

12 26 43
0 1 14
3 9 42

2 31 35
2 32 37
45
13 34
3 5 37 43
24

26
36 37


22
8 14
36

18 45
9 30 32
32
32 36
28
48
17
49

14 40

33
19 35

22
42
15 20 33
3 30
20 36 47
20 32
19
14
32
18 20
5

8 17 18 29 35
25 28 29
21 39
47
26 45
24
21 32 47
17 34
15 19 21 40
37
11
47
42
34 46
14
19
41 42
30
13 20 41


36
11
26
10 28
8 9 11 13 47 49
14
1 4 13
19 48
29
47
9 31 40

2
7 14 17
31
45
0
47

23
32
4 37 47
41
0 12 45
26 41
22
18 29 30

16
0 9 16
24 26 30
15
24 43
6 13 16 36
12 24 25
20 25 46
29 30
24 32 36
4 23
26 49
6 9 27
32
35 37
1 4
17 45
12 39
17
32
15
10 40
5 19 24 28 36
40
4 8 11 13 28 29
6 24 49
7 19 43

31 40
49
16
37
45
35 42 48
28

49
25 49
11
27
29 47
34 36

29
31


2 10 15
5 32
18
29 32 38 45 47
12 19
7 27 43
5 41 45




15 30 34
21
30
2 40
13
1
12
23
36 46 48
24 38
39
28
29 49
11 15
5 13 25
18
3 34
1 6 8 20 24 28
3 16 18 27
27
35 47
10 20 28
21 47
12
37

0 30 41
13

5 37
31 35
9 13 25
11 21
2 10 35 49
27

11 28
10
1 39 41
7 14
41 42 44


3 43
32 41
0 11 47
40
27 33 46
2 9


0
12
22 43
0 11
25 48
20
40
8 30
16 46
10 37 39

11 30 34
35
32
2
17 26
5 9 39

0 19 30
18
4 41
10
8 23

1 2 14 41

15
28 46
38 48
23
22
37
1 27
13
29 41 46 47
38
24 29 35 41
46

1 17
6 10 25 32 38

0 18 20 45


2 46
18 32
36

18
24
17
20 33 35
29
14 30
32

1 25
7
13 43 45
10 49

8


27 29 36 42
27 35
26 32 36
9 15

9 21 43
38
37
6 10

11
11 15
3
9 13 17 39


38 49

5

35 49
0 38
32



29 33

34
13 37 40
7 38
9 32 36 44
23
5 44

16
1 25 43
9
30
8 27 40
28

47
35


0 19
39 40 47

4 18 32 38
10 33 39 42

4 12

28
17 48
25
7 14 15 36 37
15
44
23 30

18 43
15 31
2 47
32

4 31 44
48
19


0 14

37
20 28 31
3 33



1 13 45

24 32 37 49


37

1 28
43
13 40 43
7
45
37
13 16 42 43
16 20 26 28
3 18 33
17
28

45
27 31
5 12 38
46
18 48
27 37

24
25 45

1 31
7 12 34
17 27
9 14 34
5 18 47

4
36
19 41
39 41


16 32 45 48
10

9 19 43
12 27
18 22 45
2 5
40
24 43 48

20 21 23

6 48
43
46
14 37 40
16

23 29

44 47
14 34
0 4
0
11 24 25 33

3 29
17 29 30
28
34
7
2 7 44
34


0

21 34




32 41
17 26 32 35
14 38
1 35
40 42
46 47
21 23

34
24

22 36
20
11 29
17 30
20
8 26 31 39 40
44
9 46
19

6 22 23 48
20
11
14 22
30


26
7
0 44

1 30
5

15 30 40 48

0 16 26


27 33

45
20 28
11 36 49
19 47 48
19 44 49
33 36
29 45


44 49
8
6 10 40 47
23
15 40
14 38
32 40
40
27
5
4 8
2
0 34
13 40
43
11 41
27
13
4 23 26

35
42
31 37
36 39
11 31 32 47
43
0
23 44

10 37
27 39

40 49
2 5 25

2 3 19 29 39
30
6
10 15 21 26 29 30 32 42
7
4 35
29 44
22
41 49
11 22 33
3 7 11 14 32
26 42
19
46


40
2 9 13 19 23 48
16 28 35

13 48
15 34
1 32
25
9 14
0
18 38 39
29

0
35

5 17

8 33
28
17
16 22 31 33 36 46

16 25 28
27 42 49
21
31 48
11 31
13 21
13
47

26


4


1 41 48
40
2 25 43
21
9 45
27
8
36

15 34 48
1 5 39
23
19

0 5 47
22 38

23
11 14 37
7 8 47
40
49
37 45
6
43

7 17
25 32 37 40



4 32 42

15 20 24 35 43
45 46
29
15 28
4 28

4 8 11 19
13
16 19
35

26
1 16 27 28
6 28


35

22 30
12 14 42
34
42

17 20
24 25 41
5
8

14

40
14
8 14 36

40

16 31
0 10

20
20
31 32
13

39

14

16 25 26
10 12 39
28 36
11
15 36
17 29
21
45 46
31 37

44
30
23
28 40 48
5 20
24 41
13
28 45
49
44



6 16 31 42
25


36
47
31
39
16 41

33
19 32
10 19 22
41 45

35 46 48

3 36
18

47
8 23 31 49
1
48
20
15



10 16 36 40 49
38
41
11 38 47
8


12 28 44
5 39
4 5 11 18 38
2 20
3 14 34

18 41
11 29
22 24


13 28 29 37
7 18 46
16

8 19 33
30 42
10 29
5 9
23
30 47
18
47 49
34 36
49
7 18 46
9 29

4 25 32 43


7 26
47
23 43
20

33

14 44
0 40

2
19
17
13 20 43
19 43
17
20 47
35
3 11
20

32
6 45
17 45
5 36
33
17 49
14
43

3 13 32
20 32 43
13 43

16
46
35 41
0 33
13 36
43
2 46
27

29 44
7 9 21 36 40
22
18 45
1 45
16
1
3 23 47
13
23

12
29 40 46
5 18 22
12 35 39 40
10 11 35
18
42
47
10 30
8 28
0 5 24 27 43
25
49
30
5 34 47
6

22 29
35
6 9 36 43 45
33 37


6
10 12 16
6 24
7 15 27
27
20 29
15
8
24
15
30
25 26 36

4 9
22
43
25 40
2 9 18 26
9 11 16
31
18 28

13
5 7 33
32
18
10 17 43
0 9 46 48
16 19
1 10 31
12 22 24 45


17
33
10
7 36
30
9 30
21
4 41
37
7 49
22 30
19 33 45
6
46
3 27
5
6 32

13 14 39 42 45

19 29 49
5 22 26
21 37 47
15
28
49



20 22 49

4 48
3 7 41 44



35 49
39
9 16
16 17
28 35 43
12
27
28

19
40

18 30

3 5 22 28 35
22 29
9 10 12 15 41


11

35
15 41
14 31 34

0 12 35

4 39 40 41
5 26 37 42
27 29
3 32 47
25 28
32
14 31
42 44 48
15

7 9
25 39

5 27 31

19 29
30 31 47


1 9 29


3 16 22
19
20 36

19

38
28 43
42
5 12 36

7 11 41
30
23 35 49
9 44
44
37
18 37


0 10
34
13 34 45
11 13 24 26 47
47
10 26 44
48
11 37 40

13 36
12 39
2 12
33 35 44
2 17 30
45
7 16
21 27 42
4 14 28 40
4 14
33
6 8 13 19
2 9 35

18
12 32
16 25
24
1 8 34

12 24
14 34 42
8
13
10 24 29
10 33
24
13 19
12

15
17 19
46
0 27
45

2
10 36

11 42 44

35


25
31 38

15 35 43 49
3 7 19 23 26
41 47
7 12 22 36 37


0 9

19

1
5 39

24
33 36 38
33 36 42
47
14 32
25 32
5 7
25

5 10 11
1
15
23 44
30 36 40 41
26

15 26 35 43

1 21 30
29 37 40

10 23
21
3 16
21 22 29 33
4 36

24
12 43
7 42

12 45 47
7 13 21 24
11 28
3
26 31
18 27 31
13 38 48
1 19
19 38 48
1 11 18 20
28
43
1

2 40 47

20
23
13 46

3 14
1 6
2 18 21 42
17 28 44
35
4 6 24 39
19
1 22 25
14
44


30 40

22
18 24
31
5 35 43
20 40
1 19

1 21 35 40

19 25 48
10 12 16 45 46
39 40


26 27

34 48
27
13

17
27 37
32 43
32
8 13 26 40 47

18 37 41

11 14
25 26
36
1
15 26

27

44
6 36
48
6 13

25 26
16
6 34
0 34 35
13
22 37
8 9
6 14 48
18
47
37
48
1
7 38
14
44 46
32
20 22 43


1 37

44 49
47
4 19 22

12 44
7 45 46



21 40

23
22 42 49
19
1
4


3 15 26 42
38

3 35
16 32
32 41 47
33
31
22 35

16 41
36
1 45
7 45
12
7


8
11 22 37
34
21
35

33
39
42
0 20 34 35 39

13 33
14


20
4
32

5 33 40 42
10
0

9 10
39
3 27 47
11 16

26
23 25
47
12
13 18 40
6
6

9 13
5 31 34
34 37
43

36
41

34 48
11 49
33 34 38
48
37
18
32 44

26
40
1 9 32
0 8
28 47

3
39
29 42




30 31 42
14
28
29
19
39
15
4 7 26 27
10 45
10
26
19 21
34
3 39

0 11
9 32 44
1 48
36 42
37
25
20 25
15

4 36
42

21


47

6 32 39

4
7 29 48
0 23
22


4
9

10
1 15 30
49
21
43
19 35
45
5


15 30
16
22 29 45
6
29 31
40
19
7 11 24 32
1 19 39

25 31 45
2

23 36
46
3 6 32


7

36
9 23
1 11

18
5 9 41
31

20 27

39 46
21
24
10 29
32 49
38 42
18 39
33
49
0 13
0
23 32
19 22
31
14 29

30 37
35
6
24 30 34
26
26 31 43
28
7
0


12 17 29
3 13
44

4 13 16
33
28
26 36

30
0 43

11
41
27
11 41

26 43
14
44 49
43
44 48
47
27
28 49
38 40
10
7 44



2 25 35 45 48
13 21 42
15
18 28 36 43
8

7 20
23
30
25

3 17 19 48
26
16 19 23 26 33 40
5 22
16 24
9 12 42 45
12
43 48
2 27 42
6 23 46
16
29
21

10 40
39
27
48
1 13
20 26
35
32
21 37 41
36
1 10

0 47
23 47
3 27

45
22 39
1
12 34
13 17
17 24 47
2 48
38 43
24 26 35 49
19 28 38
24


19
23 24 44
10
14 23
23 26
8 18

41

24
18 19 22
1 28 43
12 28

4 23 26 37
29 44
9 19 31 46
15
21 36 42 48
19 31
24
18 22
2 9 15 44
25
37
29 47


21 32 46
0 35
11 19 22 37 42
31 41
22 30
20
2 18
1 8
22 40 47
11 39

0 15 20 38
37 39 42 48

10 32 43
36
17 38

5
48
15 24
0 2 17 23 45
25
24 35
11 18 28 36

31
7
0
10 26 32 33
18 28
20 35
23

9 37

31

6 12 20 28
35

6 48
47
0 4 28 29 40
39 42
22 24 47
10
14 44
23 30
7 16 34 40
2
37
30 40
20

4 49
26 36
8 21 41 44
7 16 36

18
44
17 26 30 32
17
35

9 16

10
47
5 8 17 40
14 39 46

35 49
3
20 36
12 18
40 48
1 7 19
17 19 38 44
7 49
25

3 21
8
41
7 18 19

17 37 39 48



4 7
11 24 44
19
36
17 26 40
42

12 46
3 19 20
16 41
6 27 45
3 16 21 40
19 38
12 31
10 27 48
27 30
4
18 21 46

16 33 47
22

3 41
46
7
6

25 27
12
26 40

0 10
46 47
16

18 45 47
0 13
12
28 35 36
2
11
13 14
17 26

11 46


0 25
12 16 25 37
12 19 25 37
21 28
27 28 47
10
11 18 37
47

5 13 25
0 5 13 28 44 47 49
5
15 29
27 34 36

2
26 32
19
8 15
5 11

13 35 41
9
0 6 19
16 48
49

6 26 40
2 42 48
43
26 47
1 13
16 42
27
3
11 47
36
27
40
3
30
45
15
30
45


47
3 22
1 12

19 48
18
21 49
7 43 45

29 32
0 41
38



0
22 41
39 48
11
28
23 32
38
14 28 35 48

9 29
5 43
8 14 32
1 9 13
13 20
10 29
3 30

9 11 14 32
22
5
17 31
3
23 29 38
0 25
46
14
1 32 39 47
10 14
34 36 40

23 40
23
29 34
2 21 33 41
9 19 33
6 30
12 36
25 29 37


14 15 18 40
18
7
4 30
14 43
13 20 30
12
9
7 9 21 38
33
6

33 49

5
16 32
29
19 48
38 44
4 8

0 24
0
23
2 40
2 14 17 22 34
45
21
8 44
28
18 25 41
36
49
28 31
10

27
22
36
31
19 49
35 48
1 9 26
7 16 18 25 44 46
13 41 47
3 24 30
33
27

10
13 21
13 16 22 44
11

22
1 24 49
42
0 32
0 5 22

3 19

16 43
2 18 20 34
0 10 28
14
28 30

6 8
7 48
30

26
40
42


9
17
21
30 36

7 19 38 49


14 27 41

41 43
33 37
8 13 28 34 49
8 18 42
23 43
18 37 47

4

21 37 38

16 24 37 45

2 15
29
4
30
35 37 45
15
19 36
31
24 32
14
34
10 37 39 49
3 18 20
5 28
8 9 19 21
35 46
45 49
23 25 35
19
8
2 9 35
37
18

26
23 27 38 47
24
32
2 16 37
10 19
30
2 6

38
43
30 44
29 35
34
35
3 33 42
43
30
13 32
18 26 31
28 30
33
31 36

0
9 18 28 33 47
24 38
23 31 42
1 26 43 44
34
1 15 24
4 35
34
46
9 21 31
8 11 28
30
0 36 44
38


18
2 21 27


5 10
35
20
27
21 38
23 36
30 43
12
32
25


24
48 49
7 45

9
2 20 42
31
21 36
16 20

49
30
40
7 43

28


7 9


5 8 37
15
12
25 36

11 40 47

45
0 28 29 43

16 25 26 28 49
4 32
22 43
13 27


7 23
2 13 24
49
22
26 45
7
25 33
39



3 5 23
10 37 48
26 29
10 38

1
0 29 34
30
31
2 48

2 4 37
31 34 46
33
45
5 35


26
1 20
10 15

31 35
8
0

23

20
19 43
6
7 38
0 3 21 28 40
17
3 7 8 35 48
0 29 31
48
16 18 28 45

15 48
22
34
4 17
8
3
11 41

13 24
38

8 12 30 34
5

0
9 40

6 9 23

15
9 41
27
6 18
12 25


32
32 49
26
22

6
31 40
21
42
5 32

13

35
10
25 45
19 20 44
1
7 41

0 30

14 26
26 44


12 37
8 48
15
42
22
14 36
16
1
2 32
1
29
