24 45
1 14 29
36 48

18 39
29
22
23
31 46


20 44
5 11

17 32 33
22 25
42 45
36

6 32

39
21 27 41

1
40
8 24 26
45
14 33 48
2
27 35
0 3
13 14 25
30
6 26
10 21 41
7 46
15
8 48
12
23
29 35 37

14 40
12 21
26

13 31 35 41 49
34

11 13 25
21

10
28
8 28 30 45
6 41
11 23

14 27 32 39 46
34 48
1 3 35

14 34
36
8
26
18 44 47
17

3 31

19 25
30
7 48
4 46
4
2


3 23 36
38 46
43
3
6 9 14 19
7 26
10
0
17 21 43
11 22 28
49
6 9 23
15 19
20
16
24 31 37 49
1 20

7 15 49

37 41
26 43
11 37 46
6 43

5 17 27
18 35
27 47

8 21 32
16
15 44
5 30
22 47
20
13 39 48
0 17 41 48
19 24 26 44
0 37
10 26
4 10

2 11 41
28


21
16 49
0
10 12
16 26
9 41
1
25
1 5
18 43 46
9 25
11
10 37
12
30 39
11 22
19 20 26
12 29 46

49
40


33

26

22 36
14 15 17 18 33
19 46
34 48
10 29

33
29

35
25 43 46
39
26
0 32
39 46
15
7 16
14 33

6 19 20

36 41 43
33
42
47



20
42
2 34

13 30


3
4
18 43
27
26
20

0 44
35
16 41
10 33
14
19 47
19
21 28
2 44
9

27
5 14 16 25 49
12 34 47
3 6 43
26 33
16 30
33
7 17
24 29
25 31
11



7
9 27 37
6 14 36
24 30 34
36

10 34
20 24

5
3 5 32
44


5 37
11 15 20
26


34 43
37
10 21 48



23
0 44
30
44

31
42
2 8 10
45
22 40 43
36

35
29 45
36
22
5 45
14 25 26
4 7 9

36
34

47
29
6 37 43
45
39
6
34 45
7

19 29 40 46 48
8 42
11 12 18 19
31 42 43
22
8 36 38
2 18
4
12
9 37

37
8 23 45
46 48
6 11

16 43
34
9 21 35


4
19 31 49
2
43
40
47
1 30 33 35

4 8 25


6 7
16

15 21
25
23 49
9 32
10 47

32
6 15

46
35

43
3 37

27 36

2 15
0 20




9 19 24 44 49


12 23 35

7
3 19 32 41

31
23
6 9
19 33 40
16
17
18 44
25
47
9 38
39 47
37


9 10 19 20 28

33

5 23 25 48
31
32

0 11
7
15 36
1 48

2 10 39 40
10 32 49

48
19 40
0 24
2 14 33
17
7 38 41 46
31
23


47
10 46
14 24 27


46
21 30


23

19 25
2 42
16
1

32

29

9 19
0 41
11


34
38 49
28 31 45 49
19 27
6
18 23 45
14
26 44

36
25 36
20 48
14 35 36
7 15 27 37
29 37

21 30 34 37
18 28 40
17 43
26 28 45
14
35 48
8 11 18
8 10

13
22 33 47

2

43
4 23
4
0

29
5 13 49
15 19 27
27
37
33
46 47
39
21 29
25 44
29 31 36 42
20 29
17 20
7 8
26
3 7 11 18 32 45
10 12
6 10 36 48
10 19 42


4
41

18 23 29 47

33
29
2 20

9 27
29 46
5
2 3 9
34
36
13
22 29

2
4 44
4 30 38 48
10 13
42
13

31 36 46
23 48
3 10


49
4 28
16
27
10



28 44
29 37
1 23
11 13 33 38


0
13 28 42 47

16
0 10 12 37
11
16 35
11 37
6 38
29 40 47
2 7 48
3

4 25 26


48

4 12 25
10
15

23 27 28 39
25 29


19 31 41 47
9


9
40
14 26
19
3 19

1 2 5 25 35
43
41

0 8

33 37

28
7 17 30 38
2 4
16
23
15 17
13 24 30 40 49
12 22 30
28
7 42

0 46

25 29
40
38
47 49
17
5 37 39
8

7 9
2 4 36


18
15 20 43
21 32


12 20 22 23
35
16
18 24 49
12 25 43

38
44
36
2
14 22
1 20 30 48
31 36
11 28
37
6

42
45

7
30 40 47
2 12
16 43

11
11 13
2
3

26

8 21

30
1
43 45
4 20 29
27
8 18
4
17
18 38
30 31
14 34
37 48

9
41 47

28 34 48
19
29 35 36
23
9 24 44
9
11 39

9 22
15 43 47


26 30 37 48
20 31 44
2 42
13 20 26
3 28 40
3 45
4 6 27 37

27 42
45

44
1 7 9 19
11 17 19

2 14 49
12 15 22
15
17
13 26
37
44
8
11


18
30
9 26 44
0 20 45 48
9 23 29 33

20 28
41
4 15
8 9 12 45
25


14
17 22
41
43
38

33 42
49
29
7 47
12
20
18 33
36 40 49


6 13
15

9

0 30 45 47
6 35

38

5 10 13
16 18 25
18
13 34

46
24 47
27
21 22 47

18 36
0 15 48
0 4 28


6 7 25 40
14 49
1
23 43
22
35
20

36
48

6 20
1 41 44
7 23

34 42


22 32
2 15 42 46

25

3
0 15 22 30 46
5 9
25 29 33
17 44
3

3 18
26 38 44
7 36 44


4 26 40
40
15 18
36 43
7 37 39
11 32
24 34 49
9

11 23 38 45
21 45
15
6 36 37 42
22

11 15 24 29 41
40
14 43

48
24
21 38
1 14 34
18 25
12 33 34 39
27
16
1 41
2 30 41 45
1 4 25 29
16 20

38 44
23 26
39 47
9

46
24 37 38
10 12 41
4
12
49


5

9 13

11 20 39
13

30
26 28
20 36
37
30
25 31
3 10
6 44
26
24

8 49
29 43


10 13 48

38
18 39
19 30
30
16 46
2 6 21 22 36
0

17 18 46
14 21
23 47
38
47

46
13
18
1 26
15 22 28

6 24
32 37
6 10
4 39
4 8
38
13 16
22
14 15
45
23
22 34

6 11 27 47
13 44
11 39
35
4 15 45
12
2
14 21 28
0 16
35
20 41
47
9 13
25 39
11
10 28 32 36
28
10 12 29
45

38 43 48
6 13


7
46
19 23 32
2 36
14

12 23 41
32
9 10 15 38
14 15 38
24
10 20 44
12 30
33

36 45
12



5 24 28 30
14
34
39
25 28
8 18 49
31 49
3 15 20
21

4 18 31
3
3 17

29
28
28 41

24
7 29 36
39

0

4
6
9 13 16
40
16

9 22 44
22 49

3 5 21
32

27
12 29 34
16 39 41
42
3

4 39

43

16 33
4 27 38

5 7 10
16 48
44 49
3
21 39
28 40
25

34 38
15 25 27

31 48
4 36
46

9 25 35
3 11


26 46
20
11 49
4 40
20 43
15 28


9 24
3 13


15
31 33 38
12 20
1 8 43
49
3 36
35
11 21 28
13 23

8 37
7 37
0

41
21 24
2 6 41
5 43


16
0
8 9 37


16 38
22 34
10 20
2 15 40

22
17 21 40
5

6 33 34 36
8 46
26 29 30 32 39


6
14 40
3 34 39
36
18 39
27
47
33 41
10 14 28
15

12 16 26 44
11 19
4 10

17 20

19 35
11 21 34
25


36

37

19

7 25 27

20 49

1 15 19
15 37

5 41
36
37
26
7 8 16
12

37
0
20 25

16 35
17 45
46
1 18
3 43
14
40
1 49
49
14

44
3

38
25
2 9 40
21
20 27

3 7 17


5
18 23 37 44
16 28
33 42 48
11
20 48
44
34 39
17


17
22
2 16 28



39 49

25 41

11

10 44
30 48

0 1 3 33
19 21
20
10 44 49
13

7 17
41
12 17 23 46
22
41 43
14 33
12 27 36

4 40
3 4
29

23
9 21
22

5 30

49
8 47
15

15
12 40 43
46
29
12
12 24 36


12 17 31 46
40
37
11 33
47
38
13
1 44
13
17 42 49
32

15
22 28
15
3 8 37

12 43 48

16 29
16 42
1 5 21 22
24

7
3 18
13
15

34
43 44
36
3
11

31 45

7
27 28 31
33



25
14 22
2 7 21
16 46 49

44 46

4 11 44
5 19
6 35
0 36


18
4 10 18

32

6
2 48

47
21 31
2
1 5 27
30

7 39
16
24
30
18 48
20 25
12 46
1 15 30
45
7
21 30 31
27
48
6
8
24 28 35 37
8 20

28 42
3 13 36
0 35 45
36
32
8 39


8
36 39
19 22
4 42 48
0
1 6 25
9 12 17 31 42
15

44
11


22 23 35 45
35

23


15 42 45

3 28 34
18
24
2 30 34
0
3
42
9 21 32 46

2 25
19
1 18
10
43

26 46
31 46
45
3 36
26 42
22


1 14 30 40

14 30

15
5 13 24 26 46
8
21
11
13
19 47

6 22 31
7 25
33
32
43
11 15
20 34 35
3

19
15 37 48


39 45


10 29
0 9 13
3 30
4 36 42

5 27 49


16 49
31 37
11 20

13
36 45
31

41
11 32

21

5 39
3 29

31

9 22 29 40
23
24 34
0 5 40

8 27 44

20 23
11
36
47
0
40
8 12 25


5
4 15
14
43
8 18
29 31 47 48
31 41
31

31 36 39


42
35
23 30

41
30

24 25 38

29

1 23 33
25 39

20
28

3
3

14
8


49

7 45 46
30 47
20 48
27
28 36 37

37
16 17
19
12 22

19 42
39
8 12
47

8 17
38 47
2 21
15
26 35
11 19 39

27 35 47
21
32
28 38
8 18 23
10 43




3 12 13
44
25
10 15
39
10 14 48
21 33 34
24 29 31 34 36 48
22
5 27 43


11
8 25 30
24

20 28 42
3 9 25 46

18 33
33 49
37
0

16 24
21 36
15

7 38
42
25 40
40

7 38 41 47
15 27


25 47
22 27

7 25

3


0 3 26 28
18 40
0 20 30 34

6 15 27 42
43
6 11 19 36


15
40 43
14

3
29
7
43
14 17 29 47
23 27 40
2 20 42
27 31 48
48
33
9
7 43
49
38 49

41
32
27 29

33
24 41
13 21 43 47
33
23 25
1

48
6 31 35

1
28 37 49

23 38
21
4 8 17 43

22 32

43
24 27 32 34 35
46
15
37 39

34
26
38
12 22 48
27 37
33 45
0 19
18 42 44
3 4
1 7

30 35
3 14 20
0 18 29 36
17 48

7 42
2 34
16 24 27 28
14 46
12 22 34
10 17 24 27 33

42
28 37 44
8 19 20 41

26

4 19 38
35
37
6 23 47
28 33 38

9

1 21
20 31
26 35 49
31 44
20 45
35
16
18
9 44
2 45 49


9 49
28 32
14
3 7
39
25 49
1 11
3


0 4 47
41
11 26
38
32
14
49
17 34
17 21
35
20
19 41 43
3
30 47
16 18 38 41
1 4 8 11
1 43
39
24 41

26

8
24 43 47
2 36 37
5 37 39
8 13 35
2 11 19 28
0 11 32 33 49
48

14 16
37 47 49
26
45
10


11 35

10
8
39


8 23 27 45 46 47
44


6 8 14 32 40


20 38 49
36
44
1 15

28 31 33
9
12 14 34 40
45
1 4
34
23


1 7

18
13
30
28 42
10 27 46
7
9 20

26 46
41 42
32
15
8 39
4 24 32
0 10 35 43
28 37
31
4
6 44
12

0 34
21
35 48
3
4 18 35
19

38

3
31 45
8

6 13 28

19
6 32 40
37 45

7 24
8 9
7 10 23

6 7
11 26
18 30
32 42
17 31
36 39

8 23
5 9 11
32
10 16
48
10 13 39
10
28
22 25 38

48
24
4 43
29 49
9 34
14 38
23
18
36
31
2 16
30
10 11
27 44
2

13
23
1 12
26
35 39
17
3
9

42
1 10
18 31 42
17 38
1 40
34 39 43
9 45

11
1 22 34 41
21
0 4
0 17 39 43 47
7

33

14 27
0 7
32
31
42 46

6 27 42
30 42
41
5 30
17
13 29
26
11 27 36 47
23
2 4 17 35 45
18
4 22 35
2 28
27
4 15
18
11 12
11



15 27 37
19 31 34
26

29
5 38 49
8 13
44
19
7

39

11 41
7
9
5
6 30
11
1 14
4 48
40
19 27 35
7 13
34 46
34
11 48
2 14 16 30 48
5
44


3
21 40

18 29 47
33 48
8 22 45
23
7
4 6 17 21
40
3 38 41
34 49
36 42
48
24

1 8 14 25 33
31
18
20 48
9

24
12 14 35
20 35 37

13 30
3 8 16 23
36
20

38 49
20 36

8 11 41
24 25 38
14 30 47
9 25 28
32
41
1
34

15 44

9
5
13 44
15
3 5 21 37

27

28 43

13 22 36 37




43
5

27
11 42
48
1

13 14 29
34
16
0 16
11 43
17 19
31 33
9 40 41
0 12
2 4 23
39
31


22 35
2 9
12 24
6 25 39 45
37
1 30 41

18
0
18
12
8

41 44
8 41

43
4
29 34 42

1
39 41
6 33 46
1 34
8 20
21 28 39

10

17 34 35 41
37
40 48
5 6

6 47
1 28 44
33 34 47 49

1 10 35
4 41
31 32
17 49
29 35
1 28 46

13 28
35
21
0 15 33 39
37
37
5
10 19 21
20 46
8 10 36
42
0 2 17

8 14 41
29
10 24
1 18 24
26
8 20
28
10 28 46
15 25 35 40 46
5 6 26 27 34
21
20 32 33 43 47
8 28
7
21

3 12 39
6 32 41
18 28 29 44
31
19 45
47
19 29 31
24
41
11 19
17 31
16
36 44
22 29 39 46

0 29

20

0 22
8 41
25
28 30
10 20 28 42

25
5 20
44
3 6
16 17 22 37 43
18

5 6
15

6 19 21
17

1
8

1 9 27 44
12 31 45 48
41
3
3 41
8 24 25

8 30 47
28
18 22 30 38 46
5 19


46 48
1 25

46
2 17 23 33



27 43
14 18 22
0

14 28 47
27
2 37 38 42 44

7
42


23 35
33
9 35
37 42
1 28
8 19
47
10 24

11 25
8 23 27 33 40
10
27

46
48
2 6 42
21


3
4 34
32

15 17 26


18 22 30 32

22 33 35
23
4 13 43
5 30 37
15 36 48


23 30
40 41
24 34
5 20
34
15

32 41 44 47
17 44
17
5 41

35 38 45
15 45
17
31

6 32
19 29

34
20
7 12

11 22 41
32
45
22 48
15 36 45
19 46
39 43

8

4 29
2 14 29 31
3 8 20

0

26 48
30 35 45
22 38

41
8 10
4

17
6
5 11 33
6 49

10

1 2 5 40

21 41
36 40 45

19 48
47
46
1
19
10
21 32
3 14

11 24
38

0 24
28 31
0 19
2 4

17
23 33
8 17
17


28
12 27 34
2 7 11 34
43
3
23 28 48
8
19 25
21 47
42
14 44
25 29 42


6 22
12
2 27 48
2
6 21 22
5 29
3 18 49
2
26 27
8
48
4 31
13 39
5 16 37
4 36
0 17 29
15 32

1 47
15 23
4


33 42

2
0 9 15 44
5 27 47
21 35
7
6 24 42
22

40
42 45
0 26 27 32 33
6

20
10 11
15 21 46 49
9 10 26

1

17

11 28

10 17
8
32 37 39 44
43 49

13 26 35
13
30 35 43
37
43
37
26
14 17
42
7 14 16 30 40
26 35 36
7 15 37
45


15
3 17 26
26 42 46
24 27
2
4 11
48
26
41
37
7
11 12 40


34

18 29 47
18 27
17 20 42 44
44
11 22 33 48
3 27
10 29 31


8
3
0 25
1 8

3 12 40 45
3 21
7
23
3 28 33

2 13 34 37

1 39
33 37

29 49
11 31
20 30
7 31
23 30 43
7
9


6

0 33

0 17 33 47
2 5 12
26 32
8 22 28 40
1
5 26
37
8

11 13 31 33

46
33 48
45
1 20
38
15
24 27 49
49
38
0 3 8 33
42
5 42

3

41
10 16
45
8
9 17

41

9 30
26


36
27
48
20 26

17
6 21 24 48

9 16 21 41 45
10 44
22 27
5 6
1
8 20 24 34 49
3 11 35
21 34

0 22 48

21 45
47

30 34
6 28 38
7

42 45 49
22 35
22
23
26
12


0 4
4 35 43
35 44
2 17 24 38
0 6 26

28
9


0 21 34 39
21 24
34
26 29 37
22
8 19 39
23 38
43
18 44 45 47

21

26

4 13
23 39 42 47
4
33 41

48
33
20 40 45
26
28 44
14
21 41
33 41

2 47
47
17
1 18
22
30
7
1
21 22
4 15 49

0
24 33

7 12 16
15 30 41 42

0 1 34 35 37 39

36 44
24 34 35
27 43

15

38
13 17
22 29
13 49
22
39
6 32
14 17 49

18 28


10 37 40

1 29
37 43
9 24 31
38





9 21


28
11 18 48
14 42
44


28 47

6 14 15 20
5 12 21 24 35

24 29
32 33
4 20 26 38
1 11 34
4 16 36
19

7 16 27
16 42 44
37

31 45
6
2 3 5 9 24 38 45
3 49

4 26 33
19 35 37
10 15 40
4 14 24

27

1 18
46
5 42
5
0 40
6 31
46
4
1 23
3 46 48
43
40
29 35
21 33
45 47

44
2 15 30
2


24

29 41

10 45
0
14 24 38 40

7 9 49
14 28


34 36
38
8 14 18 24 33 40 44
5

34 41
7 36 49
21
17
8 26
14
1 3 27 35
19 31
2 43 46 49
25 46

21

16 44

12

23 26 31 39
32 38

1 3
24 37
2 29
3 7 29 39
4
29
27
13
6
47

48
8 14 35 38
31

4 47
17 21 40
13 16
25 47
20
1 14 37
0 13 15 27
8

25

15 18 23 36 37 41
24
26
22
2 3 31
26 34 40
10
16 24
23 42 46
34
14 21 31 43
43
6
34

1 14
15
9 21
24 46
1 16 45

42 48
20

12 34
10 25 48
0 31
18
17 43 49

21 38

2 41 46 47
25 47
43
13
3 4
7
46
3 48
0 7 35 38
7
4 42
14 19
49
21 39
0
2 4 13 33 40
29 36 49

49
48
11 42 44







9 11 23


18 26 38

24
20
7
45
23 34
17 22 34 35
3
20 48

33

28 29 42 45
13 16
21
45 47
4 43
13 41

5 23 42

25
0 11 24
17

47
48
8


0 14 30 46
0
25 27 49
41
4
2 24 38 47 48
9 36
18
20
27 47
11 17 34 37

2
16
2 3 36
4
2
17 37


19
11 13 26
6 49
10 29
3 41
6
32
3 21

22
5 39
46

7
28

5 41 44
43
16 26 34 37 40 41


6 24 32 49
12 20 23
22
28
0
12 16 44
11 14
8 12 38


8 32
14 18 33

3 12
5 27

34 46
18
6 30
11
4 18 31
18 43
33
37 48
18 19 42

26 36

38 45
8 18
3 8 43
30 37 49
7 8 24
17
43
12 13
25

35
8
7 26 31

30 37
6 18
7
4 5 33 39
43
26


13 22
32 38 46
5 24
16 20 30 47
27 38
42
24
28 39
47
31
8 13 23
27 37 44
14
8
18
13 23 29

20

4 22 38
24
25 40
18 30
45

18
24 25
4 16 31
39

2 44

37 48
29
25
38
1

35 37 44
8 30

23
17
19
30
29
3 25
16 40
44
47 48

45 49




20 39
13 32
13 41
11 12 36
46
44
16 49
3

15 21
30 38
39
11
48

21 27

31
4
22
30


22


15 33 41

36
33
12 43
18
18 21
23 43
47
10
22 49


11 37


17

6 37
44
45
11

0 11 20 48
34 37 40
13
28 42
2
23
4 15
45
38
26 32

17 39

49

42
31 47
4 45
8
21
21

21


4
1
23 32


19 26 45
25
32
14 21 34
22 31
19 23 38

22 26 35
22 26 28

3 8
22 31
36
1 24
24 34 38 48
6
10
2 23 31
22 23

11 14 15
43
8 22
18 28 39

31
17 24 29 31 34
4

24 42
2 6 27 37 43
8 48 49
44

38 49
6
32

30 36

34
3 5 12 30


0
18 24
10 28 36 43
2 48
2 39
16



16 28 49
11 21
44
1 22 34
9 34
9
37
16
6 12 20
1 2 3 11 34
0
23

14 23 44
20
0 36 48
17 19
3 12
26 28
49

37
35
30

15 42
23
24 43
30

7 27

49
20
24
14 16
11 23
6 19 23


34 41 44
8 16 26


14 23 27
25
15
2 4

0 7

31
19 25 27 40

22
24 27 47

27
32

5 14

35
27 41

22
28 37
41

10 11
5 25 44 45
8
38
5

8 14
21 30 31
18 36

10 19

2 33 43

22 28 36 42
12
38
33
16 35
6
21 34 37 38
6

12

45
43

16 35
23
6 23 28 35 49
5


6
26 39

12 13 37

17
30
19
35
27 38
10
20 24

19 45
4 17
31 37 38

18 39 47

23
3 23
7
18

22
27 41
26 41
4 12 38
43
20

32
28 49
29 37

12 19 29
20 34 42
47
33

8 32 46
12 13
47


40
27 34
12 21 25 45 46
27
41
6 16 31
26
12 40
27 42
8 17


5 11 25 35
9 40

24 40

22 42
1
38 44 49
40 43
5 37
10
19 43
10
15
15 32
47 49
34
5 7 18
1

38

39 40

5 23

20 45
13 14


0 7
26 49
2 9
2 15 32

30 47
8
4 10
35
48
31
20
39

19 32
14
4 41 43
45
6 16 31
6
11
8 35 41

46 49
37
36 49
13 48
15

38
0


3 30 40
6 17
4 39 48
29
0 12 47
36
21
29 33 34
20 28
14 18 22 25 39 42
11
3 16 37 45 49
15
5 49
46
1 7 8

11 15 26 47
43
28 32
17
35
2 9
10 43 46
12 24 48
20 24

3 6
25 30
37
16 48


10 25

4 10
45
31 45
44
37
3

21

16

18

27
3 25 37
26
17 27 29
49
10

22
20
26
6 22 43 44
43
22 38
15
14 32 43

21 38

45
0 14


13 45
3 24
0 35 45

9 19
2 10 24
48
12
14 40 48
27
10
12 43
10
9 48
1 18 49
6
6 17 44
2 4 25 41
39
37 49
2 33
25 30


24

15 46
2 3 23
19 47
5
29 35

7 36 40


41
29
17 29

7


7 22 32
42
6 27 31
40 47
7 30
9 24 44
7

4

31 40
11 13

44
2

11
19 41
28 29 43
9 18
35 39
24
24 40 49
6 37
18 31 32
7 26
3
3 39
1 30 37
4 22
40 42
5 36 42 45
7 24
18 46
9 43
5 49
14 47 48
33
49

36
5 25
6 31 43
4 19 41
10
8 20
7 28
2 19
18
24
7
38
15 16 28
11 31
9 38
39

1 6
29
34
0 2
20 29
27 38 48
3 4
11
18


10 33 36
9 28

1 13

2

5 33 45

39
13 33 39
14 22 25 45
41
28
10 24 28 43
27 32 36
48
15
15
31 33

23 30
35
12 47
0 18 25 31
23
10
30 49
1 38
6 21

2
5 43
26 32
49
10
6 19 41
7 18 34
7
13 26
26

40
42
27 33
9 15
24 29 35
3 44


9
11 42 45
32

34 46
30 33
27

35

9 22
40
2
40 46
16 42
42 47

8 34
29 36
7 30 39
15 17 19
1 15 21 28 42
1
10 26 47

1 32 37


44
10
13 17 22

0



30
24 37
39
9 27 46
2

7
18 28 46
3 9 42


26 36 46

40
27 36 40 43
19 33 34 39 49
9 16



14
37

34 40
26
27
42
27 33 45

11

1 18

9


0 7 20 38


42

3 13 46 49
21 30
17 23 26 35
5 30 44

9
10 49
2 27 32 36

5 19

2 6
22
10
8 12
12

48
7 16 20
39
3 15 31
35 49
40
1 28
21 42 46

14 44
22
46

39 46
11
13 17 36 49

29
24

19 35 45
2 17 38

13 41 48
2 46
34
6 24
5 34
44 49

19 21

33 40
30 35 39
12
25
17
22 41
13 26 27
20 47
17 43

1 48
45

37
31 33

45 48

17 25
7 32
8 16 45

5 12 23 26
43
5 30 33
0 43
13 41 45
2 8 37
4
10 37
2 14


32
27


22
37


8 22 47 48
7 48
0 9

0 14 24 36

18 21 37
46
23 38
12 28
17 28 49
3 13 33 42
8 17 22
14 40
25 27

5 12
17

0
25 35
35
25
30
38
32
15 25 34
9
32 43
24 25 27 46


7 10 12 43

33
6 16
35
8 40
8 43
8 44
21 25 29 32
7 23
7 39
17 23 38 45

27
3 49
39 47

5 17 41
26
3 20 44
44
44

42 49

36
36
9 40 48
12

13 47
2 41 44
5 23 28 49
6
21
11 35 49


30
4 46
0
0 23
4 25 35 49
46
13 27
15 33 44

2 15
28 32
26 46
3 31 33 43

5 13 15
7 14 16
23 27
12 18 19 20
28
17
43
10 37 47
4 9 18
8 9
1 10
26
1

17 26
30

13 15
9 16 26 29 34 46


39
28
6 16 46

12
5 8
25 31 33
2 23 35 36



10 31 35
28

4 22 23 34
28

25
42
37


0 11 13

14 25 30
5 15
5 49

38


44
32 37 41
4 16 28
17 23
10
29
10 14 33 36
45

24 36
6 26
25 41
12
18

12 40
16 25 29 45
8

13
45
18
39
6 12 15 42
27
18
21 28 31 44
36
10 35
6
19 24 35

22 23 36

3 5 12 39
21
23
23 40



37

33
18
33
23
30 41 46

10
11 30
9 17 41


29 42
22 38

18 21


1 34 43
37 39 42
39
21
45
2
21 27 40
29


13

16 40
24 39
30 46 49
13
0 11 22
45
2 5


16
19
7 28 41
7 42 48
3 14 34

19 21 35 45
14
23 25 38
6 17 32

6 9 34


4 15 49
3 20
0 40 45
44
24 42
25 47
2 28
18

1
14 18
19 35
10 34 40

44
31 34 46
1 18
27 36
10
33
5

34
12 25

0
6 9 20 32
12 30 47

13

19 34

5
11
8
22 37
2
47
1 19

0 15 21

26
13 14
5 39
3
1 12
7
1 9 47

6 34 35
44





6 18 28
40 43
22 47
47
6 17 25
11
11
17
19
32 34
6 48

20 22 41


13 41
2 28
8 29

22

49


5 33
20
8
0 25
16 30 37
2 3 5
23
0 4


6 41

26 29

19 27 39
46
25 47
6

17
3
4
44
12 29


12

3 47
4 23 25 41
1 27

17 24 44
14 31
10
9
0
16
9 25 37
13 29

45
20
29 48
7
9 21 31
0

10 11 20
19
31 38
0 30
0


8
14 31
7

11 47


10
37
19
44
31
39
15

3

19 33 45 46
22
2 3 42
0 2 11 21
9 46
26
49
21
6 9
11 15 43
0 12
19 32
29


16 30
35
2 17 43 46
32
39
27
20 26
10 37

39
42 45 48

32
17 36

1 4 5 15 18 20
14
47

26
33
41
7
45
5 31
29 44
13 46
21 34 38
6 9 18
9 37
20 49

14
6
1 5 11 15 23
1
39 43
24 25 45
18 19 20
1 5 15
31 38
18 19
29 34
14 20 31
5 15 17 34
31 48
30
15 32


27 43 47
2 7 13
5 15
5 15 35
13 15
11 13 25 40
4
16
22 36
26 46

5 39 41
11 16 47

42 48
20 27 37
17 42 44
24 37
5 15
5 13 15
27
31
14 39
5 15 33
5 15 23
11 19
26

0 3
31

2
43
10 23
9 10 12 23
5 13 15
16
7 25 29 30 47
27
4 45
0

0
13

31

4
5 22 41
2 18 26 47
5 15
36
20

20 31 47
26

0
13

5 15 42
5
5 15

6 12 42
24 41 42
14
20
2

2 14
12
5 16 23
10
43
6 22 28 48
5 11 15 38 49

8 27 39
18
9 30 45
47
7
5 15 29
28
30 39

19

5 15 37 43
26 45
37

0 8
7 9
37
27
24
5 9 15 29 35 40

3 13
38 48
5 15 17 18 31
18 28
4 47
19 48
23
8 27 43
49

42
9 45
3 48

16 41

47
44

5 10 15 48
5 6 7 35 47
2 11 47
3 6 11 12 30 42
18
44
4 13 19 22
6 15 37
5 15 32
5 6 14 15
3


5 10 15
4 7 23 32 35

2 14


1 11 26 33 47

1 19 28

1

25 37
5 15 17
1 9 39


9 14
4 17 29 37
14
5 15 47

5 15
13
4 5 15 32

43
5 15
39
12 15
2 12
46
6


2 39
0 5 15
3 20 42
22 40 45 48
21 25 27 28 40 45
5 15

3 20 32 39
5 15 18

40 42 45
42 43
40 45
31

0 5 15
44

3
3 5 15 16 27 30 41 43
20 40 45
19
18 31 48
5 6 15
25 40 45
5 15 27
16 27 29
3 5 11 15 36
12


2
13
4 10 11
5 15 40
5 15 28 40
5 15
33 35 40 45
40 45
31
5 15 27 40
5 15
9 40 45
34
5 11 15
5 15 35 47
5 8 15 31
9 26
7
17 29 37
35 40 45
0 11 25 27


9
23 44
10 26 38

8 42 45
27
44 47
40 45
8 40 45
26 42 44
34 39 48
35
40 45
37 40 45
8
29 34 45
16 21 27 34

20 40 45 46
18 19 25 36
20 34 40 45

28 41
35 41
37
8 31 37
31 40 45 49
5 15 46
16

44
5 10 15 30
40 45
13 17 20 25 31 38 40
4 25 40 45
8

28 31
21 39
40 45
20
10 37 40 45 46
7 19 48
5 15
40 45
1
5 7 15
45 49
9
48
16 17
2
19

18 40 45
28
13 28 38
40 43 45
0 1 5 15 23 24 44
8 28
24
37 39
5 15

4 18 19 32
3 44
42
5 9 15 46
1 6 10 29
3 34 40 45

0 5 47
19 46
5 15 39
22
0 1 29

5 15
16
7 34
3 10 46

10 40
5 15
14 15
0 2 16 36
48
11 33 37 42
2 9 13
38 40
33 35 40 45 49
34
33 36 40 45
0 23
5 15 35

7
5 15 30
29
24 34 45


14 18
13 23
8 23
26 33 43
42
5 28 43
5 26 29 35 42
9 26
22 36
4 20 38
29
9 11 40 45 46
40 45 47

26

27 49
5 15 21 24 44
28
14 18
35 47
38
2 32
11 22
26
16 23 31
14
2 5 16 37
40
4
14 23 37 40 45
14 43
5 8 18 21 33
24 45
1 5 15 38 42
14

5 15 20
3 19 42
11 24 26 40 43 45

15 20 25 47
11 20 23
36
41
11 19
4
2 5 15

18
5 7 15 49

7
7 28 40 45
33 34 40 45
5 15 35

15 17 32
23 37 39
2 18 23

8 15
47
41
3 5 15
0 40 45
2 19
5 15


32 34
11
9 11
5 12 15
5 15 21 38 46
40 45



39 40 43 45
17 33 41
1
16 23 28 46

11
34
42
5 15 43
37 43
1
20 42
40 45

1 17 25 40 45
28 40
11 22 43

39
34
7 23
10 40 45
2 5 11
0 5 10 13 27 38 39 40 45
32 37
6 11 18 40 45
5 15 22 42
13

5 15 20 24
2 3 22
17 18 44
11
29
10 15
8 34
4
11 36

7 28
0 5 15
11
0 14 49
32
5 15 20
0
5 10 15 29 45 49

24
16 17 20 26 33
13
18
0 17
40 45 46
23 35
27 37

35
40 45
36
27 38 44
19 24 34 40 45
40 45

39
17
5 15 35
13
0 34

44 45
20 31
17
4 5 15 19 43
11
5 15
5 15 27 29
5 12 15 22 26 33 40

40 45

32
4 11
5 42
5 15
14 40 45
3 31
5 15
5 14 15 16 48
0 37 40 45
14 18 24
40 45
10 39
32 48
5 15
6 18 36 41
5 12 15
28 31
15 17
42 46
3 13 25 40 45
40 45
5 15 30
10 14

5 11 14 15 46 49
5 40 45

2

5 12 15 26 37
30
40 45
22 40 45
17 19
40 45

41
5 15 34
22 40 45
23 27 35
40 45
11 40 43 45
20

34

31
8 17 28
16
5 15 31
27 31 47
32
47
0 32
20
39 41
7 40
14
0 3
41

18

16 40 45
22 43
38
33 47 49
9 12 28 40 45
43
5 15 42
7 11 42 43
11 40 45
5 15
8 21


7 32 38
4 46

40 45
33
0 17
40 45 49
25
19 28 38 47 48 49

5 8 15 25 47
3 30 40 45
40 45
5 15 25

22 40 45
6 11 15 49
41

8 24 25 40 45
3 21 22 30
13 35
8 10 24 48
5 15 34
25 39
2 5 15 47
5 15 32 41
5 15 23

7 9
27
3
5 8 11 29
41 49
13 30
41

5 15 17 19
5 14 15
4 40 45
16 32 34 35 40 45
6 26 39


9 42

8 48
40 45
5 15 26
9 14 38 40 45
3 31 37 40 45
47

13 40 47
29
27 30 39 43
42

2 40
5 15 18
18 20 26
10 30 39 40 45

27 28
43
5 15 47
5 15 21 30
30 32 39 40 45


35
10 40 45
5 15 16
5 15
2 20
3 19
0 5 15
23 33

40
11 49
5 15 27
23 39
1 26
2 14 15 40 41 45

2
1 33 40 45
17 48

16
29
9
29 40 44 45
5 15
24
48
40 45
3 34 47 49


14
18
2 39 40 43 45

7 49

29
18 24 40
23 26 41
34 38
19 35 47
21 32 47


25
12 49
12
45
4 5 14 15 39
10 36 37
16 48


13 42 46
21 28 30 40
17
11 40 45
28 29
26
15 35
40 45
5 15
32 40 45
39

5 47
6 24 34 40 45
40 45 49
13 22 24 40 45
11
24
21 40 45
28 41 47
31 36 40 45
3 26 40 45
12 42
5 15 38
43
5 14 15 22
14
5 12 15 21 36
40 45
13 19 32
32 44

3
5 15 21
15 21 40 45 46

8 47


5 15 18
5 15
46 49
11
0 5 12
26 40 45
18


15
11 44
24 37
5 15
5 15 39 45
0 4 5 11 15
16
16

14
11

8
27 40 45
7 33
5 15 29 42
1 5 15 32
5 15 23 32
3 13
8 40 42 45
40 43 45
5 14 15 48
37
12 26

5 15 39 43
25 35

15 23 26
12 19 23 27 29 33 36 40 45

5 13 26
6 40 45
3 40 45
7 17
41 42 46 47
30
40 45 49
40 45 47
0
12
48
24 40 41 45
5 36 47
21
47
4 5 15 28 37
32

25

9 11 40 41 45

38
2 21 44
37
2
38 40 44 45
24 30 37
1

24
5 8 15 26 41
0 37
6

1 35
20 23
3 7 33 40 45 49
10
13 35
41
32
37 40 45
9 41
31
20 46
9 18
17 22
19
38 40 45
26 29 40 45
40 45
22
40

9
34
2 5 15 17
11
40 45
8 36 38
4 5 15

5 15 23

5 10 20 40 45

35
15 40 45
40 45



19
3 6 44
10
9 40 44 45
3 15
1 5 15 41
5 15 33
5 15
12 33 40 45
4
10 30 33 47
5 9 15 27
4 27 48
37 40 45
5 11 14 15 44
37
5 15 48

29
3 35
0 3 40 45
3
23 45

2 5 15 24
11 15
29 38 40 45 46
1 25 40
4 5 15
33 39
18 20 23 31 40 45
1 15

5 11 15
16 20 25 26
19 40
44
36
5 8 15 46
19
14 16 44
5 15 20
5 15 28 32



8 33 35 40 41 45
33
40 45
40 45
5 15


38
13 42 48
31 40 45
17 18 46
40 45
5 15
23 40 44 45
1 5 15 40 48
5 15
19 38
27

40 45
10 37 41
9
12 16 40 45
5 15 41
1
30 32
7 29 30 47 49
31 35
22
5 15 46

31
14 15 21 48
18
19 40 45 47
36
9 47
3 12 40 45
14 45
47
27
20

22 26 48

34
28 43
13 21 41 42
1 34 43
4 16
29
21
5 15
12 13
1 5 8 15 32
27 33
40 45
48
1 10 13 48 49
5 23
27 39 40 45
7 40 45
22
18 24 40 45
24 36 44
48
29 40 43 45
19 26 35
2 22 28 31 37
25 40 45
33 40 43 45 48
5 11 15 26 28
13 31
20 28 38 40 45
15
15 40 45
16 40 45

12 33
17 18
37


5 15
2
5 7 15 44
30 40 45

5 15
6
24
5 31
15 35
12 39 41
46
33 48
25 31
20
0 40 45
1 17 44
17
25 27
7 14 23 47


41
5 15 39 42
5 7 30 34 43
8 12 40 43 45
36 40 45 46
45
17 24 31
17
5 15 18 26
24 37

6

23 40 45
30
13

31
5 11 13 15 20
34
5 6 14 15 17 19 33 36
44
1 49
2 19 38 42
5 15 21
27
1 19 37
5 15

47
40 45



49



11 39
5 21 40 45
5 15

30 43 44
5 15 32
37
20 40 45

5 15
19
5 15 22 31 49
40 45
7 8 24

40 45
30
42
2
2 9 37
3 12 21 24 40 45

32 42
0
13 29
7 22
0 5 13 15 35
45
0 3 5 15 23
28 29 39
45
5 15 23 28
5 11 15
13
4 40 45
5 15
0 34 44
2 8
7 14 19 39 44
40 45
1 16 25 29 40 41 45
24 27 45
1
43
5 15 44
5 12 15 17 43
5 15 47
33 40 45
36 40 45 47

40
5 12 15 21 25
9 19 28 40
27 29
18 45
5 15 22 34 39 42
13
3 34
0 16 40 45
31
40 45 49
10 12 40 45
5 15
28 42
19
11

5 15
27
38 40 45
11 40 45
5 15 42
3 5 7 12 15 36
28 44
5 15 42
18 30 39
5 15 42 43
10 20 28 30 40 45
5 6 15 24 40 46

38
5 14 15 33 34
14 35 40 45 48
13 23 37 47
5 15 33
14
29

40 45
23 40 45
22 29 45
17 40 45
3 6
5 13
18 47
40 45

1 20
40 45

24 46
16 29 31 40
6 47 49
5 15
5 15
40 45
40 45
0 34 40 45
39 48
8 9
3
40 45
17 45
5 8
25
4 5 13 15 16
14 41 42

5 12 15 19 24
43
5 15 43
5 15
15 40 43 44 45 47
36

12 35 36
5 15 45


14 30 32 37 40 45
5 15 18
32 36 40 45
43

25
5 15 33
1 30 40 45
15 19

1
6 8
40 45
25 43
42
5 15 36

17
20 24
40 45
42
6 10 16 21 29
16 34
41 42

5 13 15 27 43
17 25 38
5 15
31 34
5 15 28 37
0 40 41 45
5 15
38





29
4 5

40 45
40 45
1
5 15 20 35 43
16 29
22 25
31 48
5 15 17 36
5 15
40 45
12 35 40 41 45

33 38 40 45
22 37
1 19 21 31
21 47

9
21 30
28 45
40 45
20
2 5 15 39
27 31 40 45
5 6 15 23
5 14 15 32 46
33 43 45
16 39 40 45

5 11 13 15

3 38
5 15
40 45 47
42
15 31 43
0 4 5 15 42 46
0 5 13 14

11 39
21
5 15

5 15
43
11 13
5 15 20 32
45
8 37 40 45 47
11 40 44 45
13 30
21
15
26 29
14 17 30 47
9 27
11 22 35 40 45
40 45

7 47

5 15
7 28
8 13 19 40
18 34 36 41
24 35 40 45
10 44 45
17


11 18
5 15
3 11
5 15
36 42
4 48
5 15
40 44 45
16 40 45
10 12 40 45
4 12 42

3
9 17 25 40 45
40 45
40 45
26 43
39
7 16 40 45
3 9 49
17 38

5 15

5 15 37
4 5 6 15 30
7 36 44 48
5 15

24

18
40 45

0 42


20 22 40 45
14
6 19
28 40 45
44
5 15 32
2
31
32

28 30 40 45
23 24
4
5 15 27
40 45
33
40 45
17

1 5 15 27
36 38 43
4 9 29 40
5 15
18 21

20 43
6 19

3 34
22
44
21 38

5 15
14 26
9
29 32 45 48
46
35
39
8 36
22 41
14 36
5 15 17
5 15 27
2 33
10 19
13 21
5 15 34
16 40 45
5 15 29

19 41
5 18 31
5 9 15 31
15 23

17 37 40 45
7 41 45
9 13 34 39
44
9 40 45
36
9 32 36

5 15

20
36
27 39
13 17 40 45 46
5 15
40
38 40 45
29 35 38 39 42
5 7 8 10 40 45
5
14 27
28 29 42
21 22 47
5 15
22 40 45
42
42
42
5 15 34 39


0 1 5 15 42
31 33 49

6 26
20 28
9
12 25 34 39
5 15
5 40 45
1 2 5 15 21 31 44
5 15 25 44
12
1 4 15 34 44
27 45
14
1 2 25
0 28 46
20
21 34
10 23 24 34
10 14 26
8 33 39 49
1 40 45
8 40
19 22 40 45
3 29 43
3 6 27 36 39
22
9 27 40 45 47
1 22
7 40 45

40 45

11 39 40 45
12 33 49
40 45 47
5 30
2 33 35
32 47
21 22 36 40 45
12 40 45
42 45
1 35

22 37

41

16
37
8 18 25
38 42 43 49
2 38
40 42 45
7 40
2 11
11 30
28


6
16 28 40
5 15 46
39
16

2
17
40

28 40 45
16 29
40 44
5 15
40 45
5 15 27 37 49
13
23 47
5 10 15
7 11 30 44
16
40 45

4 9
11 20 33 46
44 47
5 15 32 35
5
12 49

11
20 43
10 18
23 42
4
5 26
5 9 22 24 33
10 34 40 45
14 45 46
7 40 41 45
35 46
29

27
11 14 46

4 34 36


40 45
18
2 6 48

41

27 40 45
32
8
8 40 42
4 26 40 45
0 40 45
1 14 31 40
45
4 13 34 40 45 48
17
19

37 40

0 25 40 45
23 49
20

30
43
2 4 21

5 15
0 3 8 39
13 28
5 15 16 22 25 31

5 8 15 29 31
8 13 22
40 45
5 15 29 31
4 15


3 35
7 26 32 35

5 15 28 36
5 15 41
10 27
13

15 18 29

12 23 49

25

7 22 39
49
5 15

9 19
4 15 23
0 16 30
40 45

2
2 16
5 15 17 19

5 15 20 31 32
34 41
40 45
7

11 14 15
43
5 39 43
5 15 46

5 12 15

3 37
5
39
5 8 15 16 37
45 48
40 45
31 33
16
10 27
17
5 15 38 49
47

40 45
29
35 40 45
1 2 27 38
23 40 45
9 10

35
1 5 14 15
38
3 4 8 40 45
24 40 45
13
13 16 48
17 36 40 45
7 26 34
25 26 27
5 15
10 42

20 44 49
37
15 28
3 6 10 19 35

21 38
23
14 16 45
1 4 13 16
25 40 42 45
7 17
22 32

5 20 31
22 32 46
4 5 9 15

1 28
8 37 40 45
5 15 47 49
27
3 9 24 43
2 40 45
5 15
40 45
40 45
10 14 17 40
21
26 32 40 45
20
14 18

37 40 45
23
5 14 15 26 42 47 49
37

12 20 31
25
43
3
36
40 45 46 47
31
5 15
6
12 15 28
40 44 45


16 23 24
11
40

5 14 31
14 15
4 12 40 45
5 15 17 20
35
40
0
29 40 44 45
0 22 33
40
5 15 38
10 45
5 15
20 30 36
10 38 43
5 15 20

5 15
26

40 45
4 32



22 35
5 10 15 17 32
40 45 46 47
4
11 40
39 42 43 45

32 40 45
15
21 25
43
47
40 45
44
23 26

35
4
32 41
3 4 5
40 44 45
43
6 14 41
5 15 27 32
28
25 34 40 45
42
0

5 15
28 41
0 36 47 48
37
14
31
1

38
24 40 41 45
19
19 48
25
34 40 45
7 20 31
6 39
38
39
16 26 34
5 14 15 29 35
40 45
35
9
5 7 15 19

18 42
18
5 15 17
3 40 45

17

48

5 15

2 15 19
11 21 22 42
11 17 43


27
37

5 15 31

40 45
18

2 23 40 45 49
38 41 44 48
10 13
40 45
5 15
6 25 40 45
3 40 45 49
8 31 34 40 45
27

30 42
9
1 28 34 43

5 15 16 17 30 34 36 41
17 49
47
5 7 15 16 32

38
0 17
10
19 29 37
2 15 27 36
3 17 40 45
13 25 40
11 21 44 48
40 45
23 46 47

5 15 29
5 10 15 40
9 40 45
40 45
32
33 34 41

18 22
12 21
5 15 33

4 5 15 23 29
20 32 40 45 46
13
7 37 40 45
1
26 46
5 10 15
5 15 16
7 9 13

42
26 30 40 45
5 15 35
26 38
31 42
33 43
10
9
28 30 32
20 40 45 47
1 5 15 33
34
27
6 40 45
19
14 40 45
5 15
27
0 6 12 13
40 45 47
5 15 26 32 41
33 43
5 45
25
5 9 15 42
2 5 15 30 35 49
5 15
31 40 44 45
34
44

40 45
12 14 40 45
40 45
8 21 47 49

5
5 9 15 43
17 44
36
7
25 44
20
2 12 32 45

40 45
5 15 30
10 47
24 38 43 49
26

9 15 33 39 40 45
5 15 42
31
37
10 15 44
32 33
6 34 41
39
18
33
14 45
42
40 45 49
6 13
28 38
15 25
14
28
5 15 36
27 37
5 15 45

40 45
17 36


34 42
40 45
34
29
43
34
5 7 15 18 47

1 29 42
5 15
5 15 37
30
8 17 40 43 45
4 5 15 45
4 12 33

10 34 42


37
22 40 45
28 44 48
5 15 41


40 45
13 37
5 15 26
1 26 34 41
19
10
34 40 45

27 40 45
40 45
16 21 27 28 30 40 45
43
8 34 40 45
5 15
3 31 40 44 45
40 45
12 27
13 46
25



29 40 45
14 19 25 36

4 39
12 31 41 47
25 33 43
40 45
18 27 35
10 34 36

3 20 42 46
15 35 40 45


48
20 23
10 41
3 5 15
5 9 15
16 40 45
4 34


2 21 40 45
8 40 45
18 40 45
15 40 45
3 40 45

5 9 15 21
5 15
9 40
1 3 29 40 42 45 47
21 28
46

9
12 33
38
5 15 19 49
5 15 23
27

40 45
4 37 41

5 15 34
16
15
4 40
27 33 40 45
36 40 45
21 26
49
10
4 40 45
0 33 40 45
13
30 33
10 18 40 45 46 47
0 11 48
14
7 29 49
49
20 30 45
5 15
13 15 17 20 23

28 29
5 28
7 27 39
10 40 45
5 15 30 48
5 15 16 25
16 40 45
15 37
3 5 15

21 40 45
11 32 34 38
9 41
7 20
5 8 15 31
2 21 40 45 47
3 23 47
46
25 46 47
28
40 45
6 25 39
3 24 25 44
11 27 44
13
39 40 45 48
33
4 5 15 32

5 15 49


5 10 15 18 48

43 48 49
31
24
40 45
13
2
40 45
0 6 34 45
34
33 40 45 47
5 15 43
18 30 37
23
31 42
7 27 40 45
5 15 45
32 43
7
26 27 42
27 40 45
1 21
22 25 27 42
7 17
36 38
5 15 32 43

31
3 40 45

10 11 37
10
40 45

20
40 45
19

21 36
45

12
5 15 27
25 44 45
34
38 40 45 46
20
40 45
4 5 15 35
13 24
40 45
37 40 45
37 40 45

2 5 15
46
5 15 26 31 32 44
0 5 15
8 49
0 40 45
5 15 37
16 22 25 49
49
5 15
7
49
49
14
5 15 22
24 35
21 40 45
34
35
22 23
5 10 15 30

32 46

3

27 44
5 15
8
12 40 41 45
5 15
5 6 10 15 43


29 30
4 40 45 46
21 46

14
17 26
33 41
14 40 41 45
5 8 15 36
40 45

32 45
14
40 45
21 30 33 35
17 32
40 45
0 2 28 33 40 45
34 46
5 15 23 39 45
2 33 42 46
4 40 45
5 15 18
3 18 22 44
11 24 38
40 41 45
41
5 17 40 45

5 15 47
4
40

19
8 13 32 34
32 37
12 37 46
8 34 47
40 43 45 48
5 15 28 32
20 40 45 48
33 47 49
22 32


13 41
2 21 40 45
20
4 7 14 40 45
5 11 15 42 43
32
26
2 40 45

10 21
2 5 15 48
38
5 9 15
37 49
39
46
18 41
5 15 30 43

21 26
14 40 45
22


7 8 40 45
5 14 15
12
22
15 43
5 15
35 40 42 45
1 5 15 17 41

20 25 40 45
43

23 33


25 46 48
19 28


12 40 45
14 28
5 15 49
3 13
5 15
38 46
15 25 26 33
6 35 41
32 49
4 12 42 45


0 1 40 45

24 40 45 46
5 15
31 48
5 10 15
14 46
0 2 21
5 18 28
37
0 5 15 34 41
37 38

17 22
5 15 37 49
45
40 45

25 28
22
16 27
25 46

16 40 45
40 45
5 15 46

36 40 44 45
40 45
40 45
0 2
14 40 45
10
28
5 15
0 12 40 45 46

5 15
39 43
3 9 13 25
5 12 15 40
5 15 31 32
34
44
5 13 15 37 49
25
40 45
5 15 40
49

7 25
30
23
40 44 45

5 15 38
34 40
5 15 48
5 8 15 20 44
4 14 29
5 15 35
40
41
5 15
48
5 13
30 39
31 38
17 18 28 48
30 40 45
21 40 45
7
44
3 9 18
5 15 36 43

6 40 45
30
28
15 47 48
21

3 16
5 49
2 23 39 47
12

4 29
11
18 29
46
2 6 36
16 20 21 30 36
40
4 20 24 43
6
6 10 20
18 36 40 45
2
17

5 15 22
40 45
3 13


5 15 44

37 46
6 10
12 44
5 15
11 22 37 40 45
5 15 25 26
5 15
2 23 30 43
13 15 40
29
5 15 46
1
35
13 42

1 5 15 26
26 40 45
5 8
18
11 18
45
9 21



5 6 15 22 40 42
19 21 25
5

5 7 15
6 40 45

45
38
5 15 34
3 5 15
5 15
5 12 15
0 39
5 15
2 39
1 44
41
5 14 15 24 32
1 23 47
5 13 15 16
45
5 15 38 49
3 13 17
5 15 38
41 46 49
36 40 45

14 21
40 45
2

15 49

7 43
7


5 19
20 40 45
1 4
5 15
15 28
5
26 27 30

35
20 24
10 13

25 39 45
4 34
40 45
30
33 39 43
5
1 25 34
6 13
3
2
5 15 17
36 41

12 41
5 15 21 49
40 43 45
10 17
10
40 45
10 13
34
5 10 15

49
18
22 31 36 45
25 40 45
4 15
6 38 43
40 45
26
8
45
28 33
6 23 41
20 44
5 15 19
12 16 32
16 32
2 16 23 37 41 45
2 18 22 28 33




11 20 27 45
16 43
47
28 37
2 10
27
17 22 42

9 24
21 40 48

19 22

20 28 46
9 12 17 36
19 40 45

25 38
10 49
5 6 15 23 35
3 9 13
21 31 40 45
4 5 15

4 5 15 17
40 45


13 31 49
16 41

6 17
8 35

5 15 24 39

12
4 29
10
32
8 29
5 24 29 40 45
18
14 47
16 18 24 41
7

4 43
33
5 16 40 41
2 34
49
15 48
20 41
31
5 7 9 15
15 27
5 15 17
5 11 15
26 40 45
27 40 45 48
1 23 32
9
3 4 32 40 45
27




5 12 15
25 38 41


0 5 17
29
13 24 25 36
1 15 40 45
17 22 26 38 40 45
8 24
2 7
21 33 48
1 2 17 25 28 40
2
48
3 18
41
5 15 32
16 40 45
3

1 2 41 44 46
4 12
0 8 47

9 47
5
34
29
31 40 45
19 41
37 40 45
27 38 42 43 45
34
10


9 40 45
12 49
20 41
1 41
22

21 28 40 45

14 46
4 23 40
7 19 41
40 42 45

11 31
19 34
15 18
13 48
28 39
33 40

27 34 37 38
17 31 45

17
3
5 15 32
32 40 45

6 27 49
5 8 15 35
1
4 8 39 40 45
0 2 16 40 45
5 35


12
22
7 8 34 47
6 7 48
24 28 40 45 49
22 40 45
7 35 40 45
1 11 22 29
19 21 30 34

18 34 45
36 49
6 32 41
2 5 15
40 45
5 15 17

17 36
5 15 19 32
40 45

5 15 34
23 49

6 12 40 45 49
33
31
32 44
5 14 15
3
5 15 36 42
27
5 40 45
7
7 17 28 48

5 15 31
9
5 15 49
31 40 44 45
29 32
8
29
32 40 45
10 16 36
9 12 28 33 37
47 48
1 36 44
40
4 22 30
4
23 32
8 34 40

12
5 15
32 40 45
7 16

49
3 31
18
3 5 40 45
35
25 34
11 40 45
18 25 31 36 40
2 9 25 31 41
40 45


27 43


5 7 36 43
5 9 11 12 15 17
28
3 10 11
9 20
5 15
11 30
20 34 46

17 40
0 5 15 21 27
4 27
3 31 40
15
13 20 31

2 16 24 31 40 45
7

40 45
7 8 32
2 31 36

40 45


6 8 10 17 40
8 24 35 40 45
40 45 47

15 19 20 25

33 34 40 45 49
16 39
5 15 33 38
0 5 15 33
5 15
18
24 25 28
30 45

3 40 41
13 29
45 47
14

28
8 33 35 43

38
23
29
23 31
5 15 21
1
5

40 43 45
1 5 15 24 49
5 15

16 28 40
1 13

10 40 45
40 45
5 15 18 25 38
7
11 27 49
5 15 49
1 11 26 27 30
48 49
35 40 45
1 5 46
6 8 22
40 43 45
3 9 19 40 45
18
4 5 15 45
20
1 21
26 28 30 40 45
5 15 34 38 47
38
11
3
32 46
18
0 5 40 45
2 24 40 45
30
11 22 40 45
5 15 32 49
40 45
40 45
44

40 45
31

4 40 45
10 16 36
14

13 40 45
12
15 40 45

13
5 15

2 5 8 15
5 15
10 35 40 45
12
19
12 35 40 45
3 15 40 45
6 8 21 29 42 46
33 49
7 25
5 12 42
11 34 46
17 22


8 17 21 40 45
40 45 46
7 24 26 41
9 12 41 48
17 44
2 30
18
23 38 46

5 15 30
48
3 12 13 22
26 40 45 48
30 37 41
14 24 36
13
6 10 23 28
5 15 33 46 49
2 7 30
8 13 15 16
6 17 45
12 29
4 18 40 45
5 15
20 41 44
1 3 5 15 21

3 40 45
11 41
33
9 21 40 45
29 34 39 40 45

40 45 46
24
16

38
2 30
2 23
17
0 25 45
5 11 49

2

7 38
49

32
1 28 40 45
40 45
8 25 40 45
14 34
26 28 39
7 40 45
7 43
29
6 40 42 45
3 18 40 45
1 42
41 49
34
19

28 35 40 45
7 17 47

40 45
17 32 37 40 45
5 15 17

8 30
39 47
37 40 45 47
27
12 40 45
7
24 47
24

40 45
32 33 34
24 28 32 38
35 40 45
4

8

5 10 15 28
17
27
40 45
5 12 15
28 29
0 48
7 9 29 31 39 40 45
5 13 15 36 40
46

6
1 5 15 24
4 19
5 15 26
1 24 40 45
12 31

5 9 15 45
5 15
5 15 21 26 39
5 15 27
47
5 15 39
15 25

4 5 15
0 45
4 12 40 45
32
8 33
5 15 20 34
38 40 45
6 8
5 24
4 15

40 45
35

5 15
5 15
2 5 7 15 33 46
17
42
4 17 20
5 15 26 29

33 36

5 14 15 20 28
5 15 16 25
15 26 39 40 45
24 35 40 45

36 40 45 49
27
7
18 28
7
5 15 42
18 26
29 38 39

5 15
30 35 40 44 45



14 15 40 45

40 45

30 35
6 38
13 19
0 49
5 15 22 23
5 15
40 44 45
20 41 45
34 40 45

5 7 37
4 32
27 40 45
9 17 40
22 30

5 11 15 21 26 34
9 42
1 5 15 20
5 13 15 17 18 23
5 15

24 40 45
4 5 16
20

8 40 45
31
16
11 28 30 41
3 9 24

47
5 15
37 39

18 21 47
14 26

7 27
31 35
5 8 15

29
17 22
11
29
40 41 46 48
25
3 22
5 8 15 42

26 39
16 22

6
5 15 35

17 40 44 45
24
2 28
5 15 30
38
31 40 45
40 45


25 32

10 17
14
43
40 45
25
27
9
45
5 15 35
0 30
30
27 31
8 29 40 43 45
35
13 49
34 43
32
2 5 15 32
40 45
13 40 45
35
5 6 15
8 40 45

29
1 5 41

1 5 15 19
31
40 45
19 27

34
5 15 36
15 49
40 45

19 40 45

2 44
24 49

5 13 15

9


5 12 15 49
32
5 7 15 22 29 49
24
44
5 15 40
3 16 32
0 5 17 36 39 40 45
20 32
4 13 41
12 32 35 40 45
5 15
15 35

14
19
10
6
6 7 8 42
0 15 31 40 45
20 33 42 43
0 31 40
13 40 45
5 15 38
32 48

32 46
4 13
33


2 19 32
12 23
4 25 48
5 15 42
0 5 15 35
34 45
5 9 15 24 48
18 27
8 27 28 37
5 17 25 40 44 45
4 5
5 15
32 40 45


26
5 15 44
5 15 39 47
30
40 45 47

30 40 44 45
29
6 40 45
30
5 7 15 20
47 49

20 27
12 40 45

1 5 11 15
5 15
10 28 44
2 40 45
29 40
1 4 17 34 40 45
5 8 15 46
16

5 15 26 27

23
40 45
27
15 30 35 36 40 45 47
22 40 48
31

8 24

17 20 35 40 45 46
40 45
4 17 31 39 40
8 35
4 14 21 40 44 45
18
44
34
6
5 9 10 15


5 15 16
28 40 45
0 13 36 45
4
0 21 45

5 15
17

1
11 37
5 15
40
10 13
36
6 38 48
15 33
40 41 45
16 34 40 41 45 48
44 46 48
5 15 39
23 40 45

5 15
1 40 45
1 40 45 49

1 11 20 40 45 48
23
46
6
5 15 29

31 41
2
5 10 14 15
40

5 28
4 24
40 45
17 29
31
3 14 16
22
18
40 45

5 15
0 40 45
25
40 45

25
5 15 24

37
4 37
5 14 15 16
29
5 15 40
2 5 15
45
3 36 39 40 45
47
19
15 32 41
5 7 15
11 17 25 40 45
36
40
23
44
36 40 45
5 15 29
15 39
5 15 22 31 38
2 35
11 27 29

12 42
0 40 45 47
33 34 45
40 45
47
13 19
40 45
5 15 37
40 45
5 11 15 23
5 38

4
33
37
25 29
7 32
5 15
44 47
16 23 42
5 15 20 30
18 36
31
14
6 10 49
5 15 17 37 49
33
12 34



23
4 13
25 40 45
8 25 38
13 28 39
8 27 40 45
5 15
34 38
0 2
5 15 43
15 47
41
40 45
20 27
4 14 40 45
9
5 15 28 45
18 40 45
4
10 41
5 15 16 46
43
1 3
24 40 45 47
2 7 8

47

5 9 15 22 46
6

5 15 39
5 15
6 43
26 31 40 41 45
28
5 15
1 5 9 15 30

22 25 28 40
5 15 24

17
18 20 22 23
4 32 46
36 40 45

0 6 23 26 31
38
18 46
40 45
5 13 15

9 22

18 23 46

2 16
11
11

5 25 40 45
12
40 45
20 40 45
5 15 27

40 45
3 14
27
5 15 30


1 5 15 35 41 45

2 34 40 45

26

5 15
42 47
12 28 40 45 46
13 29
1 20 39 48
48

40 45
16 44
22 48
1 5 11 15
13 27 37
20
8 12 39 40
5 15
41
18 21
29 39

1 3 11 28 38 46
11
17
14 17
6 40 46
2 22 34 39
40 45
2
22

0 22


8 30 37
40 45
4

5 15 27
5 15 33 44 47
3 14 37
4 48
4 5 15 45

1 9 15 24 26 40 45
9
42
22 42
29
5 7 15


5 8 12 15
32 44
15
40 44 45
6
40 45
40 45
14 32
8 20 40
29 47
1

43
5 15 45
27

12 49
5 15 49
5 15 33 41 42 49
47

47
10 32
22 40 45
30 40 45
1 24 43
14 43

9 40 45
5 15
45
13 29 40 45
5 8 15 47
5 15 16 25 35
48
25 40 45


40 45
27
37

39
33
48

47
26 43
2
2 5 15
20 48
21 40 45
40 45
17 36
3 12 45
10 20

5 15 31 46
10 19 46

20 43
1 6 48
23 30 40 45

18 40 45
7 49
2 5 15 16 20 47 48
15
1 5 15 27 32 35
15 21 44
11 40 45
12 43
1 28
5 13 15 19
45


5 15
4 34 40 44 45
42

23
41
37 40 45
43

13 26
49

49
28
11 21 36
10 13 26 34
28
1 36
32 33
20 22 40 45

31
9 28 36
5 15


5 15 20 23
4 16


9
22 44 49
0 20 47

5 9
5 15 24
1 9 15

2
17 47
42
5 21


25
11
18 22 42
5 15 27
21 44
5 13 24
1 17 29 40 45
5 15 17

5 9 11 15 18 36
0 5 7 15 49
19 39
4
24 28
5 15 37
49

0 40 45
5 7 10 15 24 31 44
6 30
6 45
37 46
22
8 40
2 40 45
34
13
17 27

2 5 15 17 44 47
18 25 28
5 15
31 42
23
8 20 27
25 30 39 40 45
5 11 15 17
5 15
18 22
40
4 33
8 41 45
11 47
49
3 21 25
5 14 34 38 41
40 45
31 40 41 45
14 28 34 35 38


7 34
23 29
1 14 16 32
40 45
5 36
7 39
5 20 35
19 42
19
16 40 45
38
11 20
10 37
10 48
12
35 47
5 15
7 33
35 40 45
4 19 42
7 9 12
40 45

42
5 8 15 35 37
7 8 22 40 45
5 11 15
0
26 40 45
20
5 15

11
5 15 23 28 34
40 45
46
27
5 15 30 44

30 36
4 5 15 33
40 45
7
18
4 21 40 45
17 18 24 33 39 40 45
14 16 34
0 1 47
12
17 19 20
27 44
4 5 23
5 15
19
34
5 14 15
40 45
2
35
37 40 47 49
40 45 48
6
16 40 42 45
20 24
46
10 35 40 42 45

11 48
33
38 41



48
5 8 15
39
31 38
39
10 22 26 40 45
6
35
5 15 17 20 27
34
1 22 40 45
31 44
18 19 26
35 40 45
25
13
45

17 22 24
32
4 38 47

5 8 15 18
10 15 21 49
25
5 15 44 46
5 48
22

25 26
5 15 34 38
16 42
26
31
5 15 45 48

37 40 45
4 35 40 45
20 37 41

23 31
8
28

23 35 40

40 45
14 15 33

33 37 40 45 47
2 5 15
13 27

7 40 42 45
5 7 15 18 35
35

13
2 20 42

34
10
19 33 39 45
28 40
10 42
5 7 11 15 24
40 41 45
5 15 32
7 40
47

13
5 10 44
8 13 32 39
3 33
36
1 40 45 47

3 5 20 44 45
4 5 15
22 28 40 45
6 9 29 39
5 7 15 16 34
16 41 43 48
23 45
23
34
5 15
0 12 40 45


47
4
6
0 13 26 40 45
17 27
34 40 45
6
7 19 20 28 39
2 3 25 28

26 38 40 45
6 38
17 43
2
30 34 40 45
16 48
0 5 7 15
31 46 49
11 25 30 49

23
2 37
6 21 32
19 39 46
44
28
4 5 44

5 15 18
11 21 34

19 42

47
15 20 45
13 26 34
29
29 43 47 49
21 39
1
5 15 37
12 19
47

10 39 41
0 14
5 15
3
5 12 15

39
6 14
2 3 9 45
5 9 15

27
28

2

19 21
30

5 15 42
14
38

4 5 15 23
48
40 46
8 24
5 11 15 32
3
5 15 25
24
26 45
36 37 39

7 18 45 46
35
13 34
39 49

5 15 18
31 40
35
24 28
23 34
16 28


2 8 13

3 15 17 22 36
12 40

5 12 15
5 15
4 5 11 15
16 36
6 21
36
30
1 3
5 15 43
5 8 15 32
46
11
15 18 30
10 16 17 35
42
27 32

5 11 30
32



8
28

10 41
12 35 49
5 15 39


12
5 15 25
9 42
16 45
29
4 15 24
5 15 27
14
2 29
8
19 24
5 15
19 26 27
5 15

37 43
28 37
28 29
5 7 10 15
0 29
9 15
19
11 17
5 15 29
48
2 12 43
14 26
7 32
8
8 13 30 32 44
5 15
4
29
16 17 47


11
44
38
1 14 33
0 4
11
5 15
29

8 31 49
14 18 32
47
13
44
3
14 46
10 46
19

11 14 44
6 35
6 39
17 18 39
1 27
2 5 15 37
12 40



5 26
14 19 27
28


5 15
20 46
21 32 41
38
4
0 5 15 30 44
0 1 4 19

15
7 24
27
5 12 15
17 18
21 44
6 39
49
6
1 17 26 27 34
17
42
0 34

2 3 17 25

11 29 34
24 35


4 9 12 13 14 20 35 47
25 42
22 26

15 47

46 47
36

38 48
5 26
31 34
34
18
5
24 42
2 6 20 21 38
16
31

13
33
5 25 41
3
6 49

24 32
34 40
7

8 46
10 30
9 11 46
27
7 13 44
2 35 39

14
17 28 31 36 40
26 41 45
27
20
14
12 43

49
13 48
28
44

11
9 19 27
2
0 18 35
20

29 40

18 40

30 31
30 31
12

25




9 35
47
23 26 35
6 20 36

16 23
8
2
20
33
49
14 36 49

7


31
32
22 47
12 23 49
12 18 28 41
14
27
2
31

18 29

21 25
3 30 47
39 45
18 31
36 43

37 39
42
41
11 29
22

17
29
1 37 47
1 26
3 10 20 27
3


24
16 27
15 21 26 44
15 31 38
4

45
20 36

30

18

0

7 41
5 12 16

17 22 31 39
23 48

33




30 31

27 35 49
41 49
6 47
28
28 39
18 36


3 18 29
8

21

4
28

42 44
31
37
11 30 37
36
39

6 12
19 41
22 33
29
15 48
41

36
3 18 42

6 21 22
34 41 49

1 29
27
6 20 45
11 35
29 47
27 35 44
11 28

15 19 45
13 20
41 42 44 48
15 40 45
2
21 24 27
16 20 35
13 31
26
21 32 46
5 19 24
3 26 28 35
21
40
35
15 29
0 23
17 27
35
4 15 44
34 46
34

16 34 45

33
21
14
29 31
35 42
1
23 37 43 45

24
13 17 33
6 32
15
26
28
18 19
21
38

22 25 45 47
22

19
2 20 38
15 44


15 45
6 38 47
6 10 14
8

34
37
20
47
30
36


10 13 16 24

24 44
10 38

28
0 26
7
5 20 24
28
3
17 42
14
15 40

17 22
8

5 13 42
18
34


46
28
5 22
13 24 35

24 39
10 16 42
39
30
38
2 13 17
27
14
48

25
15
23 47
2 6 30
2 12
40
1
46

35
6
9 30 35 43
0
43 47
42
32 42 48
10 21 38
6
6 47
16 39
22 23
21
23 24
22 39

37
5 42
41
1 28
21 36
30


21 40
18 27 38
20
28 37 48
19 48
11

2 48
27
15
8
3 6
18 23 41 44 47

3 13 14
25
2 25 33 49
14
4 17 29 47

48



34
47

13 48
31 42 46
36 46
31
10 24
5 24 45
26

23
1 21 27 40
22
27

2 17 29

4 9 18 31
11 28 33 34 41
27
37
8 21 34

23 36 45
39
3 47 48
10 39 49
15 25
19

6 19

4
17 25
16
11 25
22 23

2 4 35
3
35
31
11
10
5 38 41
28 30
14 19 39
45
36 44

23 27 30
31 45
13 18 19

41 46

27 46

3 12
14 30

1 14 23 42

19 35
12 17
43
5 40
0 25
2 6 9 34 40
9

10 38



40
44

30 32
4 9
17 29 46

16
44
46 49
26
23 30
2 6 36 47
21 41
17 28 43
48
8 29 37
1 16 30

34
9 18 26

5
0 48
18 47


0 26


1
34
12
10 14

30
4 14 27 41

1 30


1 33 46
10 28

1
0 7 8 11
26 28

19 43
18
3
6 28
23
45
19 25 34
44



25

33
41
44
16 47
45
3 14 24 42
7 32 37
42
11 30
11 19 31
37

25

6
29 36 39 45
44
23 37
41

8 35
5
31 32 46
5

32 42
3

24 41
20
26
48
3 6 12 21 36 41
7
32 49

9 14
9

6 13 39
10
13
37

49

7 20
40
31
27 38
45
44

2 36 38 39
24

24
31
16
38
32
42
35 38
40
6
22 39
10 43
21 26 44 45

7 41 49
15 19 23 25
28 37

6 10
8 11 33 41

1
16
17 23 25
20 42 48
0 13

14 38
34 48

12 27


33 40


43
17 19


15 41

47 49
6
3 8 31 48

19 29

9 37

38 45
21

14 49

20
23 41
38
5 8

41 48
5 23
1

33 40

41
0 6 18

28 38
13 30 44
6 19


30 44
29

5 49
14
20

24
39
22 36

45
7 13 36

2 19 35 38 43
4 24 34
9 13
17 46


2 17 27
16 43
2 22 37
2 6
25 31 36
46
5 16 22 24 35

9 36

3 14
34
34 46

20 39
2 6
13 23
9 30 33
5 10 17 19 48
7 25 32
11

18 39
21 47
16 29
10
7 32 35 48
12 19 22 26 36



49


8 12 24 39
3


6 14 15
42
21
40
32 43

23
13 34 49

9 19
19
45
3
48
30
32 34
19 37
11
24 27
7 8 23

25 33 34
11
19
1 9
10 48
2 43
11 37


8 19 30

3
42
22 32 38 47
35
37
0 8
33 43
45
11 15
3 42


16 19
15 21
3 33
7 41
19
23 25
19
9 18 26


14 32

47
12 20 35 41 47
1 5

41
19
7 29
26 47
46
26

22 47
9 39
15 48


23
5

7
23 45
3
40
4 20

4 35
16
3 33
10 33 34
32
16 17 47
6 40 42

25 33
21
9
7 40
2 33
1 13 14 31 44
2 14 23
19 36
12 20 36 43

0

10

8
9
6 16 39
48
18 29
7

6 22
22 48
13 39


24
46
9
29



13 35
0 8 38
9
4 12 47

12
46
49

7 36
34
22
26

12
8 20 39 46


1
47
47
35
19
15 20 22 30 41
24 31 44 47
21 28
6 34
9

25


15
18 30

36
22 24


42
5

14
16

27
12 28 46
22 27
6 17
25
1 9
20 45
30
4
10 25
37 46
45
44
18


0 15 43
22
6 15 22

6 18
5 15 39

37
23
32 43
18 24 26 28
22
18
10 14 23
31
1 3 8

10 26
9 11 17 40

45
32 49
2 23 33
10
28 46
4
25
5
28 43 47

13

0 12 20 33 38
22 29

24

33

6 13

7 37 45

1 35
16

30 44 47
15 27

43
37
10 11 28
24 25 27 42


46
18

10 29 37
33
5 19
3
33
8 9 38 43


21 22
28 36

0 11
18 25 29
2 4


22 32 48
1 49
37
14 47
32
47

23

21
11
46
35 44
8 15 43

1
25
21

0 5 31 42
28 42
28


35 39 44
19 48
8 25
8 9 47

36
46
7 44 48
43
14 37 42


14

28 35
7 12
21 24
18 36
11
1 32 38
2 14 22
8
15 37 49

35
17 45
46 49
2 7 29 38
15 47
22
17 20 45


49

2 20 23

32
21
3 5 31 35
16 45 46
4 43
10 11
27
48


19



0 34
38
17 21
21 43
20 30
12 18


25
22 33
0 45
12 32 38
4 9 38 45
39 44

28
44
20


9

7
1


8
24
20 35


18
4
4 32 48
19 35
11
40
23
19
25 36
7 34
42
23
13 23 40

39
9 35

10 18
23 42
4 39

3
45
8
39 45
17 24 30
5 34
21

14 34
24 25 43 48
3

23 27 48
20 23

42
40
10 12 18 19 34
2
1 20
6 21
2 25 32 33 47
25 27 31 37 49
18
9
37
1 13 25

43
5 24 41
2 22
29 41

49
13 41
31
15 36 49
9 18
8 12 45
34

12 18 37
3
27 34

46

46
9 44


1

8
9 17
22
21
29
37
28 49
42
36 44
29
4 9
3 10 13
0 37
23 26
9 26
19 39
47
45


34 35

2
9 32
4



2 39 46
5 9 48
10 22 27
0 14
22
21 36

43

25
5 28 44
23 29
4 7 31 47
17
6
4 28

37
7

1 33

6 20
28
13
1 16
25
3 22 24 44

46
27 38
19
2
10 34 35
28

27 33
21 43 48

33 49
1 23 35

26 30
1 16
13
39
8

5 7 48

14 40
2

6 29 36
33
43
13
14 32
32
17 37

12 27 38


12 35

9 39


9 27

17 41
34
2 10 30 35
8


12 14
35
7 22

6 31 36
14 16
6 45

28 35
36
19 27 33
11

49
10 23 43
20 31
38

1
7 21
37
5 34 40
45
4 33
31
14
6 10

17 24 39 48

12
5 28
44
10
21 47
13 30 36
10
20 37 43
28
12 36 43 48
9

22 31
20
18 31
8 41 49

20 30 33
12 19 33 40 42
31 43
17
34
17

36
48
18
7
8
5 21 24 35 42

32 36
35

20
8

17
5 31
36
9 12 14
7 33
0 20 40 44


33
12 38 43
38 41
28 43
38

14

3 34 36 37
30
6
20 40 49
5

27
43

32 47
8 23 47
4 8
22
1 26
42
32
8 13 36
2 34 43

17
0 20 46

10 19 29

1
11 35
2 16 35
8
5 25 47
19

4 20 27 35
5
3 4
9
20

45
21 31
4 43
47
6
30
25
33

1 23 49
17 46 48
11 25 35
20
1 16
6 16
1 8
21 31
22 35 44
18 26 36
2 35
7
10 36

4 9 39
13 37
10
40 43 46
0 46 47
8 14 16
8
25 28 47


0 11 32
2 6

12
11 26 38
22
4 22 44 46

12 23

16 38
2 49
5 10 21 47

31
19
36
38
11 13



19 23
7 42 44
13
10 28
44
18 48
20

4 17 38

20
2 16
14 44
32
24

34
20
7
48


10
6
11
42
38
20 39
11
47

12

21 22
26
9
30 37 39
29
22
14
15 26 46
13 30

30
8 18 35

6 39
9 27
33 38 43
35
17
9 24

7 9


17
3 43 47


19 47

5 9
19
32 41

37
30
28
0 31
2 23
3 45
34
7 45
45

25 42
17 22 46


13 44
40
5
21
15
0 39
21
9 25
14 29 47
26
6 27 47
3 30 32 36

1 29 43
31
34
4 9 20
3 37

5 18
1
23 24
14 40
4 39 41
17
4

14 41

43
41
44
9
47
2 3 37
3 24
30
41

18
43 49
17
45
5
36 41

46

3 20 36




47
20 21
35
24 41

0 16

13 38

21 46


39 45

46
49

7 11 18 19
32
33
15
6 8
0 21 41

6 49
6 13
13 28 38
26
22 25
2
3 28 47

6
19

0 13 21
11 14 27 31 47
43
2 49
11 23 39
40 41 48
42
46


19
35

23 30
20 24
10 29
6
22
7 14
2 4 27

14 21
20 27 29 40

8 12 37

11 23 35

18
13 28

3
29 36
0 3 4 19 25 37
9 44
23 39
7 14 23 31
20 30 48 49
18
17 33
46


39
19 47
20
24
43

48

16 24 40
24 33
27 49
2 33 49
42


24
0 25 32
19

1
35
26 32
21 29 37
0
31
14 32
24 26 32
25 44
7



1 22
21 39
0
8 12

9
11
12 16
2
9 33 38

4 6 28
29 31 38

33 44
38

9
7 13 24
6 24

18 31 36
1
42
7 45
44 48
22


46
7 22 33 34 37 49

14 39
14 38



13 21 23
23 48
47

8 9

18
6
17
2 21 22

5
31 39

25 33

10
7
35
28
6
25 41
33

18 23

42

3 30
34 40

15 18


0
33
0
0 7 8 16 19

48 49
13 27
0 30
12 28
4 16

39
15
17 19 31
25 29
22
13

36
47
9 10 24 42
7
26 39
23 39 49
2
13
21 27 43
11 17
35 38 48

23 32


20 30 39
12
37 44 46


17 28
49
28 36 48
3 19 37 38
7 10 44
24
0 22
2 39
19
23
10 34 46
22 39 43
0 44
37 43
7 40
23

40
27 47
12 45
8 17 30
25
47
1
19
3 33 34

37
17

5 22 30
20
18 27
29 45
14
18 45 48
4 7 13
40

42
23

8 33 41

20 32


6 23 30 38
1 15
40
8 18
35 40

23
9 25
10 21 40 42
39

20
24 28 42
40
8

23
20
47
38
13 29

1 43
22
3

8 22
25 47


5 49
33 40
22 41
29
11 35
1 36
14
17 24 30
33
1 13
3 35

22
21
10
37
2 41
32
2 26 38
19


9 29
13
7 11
38
10 15 43
12 48



9 12
29
11 16 26


40
7 29


23 48


8
30 35
15 31
43
21 24

3

2 43
8 18 42
7 12 18 38
0 29 39
21 27 33 35

4 13 17 23 43
11 12 30 31
5 12
5 7 21 25

6
0 18 23 36
13 22 31

17

1
1 46
3 36 43 49


47
8 19
1 2 41 48 49
18 25
4
0 19 47
23 34 42

16

9 14
8 10 27 33

15 37

6 24 41
41

20 37
1
13 18
14 28 29 35
22

24





21

1 23 28 41
26 35
11 44 45
20
19 33 47
46
24 47


10 28 30 49
2 5 34 37
31 41
34
9
43
5 48

33


0 17
15 23 49
32
48
5 16 40
8
20
3 34
35
25
35
40



8
9 16 26
20 23 42
32
22 28 31

9 31
22

2

21
9
8 33 48
29
1 2 14 37
29
39
0
14 21 22 31
27
36 40

29
49

8 43

4 32
15 22 31
7 14 30 40
22 46
33
2 21 33
16 17 49

5 8
22 48
41
35
1 30 41 42 45
24 25 44

43
0 15
12 16
25
17
31
34 42
19 42
13 19 42
4 9
21 37


22 41
32
10
8

9
30
1 23

20

15
7
28 42
10 13
9 15 38
12 19 41


19


16

8
5
39
34
0 10 26 33
43
10

32
5 39 47
1 29 35
17 20
20
10
10 11 32



16 19


27

34
14
0 28
38
14 21 41
12 32
34 36


15 16
49

34 35

23
11 21 24
17
36

32 49
5
8 31
13 27
11 20
4 16 25 27
5 6 10 18 43
31
1 27
2 9 17 32 47
11 49
26 37 38
10 36
23 38
17 44
19 23 29
20 35
0 24 29 32
6
33 34 37 48
9 21

5

1 33 43 49
38
41
12 13 28
35 40
11
12


10 12 20


10
6


31
0 1
24 29
17 32
4 24
2
11
23 35 38 45
0 15 18 28
43
3 37
12 34

29
44 49
26 38
10 42 49
4 35 47

13 16

42
24 33
14 26 46

40
41
26 27
24 34

1
16
16 42
16 40 46 48
25
38 49
7 11 47
13 33
11 17
41
16 28
1 20 32 37
13
32 44
1 31 36
7 49
14 49
15 17 33
6 14 37
2
12
17
29 32 46
36
21 36 42
20 27



2 31
39 48
20 35
29
5 25 37
21 30
8 12 30 40
17 34
35 48
17
21
19
45
6
9 43
1 43
3 16 46
43
41
42
19
13
26 42

15 34
6 29
2 7
4 5 24
7
13 40
12 31
3
0 2 6 10 18
26

0
16
12 23

4 8
9 25

41
30
7 20
3 30
26
27 36
2
39 40
17 40
14

17 21 48
4 13 45
20 21 48

43
1 9 10 47
10 14 44 49

12 16 23 31
4 39
6 29
21 33

20 32
21

1 14 20


20 41 42

8 33 43
9 20
8 10 25 38
39


33
12 14 15
45 49
21
8 19 37
6 27
47
33 39
38

12 20 41 45
31 37
13 46
8 35
14


40 44
13 19
39

13 40
24 33
28
12 23 25 41

5 17
2 20
8
35 37 43
17 46
24 41 46
18 34 43


22 23 39
5 12
28
26
25
16
16
39

6
8
29
5 17 48
9 15
21


17 18

49
13 15
19 40

18

1
4 11
3 20
12 21
41
27 31
14 17
3 13 15
20 22
3 15


2 12 30 35
6 14 43
32
5

3 13 38


33
38

19
20
0 1 48
33
1
8 15
7

3
5 17 21 49




43
33 43
7


4 18 31
10
18 34
11 42

27
8 15 20 24
10 22 29
12 48



29

0 15
16 20
16 39 47 48
3 37
45 49
11 30

1 48 49
21

22 26
33
5 21 26
33 34



47
38
3
2
16
7 33 38 47
8


45
11
18


10 36
5 22 23 33 42

5
10 30
12 49
28 31 48

31
10 32

4 48

25
10 38

15 18 44
18 32
22 30 46
6 10
5
3
1 9
14 34 43
14 30


8 13 28
32
22
8 33

30 48
10 38 40 43


45
1 38
6 23 24 32
49
3 15
7 45

1 17

23

20 28 48
1 6 42
1 38
21 27
14 26

18


30 40

13 16 18
8 25

17
2 32
15 42
28
47
0 8 16
39
1 22 23
18
32 35 46

45
11 43
12 20 38 42
5 45
26 37


20 29 35
7 15 49
18 46

36
19

48
41 48

34
6
31
12 42


11 35
2 17 45

25
4 38
34
1 24
41 42

46
9 27 45
3 14 27
19 42

38

21 38
7
2 44
1 4 38 39
3 34 37
23 32 39
38
26 38
8 16 17
2
20
25
0 24 29
14 29 39 49
3 33 39
7 8 48
42
10 38

17 28 37
17 23 33

2 18 23 35 39
4 7 18 22
28

29
7
18 32
23
12 24

0 45
13 20 48
36
45
37
22 37
36

2 8 20
21



13

4 9 10 21 25 43
0 22 31


21 42
45
29 34 49
5
12 13 27
22 42
17 25
46
12 24 28 47
12 41
12 37 49
19 49
2 3
23
21 32
6
2
43
4 10 12 33
21
31
3 19 31
16 26 39 44
8 19 32
29
40 43
16 21 26 32 42 46
25
33 49
5 11 19

5 30 33 47
20 23 40

8 18 31 47
34 44
14 17
29 30 48
23
19 43
7 11 19 38 41
23

2 26 38
28 31
15
2 15 35
21 24
8 10


31


6
2 10 27
31 40 44 49
12
36
32

9 49
38
20 24 34
0 16 19 28 43
42
8 24 29 31 41
9 27 34
26
0 11 36 45
30 34 47
44 45
0 43
44
2 22 25 30 41

45
9
5 17
2 25 28 36
14 29
22

33

24
14
5 36
4 27 33 34
1 38
34
21 37
5 47
22 30
20
16
9 32
26 38
3 5
19

33
30 42
3 13 33 39
25

28
34
15
42


20 40 49
3
11 46
5 30
17 30 31
15 39 41
21 43
49
37


2
26 38

45
9
2 33
3
24 44
13 31
22 30
8 29

27

28
15 27
0
0
0 32 43
2 33
14 41
46
0 6
0 19
41
25
42
20

44
12 18 28

39 43
3 11 47

5 18
26
19
26 46
16
14 17 49
30 46

2 45
19 37
21
44 45 46
19


18
14 20
2 19 26 30 49
46
8 12 43 47
25


7 42
4 39 49
8 12
29 43

2
10 30
20

4 26 46

0 27
9 23 32
8 12 21 29 48
45
48
20 36
25 41
9 16 39
34

6
30
33
20 34
29
39
25 34 35 41

39
22 23 39
5
7
7
48
4 19 26
1 27 45
7 30
2
37
35
12 33 48
39 46
16 34

20 21
31 41
19 21 26


49

8 21
18
36 37
10

24 26 31 38 44 49
45
41
29 33 49
17 38 40
13 46


7
7 28 30
17 46
4 11 21 32
14 44
41
23
4 13 49

3 23
4 9 32

3 4
42



11 26
27
20 40
36 42
49
33
4 34 39
5 13 24
11 23 31
37
27 44
19 21 28
19 23
15 37
45
23 42
8 40 45
22 34
33 39
0 4 31

11 46



8 26 39 49
34 40
12 16
14 19 25 47
23 28 33

9
43 47
29
15
8 11

15 30 31
10

10 44
26 42 43
1 42 44 46
2 7
8
1
4 29 47
12 14 47
17 34

9 13 35 45


12
27
14 26 28
8

19 21
0 7 32 41
1 43
15

30
25 37 49
6 17

9 17 39
15


13
7 19

11 15 19 32 36
41
5 36 41
18 19
45
38
6
2 35
10
1 3 37 47

22
17 28 33 37
34

11 16 21 35
40

19 28 34 40
3 4 24

16 25

36
1
4 32




7 35
17

2 20 23
15
30
19


13
39
3 35
17
31
18
5 8 13 36
41
14 29 38
4 34 44
1 17

37 45
42
6

1 40
14 30 32
6
32
10 12
11 45
47
10 44
2 7
15 20 39
8 16 30

28
14

42
6 49
9 21 32
11 27
4

17
30
25 33 39
13
11
6 27
34
23
40
4
34 40
15 26

6
24
23
8 31 36 42
37

0 1 10 19
1 28
36
34 38 48
34 43
23
18
12 29 35
43

2 3 14 19 25 32 36
10 22 44
31
2 9 19 47 49


4 7
20 44
27
4 16 22 39
34
31
21 22
5 6

3 9 17
19 38

10 22 24

31
8 13 45
7 30

0 11 39
8 38
4 11
49
5
32
6
4 26
23 33

8 27


25
21 25 36
30 38 41
8 19 25 26
30 34
32 35 37
33
2 5 27 30 32 43
34
25 49
20
27 45

25

35
0 25 38
10
29



13 29
21 22
15
19
39 41
20 36
21
21 22 46
24

6
1
4 13 42
10 26


15
32 39 41
20

4
8 23 29
15 42 43
1 22
12 35
12
15 40
40
4
6
2
14 27 28

3 12
29 36 37 47

1 14
4
28

22

8 43
5 22 28
20 48
4 8 15 43 46
3 16 29 47
10 46
7 36

35 43
0 45
32 35
12 17
23 36 44
8 30
22 43
39
26

15 35
29
12 17 37 38 46
14
17 47
21
49

30
29

2 29

16 26

46
0 6 20
0
48

14 45

39
9 32 45
43
39 47
36
15
1 18 49

29
9
38

18 42
7 44
13 28 41 48


46
24 26
28 47

11 48

3 6
19 20 36
16 17 36 48
5 24 39

42
3
47
10 33 45
16 30 31
12 30
42
17 47
30 34
2 16 17 28 39

7 16
5 37 42
22 25
33 40
21 27

36
6 35
45
33 41
27 44

4

1 7 37
1
5
37 39 49
3 5

2 20 36


7 28
22
27 40 49
3 10 17 35
13 29 39

4
3 26
11 19
3 9

12 20 43
14 20

1
43
21
39 44
25 33
33
0 33
13 32 34
15 16 26 29 46
0 22 46
11 44
8
14 23 29 35
37
17
1 6
6
47
35
32 45
43

13 29 48
3 5 8 15 39
17 27
4 8 9
2 30

13

37 45
20
10
19 26
17 20
28
7 11 14 22
1 13
38
19 28 30
15
46


2 13 41
0 15 43
19 29 32 38 42 46
9 10
17 29
2 36 48
34

14
9 18
40 46
6

19 36 43
32 41 45
46 48
10 33 46
6 22 26
40 49
11

48

2 9 19 32
9
11

4 7
1 20
28
3 21 34
0 21 34
2 46

23
13 36
10 20 21
8 13
32

35 41

8 9 23 27 43
24
14 38
20 30
9 19 40

47



26
1

7 37 39 45
18 30
21
5 24
1 31

25
19 23 33
39 49

3
42
38
3 23 39
14 38
11 33 49
35 39 45 49

9 20
22 25
6
43
9 28 34
36 42
16

8 19

3 27

5
29
26
17
7
21
37 38
31 37
14 16 28


38
35 48 49
8 20 41 42
5 27
37
30 42
20 29 36 48
40
1 26 37
5 49
1 15 37
16
17 24


10 23 45


36 39

0 12 19 27
10
49
41
33
2 21
20 46
30
10 11 15 30 48
36
25 47

32 39 40 44
11 27
0 2 33
0 48
20
17 21 34
25

33
9 45
2 5

9 30 44
26 29

48

23 31
46
5


17 33 38
2 22
25 26 40
2
22 47
15 21 49
0 9 12 40
9

5
9 16
10 16 23 27 40
18
1 37



3 8 21 22 34 44 45
5 17
7
13 24
22 41
0
20
22 35
5 25
16 18

35 42
3 20 28
24 25 29 39
27
16
1 3 29
11 36 46
39 46
17
28
19 39


33 45
29 36
27 41

17
6 7 30 47
46

46
2 15
8 17
0 28 38 45 47 49
11
10 37
26 46 47
9 28 30

3 9
49

6 11 13
3
23 37
39

43
5 7 48
7 26 49

20
13 36 37



19

22 25 32

35
3 39
13 29 31

31 35
15 19 37 43
11
16 29

41 44
5 39
43 48
1 22
20
24 31
45
8 12 13 43
31 47

1 37
44
46
24


8
41
10 16
13 25 43
9 40
13 45
34
28 37
30

12 49
3 32 46

35 43
4 7 15 40
19 29
7

18 27
7 26

24
5 39
20 45

15 40
39

12
3 44

11
2
15 16 20
9 48

11 27
9 44




6 8 25
13 36
27

2
15 19 25 34
18 46
49

24
3 6
12 20 22 23 47
17


43
22
16 24 36 38 44
6 35




39

22
26
19 34 43
7 14
2 14 41


39

45


26
22 23 36 42 49

45

8 24 29 40
14 15

2 47
9

39
48

6
13 48
44
3 21 23 34
7 18 31 42

29
33
30 39
27 49
28 33

35 47
4 6
23 43
30
0 20 32 35

47
14 40 41
32
0 3 40 45
33 39
22
16 17 43
31 48
16
20 43
21 32
3 8 23 29
0 34
5 13
19
0 48

7
3 13 42

33
4 8 49
3 9 20
10 19

6 17 24 43
10 12 32
31
1 38
15 34
27 38
3 7 40 42

9 42
43 48
1 36
6
16 37
38

2

14
2 19 26 27 29
20
20
23
39 49
27 32 46 48
13
6 26
26
7 35


4
14

18
44 45 47
26


16 19
7 22
23 26
13 32 49
5
36



5 16
9

37

25
4 17
4 6
20
8
8 9 14 18 41
19 31 45
40
9 47

3 34
18
20 35 38
24
17 18
5 11
23 31

13 31 40
16

23
25
1
27
14 24 30
11 18 20
21


27 33 40
24 42
12 29

12 38
43
16 26 32

7 42
2 47
19
33
15 18 48
20
9
4
7 21
40
5 10

26
28

31
2
25
34 44
43
20 29
39
43

1

1 6 47
0 15 26 27 35 43 48
1 33
36
19
8
6 8 41 48

4 5 34
10 17



4 48
13 17 20

45


33 48

2 44
0 32 46 48
14 15 23 24

32
2 5 30 46

31

13
0 11
3 37 46
11
6
32 47
4 28 33
34
20

6
21
30


18
35 45


17 21

4 13 14 20 31
29 42 47 48
18
19 35
22
9 41
29
22 31

16
34
15 18 27

7 43 44 45 48
1 27 40 41
40
25
2 47
15
6 7 35 43 45
20 32
43
2 18 32 35

17

32 34 45 46

4 9 46

48

17
41
14
40 43
17
28

25 35
18

26 34 36 48
14 32


38 42
34 36 38
6
8 12
8 11 25 40
5
11
28
37
20
16 44
13 29 36

23 26 44
24 32 33
20 36

15 26 47
7 30

9 28 37
12 36

20 31 40
9 21
14
4 20 24
39

17 21
3 8 36
10 28
20 23 39
14 23
17
35
0
7 40 42 45
14

32

26
14 17 32
1 20 21 23 24 33 41
48
34
13 20
5 42
32
46
14
27


26

10 21

25


3 18 21 40 41

11 35

4 16 24
6 8 21 30
48
17 20 28 29
28
1

20
4 17 36 38 44
11 32 41 43

7
18


5 29 33


37

27 49
1 22
2

24 29
8 34

39
0 5 18 35
9 49
33 36

20 49
23
27
1 10

6
41

22 48
43

12 14
37 38 42
18 30 31
35
28 31 33 40 47
40 46
39 41
4


4 21 27
10 26
47
30 47
11
4
1
16 34
33 44
12
27 32 35 36
43 48
5 41

0 21

14
4
25

49
40
19 38
2 37
19
18 38 42
5 22
2 5 35
27 32
11 31
42
2 6 44
17 21

5
1
9
39
2 14 27 39

0 6 11
16 34

3 37
1 41 45
3 9 12 41
22
25 29 42
49
20

38
19 21
46
7 18
23 47
0 43
41
35

28
7 32 36 40
27 37
7 13
11
4

13 26

9 32 33
18 25 28 38 43
24
14 39
8 34
34 48
20

26
5 10 31
9 10 31 37
3 43
9 47
41 46


29

36
14 48
40 44
9
35
2 5
1 37
18 32
32
7 12

8 24 26
40 42 44
9 24 31
5 20
2 44
28
10 27

3 30


22
33
4
15

23


29
1 25
2 30

7
4 13
22 35
30 43
17
23 25 48

23
1
37
23 28
2 7 32
9 29
2
32
13 20
1
4 7 15 46

2 11
31
16
27 28 40

2 21 30
3 35
27

32
49
20 23
7 41
17 36
49


2 11 31 34
33
22 41
17 37
1 4
10 39
41
0
8 26 43


37 43 48
2 48
16

25 30
4 27
1 26

3 24 31

24 35
36
29 30
24 43

11
2 19 24 26
0 28
8
13
45
28

5
32 37
11
2
31
33 41
9 45
7
1 13 23

24 38 46
39 47
21
6 7

23

19 49

24

1 38
27
36 46
28
16
27 28
8 20 39
0 49
24 42 43
31
47
2 7 35 48
8 18 34
49
22
43
31
5
3 31
10


19 49

7 49


35 48
25
6


21 34
2 10
11
15
0 29
33
1 37
15 47
14 41
45 46
1
36

4 48
33 41

18
25 43
23 38 43
15
45
3 20
16 28
1 7 30

2 25 47
14 27 37
1 13 14 48
4

26
18 28
14 20 21 45
31
10 39 45
3
6 37 49
1 15
44

4 11 48
16 36

17 21 45

4 49

19 28 35
19 36 45
6 34 35

41
24
16 42
3


11 19 40 46
10 26
18 25
8 10 27 47

12 21

1
28


31
14 25 36 40
5 19 37
37



4

4 37 41
19 27

1
39 49
6 12 29 41
10
36 49

29 34 43


22 36 40 42 45
2 36 39
9 27



6 27 35

32 35
41
30 31 35

13
43
11 22 23 49
8 10 13 37 45 47
24 38
6
13 26 40
29
13 14 29
48
7

24
22
35


20 22
24 27 41
16 40
27 30 44 45
47
37 48
1
4
28 45
9 10 28
2 9 12 13 29 46 49

0 43
20
26
47
0 12 15
21 32

10
5 10
28 36
8 26
1 12 33 41
15 38

37
22 34 45


2 18 37 41
38

18

1 10
12 34
0 34 38 45
28 34
44 45
7 33
4
31 35 39 43 45
0 34 49
4
23
16 42

33
13
36 41
20 23 39
31
20 37
1 16 33 48
1 10 22 37
2
26 41 48

12
11 32 38
2 25
0
2 29 44
48
9
22 47

1 7 20 44
12 20
18 44


8 11
27

4 6 38

36

6 21 29
4 20
9 25
4 20

18 34

42
18 25 34
39
10 38 39

29 43
0 11 36

22 49
12

29


0 1 10 16
18
11 24
1 19
45
35
4 43
6 11
43
1 38 47
2 49
32
19 38
4 47
4
31
21 23 28

15

21 30
19 24
22 36
11 32 36
16
33
24
29
12 18
37 43 44

8

20
8 24 39
1
44
31 37

21 34 45

30


23 27 29
0 49
16 26 32

13 30 44
10
8

11
0
7 46
2 4 12
8 19 33

33 47
5
11
4 23
14 31 32
4 15 26 48
1 2 35 36

39 48


18
8
2 15 21 23
47 49
6 7
3 8 19
42
14
27 33 35 40 44
23 37


18
5
4 10
8 33


15 20
15
5 21
4 34
32
46
46
2

1
4 24 44
21 28
28
49
15 43 45
35 46
27 35
1
14 15
17 40
7 8 37 46
47
3 30 49
8 9
45
4 16 22 33

49
26 36 37
27 31

20 33 35 40 48
34 44 47
0 22
43
42
19 47
16 18 24
2 41

7 40

10 17
12 32
14 18 32


14
32
6
1 32
15

43
10 39
12 40

43
49

0
0 32
8 20 35
2 44
36 44 49
8

5 48
3 5

41

7 8
28 31
25


49

20 23 30

1 8 17
7 10 16 32
10 27
4 12 43 47
14 26 27 48
4 11 33 44
4
37 39 49
0

44
7
48
11
41
6 44
44
18 20
49
20 27
34 49
15 47
26 32 40 49
4 15 30
42 46
13
49
29

20 36
18
4 17 23
16
10 18
32
39 41 42 48
34
2 41
42 48
48
8 42 44
7
25
38
19 26 42 46

7
46
4 31
20
12

10 23



11 32
2
44
10
32 33 49
12 14 41
15 28
7 24 43
14

12
42 44

46
11 32
29 37
24
46
1
28

13 17 35
27
0 11 22 41

10 16

23
18 23

27
16 22 29

11 14 27 31 44
25
4 30
14
8 25
44
6

6 28 37 40 41
16 42

21 27
15 32 34

6 13 16 25
43

24 35
1 47
15 21 37
27
40



5 40
18 27
16 44 45
24 35 43
18
43
12 21 24
2 31
39
3 26
17 32 39 45
1 7
16 48

29
15 22 36
9
39 44 48
38 45

37 45
8 39
2 32

5 11 35

1 35
30
9
46
15 33

4 31 37 40
21

3 5
25

11 17
12


19
14 30
13 24

37 41
40 47
13
25
2 4 12

3 33 40
21 28
25
29
2 4 26
3 33

31
25
14 46
13
5 17
12
4 19
28 42
39

18 25 38

6
4 28 29 33


6 32 33
45
21 39 40
5 12 28
35
4
13
23
3 7 12
11 26
37

21
16 19 20
36 44
13 49
11

18 20
23 35 45
20 21

9 29

12 23 41 47
7
3 46
7 25

5 6 27 32
32 34 40

36
22 23
27 39 42
5

9 21 38
5 25 30 31

16 34 41
3 15
15
25
12
13

3 25

38
5 21 26 33 49
36

7 38
3 12
16 41
14


8 34
24 29
33
5 19 44
31
6 28
34
1
14 30 42
5 16 40
24

23 38 42
35 42
13 14 44
35
21 23 39

1 6 38
24 32
11

12 21 35
26




33
49
8
2
25 33 47 48
11 14 31
17 24
27
4 22
14 17
29
3 25
47
16


40
6
9
21 28 36 49
27 33
1 8 16 24 42 43
11
27 44

9 44
4 22
6 25

4
8 46

9 15

22
11 20 46 49
17
48
12 32

1 14 40
10 25 44

29

7 25
12
2 5 8
43
12 14 27
21 24 43

4 30
1
5 8
3 17
16 48
0 12 30
24 29 39 43
3 11
48
17 21
17 35
22 33
19

29
17 32
45

16
17
18
15 47

3
12
24

20


20
19
14 29
7 36


33 45

37 44

11
16 28
38
25

11 42
13
14 24 46
30
1 13 24
12
39 40
13
8 9 23



15
0 26 37 43
32 49
35
7 45
9
17 48
16 26 41
21 32
3 15 37 38 47

18
4 40
9 33
11 17 20
0

0 4 7 10 13 39
2 26 39
17
24 33
6 22 49
13 37 49
15
42
1 13
43
5 6 11
47
27
0 26
26 28
0
47

29
7 32
45

0 7 14
4 19 30
48
34 43 44
49

4 49
2 14
12 36 44
37
31
34
4 25
23
34
13 25
20 39
37
10 23 34
14 35
23


33
11
9 13

13

1 45 48
32 35
6
18 32 36
10 22
5
29 32
27
4 15
46
8 27 28
30 47
33
3 11 35 47
5 8
13 33

8
18 33 49

3 12 25
13 21 23
12
31
14 16 35 37

47
16

49
20 21 36 43
31


16 38
20
17
7 39


46
16
2
18 21 26 49
4 27
1 21 44
6 21 24 34

22
32 40
39 43

16 36 43
11 17 23
5

36 48
28
1 20 29
31
1 4
46
14 15 37 44 47


25 48
41



12
25
15
1 24 26
17
26 46
36
16 29
41
34 41
30 32 36 42
19 48
9 17 21 23 27
22 42

8
38
31
1 7
5 14 22
46
2 22 27 40 45
1

45
31 34

6 25
3 36 38

3 26 46
15 32 49
13
32
0 3 16
13 32
4 9 34 42
1 6 10 29
11 44
1 26
13 32
1 12 15
32
19 28
10 12 27 31
41
46

1 3
41
11
19 22
2 44
39
29 33 41
12 13 21 31
11 18 47
26
39

14 34
21
18 20
34
34 37
37
9 37 42 43
24
7 45
4 36
16 17
35
11
19 30 36 37 39
10 19 23
3 12 31 42
41
2
21 42

9 39 43
11
11 38
8 17

46

45

26 35
30 49
21

4 12 28 44
35 45
11 17 37
37
23
27 36 39

47
24
1 39
33


37
1 6 9
19 34

24 30 41
34 40

12 31

19
17 44
14 33

0 28
10 31
15 16

7 31

20
31 49
44

15 22
10 21
22 32
12
48

1 5 22 28 31
41

40
23 44 48
39


12 27
1
3 20 34 37
7 12 23 25 28 41
10 15 23 46
13 31 37
43 46

34
49
5 15


19
12 22


8 34
14 36
18 20

12 14 22
11
23 35
14 41
0 35
14 31 44
45
33 46

2 26
19
24
13 32

47
26
12 27 29
9 28
12 35
13 24 31
20 30


21
10

5 31 49
41 44
8
4 45

1 9 18 35
20 27
23 25 28


20
36 49
34

32
4
30
21
20 26 47
20
1 12
15 16
18 29 45
28
8 33 35
11 13 30 39
8
12

2 19 44

10 39 43
13 41
13 16
10
2 11 26

15

29 38 40
4 34 41 48
44
8
0
26 49
20 27 33 48
12
11
23 26
18 28
41 42
9 30 39
15 47
23
4 7 9 15 31
15

32 40
22


0 42

29 32 33 38

27
16 39
25 37
12 31
24 32

10 12
11 15 42

21 46
13 21 22 46
49
27 46
17

29 30

11 18
40
29
8
35
34 36 40
10

39

9

18 43 49

16 33

6 22
27 29
12 28
33 38
24
10
5 27
42

45
19 43
5 17 39
5 12 16 23
14 18 23
2 41
23 37 49
35
10 24 47
8
34 45
13 18 48
21 29
5 15 17 23
14 27


9 38
41


33 42 45
23 25
9 22 38
10
0 35 37
45
14
30
39 40

30
27

41
18
16 31
11
22 36 47

25 40
45

0 1

25 26 33
15 17 19 34 45
17

3 34
7 24
3

17 22 28 42
20 41


7
0
31
43
11 26 43

36
40 48
21 32 35 41 42
22 44
26 30



0 2 13 15 35

26



10
9 49
20 24
3 18


11 15
5 7 23 42

16 24
46 47
48
8
8 35



5 19
23 25
17
8 9 36
38
44
24
17
33
9
42
9 44
27
39
38



19
10 12
45
44
24
6 20 47
2 21
33


46 47
24 39 46
23 37
16 47
8


29 43

13 23 39 49
48

18 33
33
3 47
13
38 42
10
13

10 12 24 48

27 29 32
24 44
12 18

11 17
5 47
0
4
6
11 23
19 24
11 22

6 27 31

18 31

2 5 14
2 41
27 46

20 42
4 32 36
5 24 43


0
3 17 19



17
19 43
3 8 9 39
38
9 34



45
22 43
6 27
18
28
0 22 48
6

1 5
19 31 48

10 48


46
22 27
24 43 48
21 22 26 35 38

1 4 32 33 43

16 43
8

3 5 48

19 25
7 17
4 37 49
46
1
23 36
5 9 21 32
12 25 36


19 37
12 16 17 21
2 23
8 9 23
3
39

2
13
9
20 33 39
39


9 21
48
26

15 23 34
26

40
31 42
24 32
8 24
36
5 23
20
22
6 36
10 22
19
8 20 29 42 44
9 16 38
30
6 33 49

15 17 18
15 23
2
13
27 46
3
23 29 31 36
19
15 33
23 26
19
2
37


2 19 21 36
1 16
3 16

7 28 32
19 39
6 27
12 41
10 44
2
2 36
38 46 49
2
2
31 48
35 48
10 39

19
25 40 45

39
43
23 27 48
8 35
16

37
14 44
47 49

17 30 33
10

14
27
38
6
48

49
12 23
35

8 18 20

34
32 44
11
6 20
45
13
22
35 44


46
16 42
24 42
5 32 40
2
6 37
49
14 17 30 31
6 31
40
15 23
1 46
40 41 42
8 39 47
19
18
1
8
13
44

17 27 29 42

5


10 37
31 39
6 7 38
10
5 17
9 41
14 17 38
37 47
15 29 46
14 21 25 34
37 38
17 24
25

6 10 14

21 22
16
35
46
13 41
16
20 21 29 38
12
4 43
8



3 22 36 43 46
27
13 40

21 31 33


13 24 40 45
35 48

38 40 44

32
42
2 12
19 39 40
2 43
24
5 28
9 30 36
25
5 24
27 48
7
19 20
3 15
8 11
9
11 21
15 25
4
12 41
20
20 22 35
26 48
44 47


32

49

1
1 48

2 37


2 6 14 31 32 36 45
35
17 40
33
35

31
43
28 45

20 34
12 48
26 39
13

17 20 39 43
21

2 24 26
3 27 33
0

11
23
2 4 10 28
0 1 27 36
21
9 18 49
13 26
36
24 41
43 46
40

41

13 46
12


17 32 40

1 12 30 49
20 24
1 25 35
6 46
19 44

27
5
9 16 20 22
39

3 4 33
22
12 29 33 38
18 28 33 35

20
27 43


43 46
11 14 42 43
0 30 45
35 46
17
4 49
23 36

5

14

42
34
1
39
40

28
16 18 21 32 44
9 10
4 13 28
29


40 49

6
40
44
9 20 26

31
28 29 44
11 18 32
18 34
7 28 42
9 12 22
2 4 27

0
37

7 19

29
1 31
3

38
4 14
28
8 15
49
2 40
2
35 39 42
14
25

1 39

7
40 44 45
31 46
42
42


0 17
7 19 21 28
29 45
29

0 37
5 27 33
9 13
49
18
10 27 43 45
35


17 28 29
34
15 38
0 27
4

6

3 24 36
28 42
36 49
24 32
4 9 44 47

15 41 43
43 46
32


30
7 15 22 26
15 21 23 24 33
3 15
9 17
24 31
31
25 37
40

43 49
2 12 39
4 39
5 37 49

18
33 47

7 35

16 20
0 23 29
2 5 18 29




10 17 28 34

9 28
25 35
33 35
4 38
8 14 19 34 43
20 43
34
23
45
13
43
11
46

12 38
40

44
1
21
0 9 16 19


1 25
16 31
31
2 26 41
6
9 16 27 32
21
37 46
3 34

37

6 21
40
4 27

9 14 22 33

35
32 47
0 10 29 41
3 32
42

29 44
42
12
7 11 20
30
36

12 40


25 45

9 12 17 38
24
1 5 9 39
16
30
13 25
1 20
5 48
34
12 17

4 7
25 38
9 15
8 32 38
39
9 24
2 26 47
5 29
6 45
21 32
3 18
11 33 42 44
13 36

0 2 34
19 39 43 47
20 27

46
32
21 46

16 32 46
11 19
19 22 23

15
20 34
18 38
13
6 11 24
8 48
1 43

11
3 13 14 22
6 28 39 47

7 43 44 49
48 49
4 6
49
43 45

8
11 20 25
11 14 15
42
4 29 39
25
31
1 10 15 18


15 30 33
6
37
29
8 49
2
13
13 28
0 8
6 8 29
9 46
39
29 43
25

45
48
26 27 42


45
26 42 46
18 49
0 34
8
27 31 47
5
40 43
5 21 34


45

21 24
12
23
43

22
22
13 25
34
7
7

13 46
7
22 36 39 46

22 36
9 42 47
28
37
5 19 24 28 38
24 34
38

0 43

10 28 39
39 45

34

13 20
20 49
0 5 33 40 42
19 22
14 39
7
20


38

29
2 19 23 25
10

22
23 26 47


9 13
30 35
18 20 33
24
35
5 14 15 19 30 40
28 46


9 19
44
47
48


0
27 34 37
48

8 9 34 36 49
30 33

5 48
1 27 49
15
3 34
1



15 27 28 33 39
3
25


13 21 44


38

2
17
47
22 43

23 43
11 36
4 8
1 48
4 17 37

20
4
5
4 14 48
4 24
16 27 37
17
17 42

0 38
31
36 37
11 22
18
29

17

20
8
0 2 18 34
20 24
22 39
36

6
27

31
28
0 11 12 29
0 36 38

10 19
0 14 45
7 39
26 35
40
30
20 33
8
29 49
3
29

1 7 27 36
26 31 32
0 7 41 42
1 15 23

4 9 18
17 26 37
18 22
22 48
20 34
17
31 39

27 49

48
27
18 38
33
1 6
13
22
6 25 38
43 47


47


2 23
8 18 37
20

3 38
4 12 32

21

4
7
49
28
29
6 37 44
20 29 49
25
30 46
15 31 33 43
23

6 45 47
32 33
12 27

2 11 39

12 20 45
12 15
2 38
24 34
43
15 45
8 18 22

3 10
11 28
16
16 38
24
30 31
11 26
13

15
8 29


20 23

16

13 23
14 19 49
21
26
29
6 16 24 37
11 27
36 40
17
27 29
15
27 44
8 38
45
11 36 46
18

16 17
11
31

1 15
23
26


14
6 30

10
5 14 27 31 41
12 44
24 38

19
49
6
6 21 33




31 36 42
17 19
6 13
22
7 12 27
21
29
6 9 47



35
2 18 22
0
49

8 11 15 18
2 13 35
37 41 42
38 48 49
28
10
11

6 9 35 45
8 12 34 39

36 43 49

5 15
8 47

18
11 18 28
27
38
17
9 35




17 44
14 24
5
4 22 26 27 40
4
24
8 26


22
24 40
12 44
16 49

17


11
14 17 24
13 30
35
0 11 31 47
42
22
19 47
29
44
2 7 10 25 39
5
33 43 45

6 33 35
8 29
6 47
25 34
37



14 46
0 46
41
7 8 13 28

35 47
11 28 30 35
1 32

18 49
18


14 25 30
1 40
38
0 3 11 15 44
26
47
49
4
9 42
13
4
0 18
3 33
12
46
34 40
27
9 11
7 33
40
8 10
20

3 34 42
13
17 28 29
13 26
14 29

3 7 22 41
0
17
5 23 44

0 9
29 30

9 14 47
35


18

1 9 39
20
13 44
7 20
19 41 45

9 13 34
42
13 42 46
30 35
22 39
0 30
9 14 38 47


5 26 29 36
26
9 23 27 48
6 16 22 23
37
18
10

34 45 49
32
1 45 46
26 48
1 46

6
17
26 48
12 30 37


39 47

17
9
21 24
39
2 13

38
2 46 49
17 24

11
1
4
25 29
5 22 29 37 48
12
24 32

23 31
13 49

41

16

19 29 30 48
21 24 28


4
7 42
30
37 38

9 42
8 12 16 28 44
9 18 42

15 49
9
24
4 37
40

2 39 41
23 38 40
4 45
26
5
23
18
25 46
2 16 33
0 23 42
17


26

12
16 49
36 37
0 27
23 47
41
17
6 43
43
21 23
44 45
21 25 26
0 30 49
2
4 8 21 31
29 43
11
0 3
7 17 18

11
21
25 37
1 3 9 42
1 44
1 5 42
3 6 49

7 10
3 9 25 38
49
36
10


40


11 15 30
8 35
11 17 35 37

3
6 39
43

32


19 33 41

30

3

17
38
13 25 34
22 27
27

2
11 39
22
34 49
9 44
14
22 42
13 25 36 44
32 49
10
5 11 30

15
6 15 24

26 45
12 32 34
0 4
41
41

27 28 37 46
22 29

8 28 42
6 26 38

30 33

10 36

24 30
8 15
31
17 21
46
35
35
29
17 25 33 34

33


16 23 30
8 35
5 45

30
19
42
18 21 22 23
17 48

1 9 25
0 14 19

24
39
22 28
17 41
16 34 38
29
15 20 44
47

16 43

35
28
2 44

14


16 39 46

4
40

17 41
6
46
15 26
33 46
8 40
12 16 40 43
3 10

22
3
1
47

32
13
39
0 19 29
0 5 39 45
17 35 36
23 29 35
31 34 44

9 37
37
19 29
17 20 35


26 28
41


37
17 34 42

4
0 29

23
2 24 33

43
30 32
12 35
42
1 44
49
17 39 42
3 15 44
12 29 34
49
43 48
4 18 49
3 24 48

6 39
9

14 36
4 19 30
10
30 40
17 33
20 34 43 49

42
6 16 26 47
16 17
14 22 23 30 41
43
47
9 28 44
44
5 16 25 28 32 46
31
28 30
7 9 19 23 41

9
32
8 25
0 38
7 17 25


33
48
12 17



15 45
13 47
22

23 46
0
19 47
31 48
1 18 44
4 28


20 38 41

41 45 47
11

28
6 27 32
15
13

10 25 26 47


11 13
23 28
10 20 36

37
43
0 36
0 1 46
14 19 23
11
2 30
43
34
22 47

2 3
28

9 33 39
11


3

3


17 47
28
25
6 28

2 23
33
1 49
3 10 12
19 27
41
48
11
17

33 36
3 28
16 23
14 30
28
33 43

19 27 46
19
5 20
11 19 43 46 49
17 35
43
20 27 34 38
13 29 34 38 40 49
6
4 14 16 23 29 31 42
21 43


13 44


18 44
21 23 36 47
11
29
11 13 28
9 43

3 6
30

8 16 20

19
5 39


33 45
4 17 28 40
31 39
47
12 39 45
2 26

34
11 19
12
0 7 22 49
24 36
13 40
20 32
49
2 31
24
17 42
15 39

10
28

5 22 46

2
30
3 11 24 40

18 48
45

9 38
19 21 30
8
18 48
28
46
44

47
13
4


4 20
39
13 47 48
23
31
13
0 13
22 38 43


15

21 41

42

36 40 41 49

27
4 18

19
11 23 34 39
5 32


30 37

1 15
10 18 23
44
8 16 40
32
22 46
17 42
13 20 43
16 27

0

6
35
4 19 44
15 25 37
2 6 30


41
35
46
2 11 12
16 19 37 45
12 27 34 45
20 24 26 38
24 37
13 14 48
10 23
0
47

9 21 31 40 42
16 20 21 31 38 42

34
2 8 42
18
8 27
6
8 16 30
1 4 31
37 48

21 26
39 41
0 6 11 25




39 49

33 39 45

1 16 42
19
16 17
22
14
3 49
30 36
3
14 42
3 11 17 18
32 37
43
20 28
18
11 15 29
17 21
5 7
12 31
30 42
33 37 38
19
1 16 24 35
5

25
13 25 43 48

8
15 31

13 33
6 8 40
46
11 19 45
0 13 44
20 24 30 42

1 47 48
23
5

17 35
42 48
24
22



8 15 19
24 35
15 24
3 13 26 36

13 39
30

6 42
13 27
12 41
24 48
24
24 35 41 45 46
9 41

39 46
29 44
15
6 8 29

16 37 49
7 24
9 19

8 16 48
5


12 21
18 27 43
2
45
45 46
2 44

1 25 30
2
0 15
16 36
17 44
11 31
2 20
26 28
45
11 17 23 24

3 23 31 48
23 24 29 30

1 10

15
1 25 27 39 44
34 44
7

5 9 32 49

15 38
41
29 37
25 48
25 49
5 30
23
15 21 33 49
29 33
47

9 44




48
1 5 27
8


18

10 14 43

48
29
13
1 42


3 21
43
38 41
11 18 26 36
28
14

8 47

2 36
11 21
20 26 34

11 13 32 46 47

30 36
15 35
6
36 43
2

0 4 39


14 16 32
23 31
11 12 21 27 41
13 26
27 38
30
22 35 47
10 43
41
40
15 28 40 47
9

42

9 23 38 41
38
28
29
12 19
40
25
3 38

15 42

40
10 21 34 37 49

18
14 27

8 41
10 28 31
5 12
19 27
46 48
44
29 47
11 29 31 42
0 22
1 19 26
24
41 43

10 14
40
19
5
29
1
36


36
34 38


35
8 29 36
0
22
11

14 31
2 36


23 43
23
25
1 34
28 35 39

8 26
7 16 35 41
26 30
16 35




0 24 46
12 45
3

38

13 44
19 20 21
14 15 48
5 29
8
3 17 23

27

30 36
0 27 30
35
17 18 49

40

23 35 42
9 14
16 30
12
22
41
20 27
21
1 8 13 14 38 40
15
18 30
30 48
6 49
10 33
27
13 23 40
30 39 41
24
0
10
3 34
2 5
5 16 27 29
8
12 26 41
28
36 37
7 42 49
38 44
24
30

10

0 9 36 49

19 24
17
21 33 45
11
47
29
15 39
17
12
2 31
39
2 8 17
11 20 32
4 35 40
44

19 48
31 40
32 33
17
0
3 5 17 35

24 28 36 40
27
16

12 26 28
15 41
11
42 49
34



13
19
9
33
39
9 44
4 40

16
22
8 44 46
30
11 47
39
45
28 49
28 43 49
40 48

10
26
35 42
4 8
35
2
26
9 31


23 33 45


15 27 38
18 19 20
13 22
13 42


8 18
33 41

0 3 21 43 46

34 49

26
12 23 34 40 41 42
0
31 33 39
5
13 41 45
33
8 23 34

21 28
16 17 18 34
4 21

31 32
6 10 20
24
5 11 23 26 44 45
12 21
1 14 23
4 7 45
8 29
9 31
18
20 37 44
40 45
16 25

38

10

23
8 14 40

39
22 26 42

29 34
23


41
17 48
31 36

7 32

15 49
23 36


27 34


16 24

10
16

9
45
44
1
6 36 40
22
27
0

8 28
1

29 46
44
16
27 29 44 47
22 33
3 42 44
48

46
44
26 41
17 26 42

0 41 46
36 37 42
35
19 34
15 32
3 6

8
13
2 5 37 39
7
18 19 47
19
2 7 27 44

6
24
1 19
0 27

20 41
14

30 42 48
23
38 44

5 25 46
24
31
12 46
43
33 49
20 26
8 23

3
25
20 41
46 47 48




35
16 25
4
21
49
30
45
26
7

14 22 39
9 30 47
48 49
48
29
18 38

24 27 37
14 21 25
10 44 45
37 47

0 1 3 13 34 39 45
12
14
2
8 20
4 45

15
16 47


2 4 20 30
23 37

17 18
27 37
6 36
0 27
13
27 39
1 29 46
15 22 49
22 39 48

0 2
9 17

41
12 32
3 12
5 17 39
12
1 21 24 33
10 16 21 29 30
16 18 31
8 35
34 40

4 17 20
13 25


36
16
2 33 37 39

40 48

47
23 36
14
7
29 35
18
31 35
28 32
2
32
1 4 13
46
3 6 49
21 29 43

8
3
0 16 45
22 38
19 43
31 37
21
3
13
26
23
35

20 35 37
4 33
12 38

9 37 41
41

11 31 48
21 26

0 5 28 29 44
4 9 15 40 41
22
30
17
2 47
2
2

42

19 30
31 36
34

2 6
23
21 23 31
5 48
17 47
5 43 45

17
13 14
14 23

0 1 40 48
9
28
1 10 32 42
21
21 43 47
16 21
16 24 25
4 16

23
1 41




7
30
23 42
4


39
5 14 16

18 27
8 28 40 43
5 24 48
13 19 47
18 42
19 21 34
1 32
14 23 48

25 33
8 36

46
40
8
24 28
13 28
0 14 26 29 47
12 41
8 16 23
8 43
23
36
45
20 38
43
1 2

28

14 25 39
21
6
4 5 32 47
6 24 36




2 21 35 46

12 15 21 22

46
2 18
8 23 26

19 29 44
16
47
28 34
35


6 19 37
23
18 36

33
13 26 30
14
49
13 20 33


5


2
5 19 24 41

34 41
28
35 42 49
29 43 47


38

9 13
37 41 48


18
7
22
8 12 29 43 44
23
0 31
14

17
6


18 33 43
1
37
33
9
40 41

41
25
39
23
13
8 32 37
23

40
3 34 38
25 29 35
3 11

40
2
38
2 22 48
35 46

7 17 19 39
21 26
4

8
4 22
1
0
6
8

18

48
4 24 30 40

2 31

0 40
12
3 27 46

44
31 32 41
20 37
21

16 47
13 32
12

16 40
24 49
0 28

0 6
29 42
22 38
10 20 44
12
16 33
34 37 48
38
36
18
8 13 22 26 32 38
1 21 30
9 37
45
49

39

36
2

13 35
13 23 43
7
0 3 33
1 5 12
34
13 45
12 19 43
2 22 32
9 28
15 17
32
29 32
31
19 28 29
33
5

18 22 35

7 13 44
9 16 37
11 32
25
3

8
6 27 30
4 8 46 49
1 10 35
0 27
49




29
14 43 47
36
5
10 11

17 25
13
3 4 17 24 31
3
3 4 20
9 23 25 34 37
8 10
31 41 42 49
8
24
9
9
36

38
5 9 17 39 46
41
2 11 26
38 42
0 49
12 14
4 13 15
11 20 34 45
4 28 31
30 31 44 48
42
26
13
10

9 33
12 23


16 30
16 26 34
10
2 8 43
13 17

10

17 18 34
32 43
14
47
21 44 49
49
22
17 31
39 44
9 25
14 43
28 38
16

41 43
21 30 42
37 40 49
10 35 37
17 20 39
0
15 22

16 17
0 12
3 13 15
8 42



5 37





18 25 33
14
20 22 23 30 44


31
16 19 45
8 16 21

3 49
10 39
33
10
7 40
21 40 46
21 25 35
6 25
27
36
19
20 40
19 26 35
6
0 7 17 24 27


4 18
33
28
17 22 41
2 32
31
7
45
1
1
12 43 46
8 23 25 35

36 41 46
26

17

7 17 26
8 18
14 21
28 43
26

42
7 19 46
9
25
26 39
10 38
25 35
32
21
47
39 49
47 49
1 15 24 49

0 34
14 18
11 18 24
41 43
48

21 22 31

28 42
16
20 27 30
29
0 36 46

1 30
1 25
18


35

9
14
0 7
25 28 34
21 26
35
38
17 21 41
2 12 13 41 46
9 17

19 35 37
2 27
29
44
11 33 35 44
7
34 45 47

41

0
1 41

11 22


43
24
3 11 38 44
43
12 15 17
9

16 22
0 4 10 30
9 41
34 46
10 38
12 40
28 30 40

38
31 35 37
13 44 49
11 21 31


14 27
43
6 26 42
30
14
5

17
43
29 43

37

0 36
6
20 24
47
6 8 29
0 21 22 24 28
2 27 38 45 49
20
11 17


33 40
27
0 48
14

34
22 28 43


25 43
49
32
22 41
7 14 25 36

1 24 34
22

18 45
25
17

33 38
17 31

10 23 45
8 10

14 16
0 13 14 26 31
9
4 27
12 35

14 31 44
10 15 44

11 24 42
9 11 44
11 17
6
5 9 17 21
3 18
17
17 31
4
5 7 15


19 44 49
24 35 38
29
34 46
7
38 43
30

20

6 18 27 30 36 44

7 29
17 30 39

15

48
11 16 41 44
2
17
27 39
26 28
6 18 21 45
38

5 6 32 36
34 35
7
16 18 40
42
7


5 20 40 41
45
22
15 31

0
47
7 12
28 48
28 29
45

2
20 25 26 36 37 49
22

46
26 28
5 33 47
9 16 41
7
9
2 35

2 46
14 20
3 26
21 28
6
32 43

5
9 16 26
8

24
8
47
24

11 43
21 29

20 35

5 42
4 26
29 40
34
13 21
8 21
44


16 20 49
39
6 25
0 11 13

14 16 23

46

32 46
44
24
1 47
7 45
18
13 15 30

7
0 13 16 20 22 37

3 23
10 23
29 35
10 12 28
20 21 46

10 16 40 47

35 38 40
15 25 32
17
26 33

17
12
11 24
14 24
17
1
23 36
5
45
5 30
43
33
23 32 34
5
9 13

10
15


47

0 35
8 39
8 39
34 38
25
12
19 49
9

18
40
24 48


12 18 42
27
29
7
23 36
15
13 23
2 19 20 37
18 45

20
0 19
10 22 36
17 49

29 31
20 33
1 8
21
38 49

13 31
38 41
1 5
0 14 35 40
11 41 42
28
1
36
0 17 39
18 24 31 33
29 31
9 14 19 37
10 17 20
1 9 39
35 44
14

2 5 12
34
16 26
18

2 22 25 41
10
21 30 32
27

14
6 18 32
5 40 44 46
42
19 29 48
16 22 43

5 13 40 49
2 44
31
11 27 34 43
8 9 10 26 32 42 48
22 36
9 27
4 13 24 27
5 14 26 49
26 37 41
14 48
27
1
12 44
13 39
3 21 30
31
20 45
8 10 30 48
5 9
10 22 23 34
47
3 36 41
17
34 43 48
5 30


26
11
0 18 20
16 43
3 10 25 42
36
2 28
17 19 42
29
48
2 15 19 47
15 31
23
28 38
1
32 41
17 28
2 22


5 16 34
0 10
6
1
13 44 48
2
47
40
8 31 49
18 26
5
21
2 30
17
9 17
12 23
27 31

35

21 43
28
33

41

47
46
7 35
3 37

16 35 36 37
36

12

6 10 16
12 20 32 46
4 6 49
32

2 18



30
38 46 49
12 41 47
15
4 7 19
15 17 41

7 15 37 48 49
0 19 25
0 41 49
10
18 19 43
21 27
30 43

38


15 23
8
32 36 46
17 21 29
10 38

0 8 14 25 26
49
12 28
30
40

47
37
9 14 21 23
48
11 42

4
49
21 23
11 30
3 17 28
8

47

9
2 9 37
18
26
0 11 30
5 15 26

4 10 48
32 35
14
44
32
2 5 34
1
3 24 30 36
3 45
16 20 35
14
5
9
20 34 47
14 43
29
26
12 15 34
36
7 40
37 48
13 16
16 30
34

29 33 43


5 36 37 42
18 25 29
22
15 31
2 11 34
11
6 26 46
3

21 28
44
1
12 22
38
32
21
42 48
47
29 37 39
3 20 49
17
33
37 41
38
3 44
0 49
38
1 15 25

35
38


33
26
35 40
26 49
20 49
17 35
20 38
18 47
44 47
2 10 41
26
23 46
23
9 24
34 46
20
33
4 11 30 38 42
12
11 45
41
46
29 41
18 34
1 13 21 24

2 30 39
33
0 5 33


2 38


3 44
20 24 39
41
28 38
15
43
8 9
7 9 36
28
4
22
12 27 34
0 16 25 32 34

11 34 39
6
37

16 48

23
29 34 39
22
47
11 45
8
22 32
34 41
12 16
4
18 42 47
4 22
5 14
2 14 15 21 48
30
24 37
41 45
9
20
49

3

20
12
11
4 44

27
28
5 13


17 40 47
18 20 49
26 46
13
38
5 42
3 31
42
13 19
12 28
3 20 27
5 9 15
43
12 22
0 8 11 14 28 32
31 47

5
29 31
3 18 32 45
21
36
23 39

22 37
28 30

20 43
6 7 25 27
21 23 36 37

21 31 33
28
8 36 45
17 18 47

8 26 48
17
2
9
4 42
6 9 14 46

23
15

15 34 36
37
47
30
7
0

28 31
1 3 12 22

1 23 26 37

43


6 16 18 24 27
19 37
20

13

3


19
6 18 19
12 31

28
24
7 19 24
14 44
1 6 7 16 31
6
21 31
4

27 44
36

5 15
1 37
12 47
3 12 36 45
37

8


30
2 6 40
22 46
38 40
15
23
40
8 35
49
43
13
29

49
34
17 21

8 13
9 14 37
37
3 9 28 41
10 21
46
26
9 28 49


37
7 12 19 28 34 43

33 49
27
42 49
10
18 40
14

4 17 26
2 8 26 32

15

4

44
9
43 49
34 37


10 22 34
39

40
45

15 27

21 37
27 36
0 29 35 49
31 49
36 39
4 8 24 33
1 32
23 45
38
30
29 33
28 35
4
5 26 42



15 47
17 18 22
46 49
23 40
41 47
37
1 17 27
35 36
35
7 23 24
13
9

11
5 16

37
4 23 38
2

15 17 43
6 43
2 41 43
6 24 34

9 25 30 45 49
2 23
39
2 34
19 41
30
20
15 45

2 19
20
32 44

0
5
4 11 12 38
7
7
31




37
20

4
40 43
28 40


19 22
27

17 40 47
16
43
11 27 36
4

2 45
40
16 45 47

23
3 44
32 47
47
18 26 43

40

38
1 27 37

37
17
28 31
3
5 16 49
10 29 40

9 24 48
27 30 33 36 41
28
2 34 41
41 43


12 31
26 47
6
8
46
8 48
10 19
1 12
16 38
49
24 45
0
16

6 14 15
49
4 30
44

28
6 14 27

39 47
25 41
27 29
27

23
32
37

27
6
18 37
21 24 40 47
1 5 33 47
25 29 31

5
12
13

0 15 46
1
18 20
23
13 21

4
10
16 28


25 48
1 9 20
1 15
12
2 25
13
3
44
5 40
17
8 31
37

2 30 44
32 40
30 48
31
3
3 8 9 26

19 39
10 15 36

3
3 24 33
17
7 23
5 8 9 11 13
8 26 38
5 22
17
12 48
40
14 25 34 48
40

34
4 23 45
18 26 39
2

5 9 26

23 29
2 34 39
6 22
8 35
2

11 27
19
7 8 11
12

4 33

9
26 44

37 41
2 14
44
43 47
40
24
37
16 39
37 49
43

24 49
30
24
32 43
17 37 44
11 35 46
7 23 45
25 40
22 30 36
41
5 27
29 32 42
4

46
42 46
8
27 35
19 35
0
13 31
11 18 48
13 18 36
7 19 44

3 15 34 47
29 46
37 41
31 36
31
32
17 25
8 28 32
13 28 35

7 25

33 35 44
20 33
40


5 11

3 11 40
44
3 37

24 32 38 42
41
6 22
0 12 20
12
42
23 35
7
45
40
7
41 45
12 14 44
8
0 5
2 12 27

31
28
31
2 32
26
22 41
0 33 48
5
27 29
18 31

36
6 39
22 36
5 8 9 20

13
9 14 26 29

10 49
1 10 14 46

45
38
7 35
39 44
8
21

38
16
7 37 44
11 28 37 42
26 40 44
40
27 42
26 32 40 43
2 6 13 30
5 19

8 21 41
33 41

8 30
10 37


19 31

27
46
1 18 25

5 25 41
28 36 44
9

8 17
8 10 42
4 22

7 46
21 34

2 4 42 45
5 11 39
12 36 42


31



44

8 38 45
45 49
27
33
20 28
2
27
4


16 30
31 48
22


2 46
28
6 26 34
5 37
10 17 26
3 34


26 34
30 31
18 32 44

23 49
25 32
8 16 41
15 24
14 46
1 16 19
7
11
19
27
34
11 26 41
23 28 29


1 49
44
28
9 27 31 38
34 38
11
0 6 11 36


9 11 38


10
45

16 37 38
8 29

11
9 21
8 16 30
8

8 26
11
14 36 37
14

7 19 42
20 24 34 35
14 34
16 19 40 43
2 29 46
45 47
19
3 13

48

17
13


4 8 10 17
15 17 20 43
4


18
41 42
41
30
13 32 45

0 10 22
16
32
15
22
17 27
27
18 35 46
2
0 47
13

13
1
37
33 45
2 10
29
31 44
8 21
34
37
1 6 25


7
35 46

7 14 48 49
13 38
29
4

20

5 18
29 39
16

18
10
1 10 37 41

6 34
43

46
8 21
17 26 48
31
18 47
35
31



49
9
26

21
32
0 47
23
30
12 38 49
31 32
29
44
24
20 28 30

47
23 36 41
29
1 33 39 40

42
22

30 31
12 19 26 28 33

16
11 30
45
15

2

45

5


16 31
40

21
30 49
49
10 18 22 47
24
12 27

19 43
3 26 44
3 7 11 32 48

2 14 21

17 36
8 23 38
16
21


6 23 25 37 38
44
11 35 41 49
8 10 11
31
24
36
12 46
32 36


27
14 30 34
4 9 18
2 3
14 22 40 41

4 12
15
0 21
14 41
18
21


33 36
8 29 40

20 31

38
6
14 43

18 23 24
0
13 22

21 22
18
41
49
15 26 27
22 42
22
4
33
6 45
16 20
31

19 27
30 39 47


28 38

12 31
49
32 48
9

14
1 36 42 48


24

13 28 29 30
31

42
8
26
25
16 33
43
1 42
25
44
0 34
17
7 23

49
6
47


48
3 7 34
5 31
39
21
12 21 30
49
8 40

33
15 24 31 46
3 9 24 38 49
42 45
23
7 24 33 45
45

17

19
14 15

13
15 31
18 27
10 36


23 49

48
8 23 33 37
20
8

7 13 28
35 37
28


24
49
0 42
28 44
45
26 30 37 43
19

28 49

20
7 34 35 36
16
26 27
22
31 34 45
3 45
16 21


15
11 15 30 31
3


29 45
17

17
33 38
16

20 48
7

3 30
10 25
5 29 31 39
27 43 46
26
0
13 42
1 41 43


15
37
26 43
48
3 37
2 3 44
11 14 46

25
7 14
28

16


35 43

7
43
0 38 47

1 12 23 44

35
12 47
22

37 44 45

12 40



12 27

6 43


40 44
2 7

24 29 38
6 39 44
20 36 44
12 23 27 43
0 5 8 15 26

0 7
2 48

20 28
49
41

20
42
27
3 20

10
14

8
15 21
22 32
28 47 48
13 22 38
1 34
6 41
16
20
49
10
7 14
8
33 42

14

21
13 34
3
19 22 33
10 18

37

6 14 17 19
8 13 22 47

47
2
3 20
8
2 6 15
6 25 38 40
12

6 25
48
20 44
17 44 49
21

1 10 42
8
8 9 39 41

30


6 19
38

20

13 45
33 40

5 17
24 31
48
43
34
21 49
24 32
19 48
4 7
32
8 16

36
5 12 27
39
13 23 34
30
42
35 40

45
1 10 15
40
24 41 42
14 20
35 36

7
1
7 27
0 19 35
9 43
35 46
18
33
13 42
27 32


45

23


6 25
13 16 35 48
14
6 39
2 6 8 20
36 46
27 28 48
46 48
24 33
30 45
1 5 36
28
30 36
49
0
0 46
24 33
18 22 27
5 6


15 22
6 21 30
15

34 38


16

6 20 40 47
14 19 42 48


33 48
30
1 23 28
34

20 34
13 23 36
27
37
41
2 25
28
24
22
4 11 44
2

37
38
9 32
8 22

49
13 36
17
6
32 34 47
7 11 13 34
0 11 28
15
10
6 16
7 14 44
40 49

2 19 24
17
21
17 24 30 45


25 43
25
36
2 39
13

29
16 40


12

6 22

21 25
40 41
36 49
23
5 20
1
0 23 41
5 10

10 18 19
25 27
26 43

18 41
33
49
9
22
12 17 31
1 4
1 7 15 41
7

20
10 17
10 40
9

8
48

41 42 46
8 42 44 45
2 45 48
3 4 31
4 8
8
45



6
9 21
24
34

1 46
30 43
30 46
5 9
12 38 42
16 21 44
17 49

22


31
37

6 14 33 45
41 42


0 46

46
25 35 45
25
2 13
28
18 19 31 32 48

9 49
22

16 32
0 7 42
24 37

32
33
11
36 42 43
38
37
23
2
3 34
2 35 41 44
22 42
5 20 21 25
28 35
9 30 34
41 47 49
18
26


6 20 43

5 12 15
2 29


29
23
9 37

49

23


18 32

13 28 31
0
31
12 14 28

14 21 45
13 19
23
3
22 30 36
11
12 15 21 33
31
35
18 39 46
25 42
41
23
15 47


2 30
39 40

24
47
6 8 24 47


18 45
19
12 24

23 25 33
3 17 21 30
8 21
44 47
5 19 33
29 33
13 39

4
3 18 23 35 40 41
30 33 41




3 11 39 41 45 48
0
9 44


19 29
45

37
42
11 17 48
3
18 37
2 42
14


6

28
22
27 45
30
10

26
16 44
16 43

13 33
18 26
23
44
23 36
35
20 44
21 27
29 44
34
11
2 24
6
2 33
25

8 29
16 19 36
2 13 30 35 38
29 44
32
6 32
22
37
22
38 40
27 43

24 47
38

9
26 46 48
12 15 49
22 35


25 30

32
7 13
42
28
30 47



9 26
21
5 24 32
4 36
3
5
4 23 24 29 45
0 12 17 49
35

41
21
1 10 16 17 26 27

24 35
34 41 45
13 29
6 48

8 9 26 37
15 19


18

35 38
47
32
19
19

41 42

21 39
10
5
2 18 29
25
6 32
36 39
21 44

38
14 34
42
16 31 40 45
4 12 28
3
21 40

28
33

47
42
32
24 41

8 43 44
18 27 46 47
23 42 47
18 32

19
47
14 17 31 32



20 32
26 28 39
41
24
22 27

9 17 31
11 12
44 46


32
35 38
43


17

11 13
43
32
32


17 29 39 49
0 11
44
33
33 41
33


15 24
45
28
38
4 28
0 45
13 30

5 9
37 45
27
14 17 22 38
1 25
1 17
48
15 18
17 43
6 21 45
35
27
27
17

36 41
18
14 18 37 40
34
43
12 32
11
3 19
3 36 45





9 10 11 14 17 44
2 9 44
28
29

18
7 22
11 30
18
7 31 33 47

11

18 45
23
31
8 21
14 19 26 46
4 5 21
19 38
17 18
40
49
2 23
25
7 17
32

1 33
0 47
8
34 42
20
19
4
27
44
15

34 37
13

16
23
30

12 28 30

34

11 36
26
13 19 24 33 46
41 43
30

0
30 31
29
9 19
1 2 31
18 34 46
2 11 28
42 43
28
15 49
12 26 29 36 49

19 48
19 36
14 18
12 49

25
47

38 42
1
44
3 7 10 18 28
8 35 37 41

9 17 23


5 17 45


9 43
29
19 47
34
9
4 5 15 35
31
10 37
14 21 39
16

3 34 40
4 33
22
0 49
48
41


32


2 17 18 23
39
25
31
2 14
8

1 33 42
47
29 40
0 10

16
1 15 37 43
13 15 39


8 18 20 36
9 32 41
28 38

48

1 8
37
5

20


34
1 16 28 29
7 10
22

0

1 2

11 13 19 26 40
39
21 36 41

7 29 47


12 27 45

1 20 21 34 48
5 42
25

18 41
20

29

39
30
43
39 46
14 24 38 46

46
0 21
42
25
22
1 19
36 44
9 11
1 8 16
0
5 7 48
28
15
31
36
35
9 10 25 37
1 30
20 44
3
17
7 8
29
23

21 30
13 44
45
45
8 12 37


14
2
47
20 23 31 34
28
29
26 28
16
19 36
43
28 35
37 40
32 33
33

25
5 36 42
36

0 13
16 26 38

43 44
24
17
18 31 44
42 48
12 26 28


2 24 27 36
3 28
15 23 29

5 18
3 18
18 21

39

3 49
12
33 34
19


46
35


10
19
19 43

34 36 43
2 28 48
17 27
35
18 37
17 20
23 33

36
26 37
10 34
40

3 20 36
31
5
4
9 31 32 39
6 21
6 18 40
15
22


2 37 39
12 15
18 24 40 48
13 15
42
9 10 18
18
5 28 48
37
9 19
2 6 30
46
9 26


45

18 32
39
25 29

13 31
14 17
34
3
2 29
1 27 35 45
39

24 36

19 21
11
37
9 11 26 27

2 28 46
32 41
8
1 14 27 35

43


6 25 38 41
29
3 30 43
13 42
1 10 25
8 21


3 9 25 33 42
26
0 1
3 38
1
21
15 23
34
13

8 25 42
12 22

22
27 39 41 45


46
17 18 48
30

2 39

27
7 25 38
6 20
4 6 17
8 10 25 30 37 44
42
11 30
2 4 12 29
31
19
25 38 45
8
35 41 49
0 29
40
7
8 17 30
13 25 38 47
33
0 20 34 37 45
24
17 29



46
41
25
27
27 29
4 44


40

2
1 4



46

1
27 30
10 32

22 25

34 48


33 38
26
0 13
12 36 45
23
27 31 44
3 8 10 29



13 15 26 28


47
13 26

32

23 49
1
22
9

13 23 43

22
3 33 35 41


9 12 37

25 44 46 49
1 18
13 25 46
7 32 37
19
12
16 41
42
12 34
25
2 24
1 9 41 46
18 44


4 12 33
3 40 42
13 27

10
16 35
39
22 37
24
31
4
28
17 22
8 16
9 12
1 14 42
34 40
36 39 44
2

25
5 16


13 44

10 13 42
4
46

43
8 13
6 29

0 7 13 17
2
45
12


33
6 15
22

29 33
25 28
11 47


12 19 38
9 16
44

27
39
28 29
9 18

22
8 10
1
0 2 9

4 15 34
40
14 42
41
11 22
3 18 29 34
42 48
45
6


4

2 30 39 45
30


5
6 23
10 44
39
3 18 40
30 45
3
16 17
33
24 32 48
5 8
4
9 31 36 41
38
20
20 42 43
15 30 45
9 22 36 49
2 32
37
34

19
43
17
43
2 24 42
16 33 35 45

25 27



33
37
20 25
2 43
38 46

4 7 19
2
22
3 5 21
9 25
33
16 31
9 27
12 29
39

0 8 48
9 14 21
8 31
26
3 37 48
5 23 24 26
25 49

2 21 47
1 46
0 36

3 9 10
5 25
17
5 44
26 27 33
7
18

14
2 11 19 22 43
29 33 49

39 42
6 19
22

20 27
14
4 25 38 43 44
16

26 39
31 41

4 6 12



28
14
23 43
11 32 40 42
19 29 32 35 48
13 32
15 20 37
0 31


14 24 27
39 41
35 39
32 40
21 28

12 13 35
31

13 27 41
22 28 38
5 38

31
2 13 45

9 33 48
19 20

8

34
3 10 26
37

3 18 20
12 18
15 38
45
10

48
20
13 18

14
36
32 40
16 31
20 24
41 46

38
45
25
12 19 20 30
11
19
9 32 36
27 34
2

42
31
1 25 29 43 44
43

1 3 4 43
0 14 25
16 24 41
0
43


14 22

43
42
46
5 19
46
48
7 26 39
11 18 25
21
5
40
2


20 32 42

43


4


15 48

42 46
26 28
4

11
44 48

17 28 46
5 22 35


8 48
5 6 12
0 45
16 18 44
5 13 14 40
5 8 27 44 45
7
8
41 43
35
30
17 34
9 37
3
33
40 44
29 48
12
0 17
3 26 41

21
5 43

9 44
8
32 41
0 35 48
12 36
14
47

5
7 23

4
27 40
17 22 25 49
4 28
18
14 17
39 45 48
17 28 44
1 41 44

19 37

39
25 27 39 43

0 15

13 17 22 42
18
0 2 19
29
2



35 44
8 31

13

0 39
41
19
30 40 46
45
11 29
41

12 15

48
0 26 36
13 30 43
4 14
18 33 44
14
38
47
36 49
18 20 21

12

36 45
21 29 43
47

13 20
6
0 7 31 43 46
3 27 31 34
0 6
10
0 30 46

7

7 20 36
44

10 14
31
39
43
2 9 19 21
8 28 38

27 30
41


8 30 40
31
1 44
4 12 38


16 22 39
13 19
9

4 5 25 30 33
44
2
24 45

11 36
12 39
12 21
21 43
12 43
18 22
4 17 27 47
8 15 40
9 12 15
17

8
22 33
2 20 44

21
21
12
27 46
25
11 35 45

36 39
1 36 46
22 26 33 45 46
15 22 37
27
11 22 28 35 41
6 10
40






46
8 26 29
11

39
2

37

31 33
6 45 46
0 6
46
7 24 40
24
11
40
38

3 5 17 33 47
19
15
27 33 34

13 28 45
3 11 25


3 5 17 18 49
8 22 35 44
31
22
17
7 32 37
14 15
30
16
10 25

7 14

44
3
6 38 41 43
6
15
28
14
25 44
43
29
3 13 26
17
10 15
45

37
38
33 36 40
10 22
41
17 39
33 47
46
20
4 8 48

32 34

19
29

15 21
20 21
22 31
3 30

30 35 37
8
4 17
28
46
34

29
19
29
21
1 6
15 21 27
3

17 20 49
27
19 49
3 31

13 26
19
17 26
31
14

9 13

41
37
24
32
1 12 35 46 48
39
17 28
37

39
48
15 35 49
2 16 43
1 2 34
3 44

31 45
3 7
15 22
10 13 36
9 16 37
4 43
16 17 20 39 47 48

47
9 11 25 38
4
2
10 35
5 35 43

4

23
34 48


3 22
1 18 23 38

42
38
26
7 38

7 27 33 40
3 47
15 17 40
11 21 25 27 38 44


30 40 46
2 19
32
7 40
0 10 26 28 44
7 13
29 36 41
5 26
27 48
1 19 37 47
13
8 39
21 25 49


1 32 41 48
27
6 23
9
16
42 43
5 14
11 48 49
37


42

24 35
22 38
1 7 8 14 16
39
31
4
30

32 43 47
2 15 22 45
3 38
11 42

1 35 47
9


20 45
23
8 44 48

30
31
26 41

37 38
5 13 16 30 46
3 43
8 41

47
27 41

41 45

37 46
19 47
17 47
40
13
5 17 46

6 10


12
1 39
15 39
30

22 32
38 49
2 29 39 42 47
47 49

13 38
34 38
13
14 33

10 43 49
44
4 9 22
0 29 49


5 27
32
6
3 5 41
23
29
23
6 32
35

6 7 22
12
29
22 26
1 11

23 30 42
19
29
6 40
9 34 38

42
7 42
1 16 23
1 42
27

11 19 34
34
10 31
28 46

31 32

26 37

24 38
3 7 14
1 31
15 23

19
7

16 18


20 39 46
8 21

36 43
7 8
41
6 12 48
11 24
35
12 24 43
4 27 34
9 29 34 48
8 14

24
9 21
20 23
17 31
22 31
7 25 43
11 13
39 43
10
11 40 44
18
18
48


10 25 29 38
0 47
0 33 49

30 48
31
7 23

19

49
27
24 37

35

4
19

6 19 31 45
23 35


21 35
3 7 28

5 9 36
3 31 38
8 45
37
2 12 33

6 9 25

5 14

24 27 37 42

36
7
2

24
0 6

28
16 21

4 30 38 40

2 29
47
32 43
42

8
8
8 13 41
27 29 40

0 19
28
25
42
10 15
20 27
6

2

7


48
14 46
19
9 42
1 15 17 24 27 28
14 16 48
6
3 16

2 6 32 39

26
15 16 37
20 31
40
20 36



35
3 12 25
34 42 43
4 15
6 37


36 37 39
17 41

37
0
19 39
2 44
18 20 38



13
26 30 31
24
1 32
1
7 32
2 49

16 23 37

19 40
33

33
17
15 16 27


45
27


14
13 16
48
15 29
41
0 15 19 49
44
22 39

5 15 31 40


20
3
24
19 48
34
40 43


0
11
1 40
19
0 27
26
28 46
15 27
0 41
32 35
5 26 49
0 7 45 46
39 41
42
3 47
33 46
41

12 29
0 7
23 32
25 28
30
40
12 41
7 13 18
6 7
22 34
0 26
14 19 40 46
46
18 26
7 11
9
21 27 32
10

26 40
34
13
32 46
12 41 48
18 49
7 21 44
33 34 42
21

36 39

1 6 46 48
3 6 10
31 36 44
17
16 31

3 33 37 38
32
10
3 8 43
2
45


6
33

31 45
30
32
2 16 46

0 33
9 21
42
30 34

3
15
1 26 32
35

20



24 30

10 13 31 42 46
8 47
18
12 22 46
1 28

3 6 31

5
2 14 21
20 32 39



16 31
0 45
18 40

18 47
1


46

15 32 45
16 22 24

26 28

1 39 45
43
34 46
18 33
11 43

44

3
0 35

20 47
36
3 14 30 40
9 40 44
12 41
7 10
26 34
30 40
9 48
9 17
2 13
9 13 15 25 45
38

11 45
11 19 29
37 48
0 42

32 44
25

22
45
26
31

46

27 41 49
38
2 25 32
5
24 43
17 36

13 25 35 44

29


19 23 28
14

10 13 35
18 22 39
22
47
11 32
41
0 34

17
37
32
21 47
41

4 7 12 33
44
18 41
5 30
17 39
10 33
11
14 18 28 42
6 37 40
34

