3
15
2 18 45
38

29 36

18 21

16 18
5 7

11 15

5 14 19 37
6 15 33
6
38


14 22 36

8
15 24 45
12 32 37
3 26 46
37
42

39 47


35
2 23
8


24
1 22 24 30
40
10 25 42 45


0 35 49
10 17
34
4 5 16 18 44 45

9 42
30

37
0 9
47

4 40
12 14
1
9

30
26 38
6 11 27 47
37
36
27

8 13
41
11 14
10 35 37 45
4
3 35
20 28 44 45
26
5 48
4 15 26
31 41
10
36
29
8 36
49
27 29
15
19 33

16 40
1 20

6 41
7 18 21

11 26 37
42
14 26 27 29 48
26
11 29 41
18
29 30 35

12
42
16
16 22
24 25
48
18 36
3 32
46
12

1 4 13
13
46

15 17 30 42 47

19

15 45

22
35
15
15
13 18 27
26 32 39
5 41
20
6
29
31
2 46
13 28
0 18 25 43
13 14
17

47 48
23 29
3 6 20
8 26 32 47
10 32 44
34 41
19 23 38 46

1 3 45
29 33
15 22 27

11 15
5 26
16 25 37
25

48 49
32 46

10 19 34 44
32 37
10 11 17
3
14 15 26 34

4 11 26 43
8 20 26

30
14
23 30

13 18 43
45


46
20 36
44
31 34 46
1 12
11 34 42
0 4
38
28
23
34
8 43
20 28

0 4 44
5 6 14 15 24

16 31
11
43
43

24

21 44


13 22 35
14
6

33 39


4 26 48
15 42
17 37
4 41 45

15 42
8 18 37 45

37
29 44
37
5 14 21 39 44
39
37
20 22
38
46



0
8 32 46
10 26 35 43
18
40
12 24

6 32
9 20 37
2 18 32
1
29
10
0 28 38 41
20 28 31
8 17
34
13 42

28 29 42
35 44
21
5
7 11 30

29 39 47
3 43
21
35
3 8
43 44
35
24 41 47
39
15

3 20 42
47
29 44


11 43

5
11
12 24
22 49
0 28 48
31
1

27 32

12 31
25 31
1 11
0 24 48
9
19 37
37

5

0 2 26 34

2

48
8
11 27
18 34
2 8 9 25 49
14
14
38
45
18
19
37
24 33

20
2 20
15 35 44
14 18

20
41
2 28
37
23
3 17 32 49
46
20 25

27 39
19

1 35
10 45 48
14 22
20 26 44
19

8 29 40 45

41
2 38 43

18
46 49

16
0 1
2 25 36 40
12 49
8

16 24 29
0
21 29 33

13 36

41
26

30
6 16 20 30 45
5 29 33 35 37 48

17 37
3 7 31 35

14 30 37
1 17 28 45
22 36
39
14
1 34
4
2
13 41


17

3 11 42

13 48
30

5
37
8
28


7 15 19 24 32
11 47
9 32 48 49
5 11 26
6 18 26 49
28 45
4 23 26 48
23
43 46

11 29

17 46
12 40

22 31
14 34 40 42 47
6 9
48
1 4 12 22
5 48
7 19 31 38
8 34

3 26
17

27
18 45
16 33 49
28 43
40
0 20
5 10 16
33 35

21 24
47
39
3 28 32 36

13 37
30
9
0 19 32

8 12
14
14 31
22
2 44
10
14 32
11 23 25 27
43
25
0

5 21
36
35


0 22 37

8 18 21
11 14 26
4
47
37
12
5



37
1 37
7
30
33 43
15 18
4
8 36
47
13 28 41
19
9 41
5
3 14 20
47
37 38
1 13
9 36

7 21
24 27
14 19
46
36 37
22 42

3 6 30
43
3 41
13 15 24 44
24 35
29

7 21 46
21
15

32 38 39
3
40


24
16 43
13 28 34
3



1 2 31

0 16

39 47
22
4
4

32 43
33
4 42
9 19
32 36
30
30 46
21 25 43

39
1 40

21 28
19 33
6 37

46
37 42
2
20 43
24 30
0 14
40
17 21 37

4 25
23
29 42
36
26 35
1
18 26
21 25 30 36

14 31
15
1

40
10

42

48

22

12 18 31

5
36 41
43 44
17 25

16
35
6 12 37
6 13 18 28
22
39 45
47
2 30 47
10 30



4 23 41
30
9
30
3 42
30
4 40
3 20
7 22 35 41

29 41 48
24
43 44
22 28

15
12 44

12 13 31




31
0 27
7 26
37
25 39
5 18 28
29

5 36 46 49
6
8

36
20 27
17
15 37

0 14 36
40
2

17 31 47
34

15
30
26 30 33 43
46
8 14
49
6 44
9 16
24 44 49
33 48
26 47
8 21
30



12 26
2 6 9


0 24

26
1 15 25
45
10 23 31 33 49


0 6 48
15
35
5 7 34

3 15
5 16 17 21 43
34
37 49
16 23 49
2 12 34 38 39
9
29 45
11 22 30 33 41

3 35 48
6
27
3 14
49

28

44

26
44
8 26
30
13
9 10 18 25 46
23 37 38


39
19
38
3 49
30

26 37
10 24
11 24
22 28 29
28
15
7 33
26 44
19
12
41
22
6 11

19
26 36 38

0 24
20 42

8 38
17
0 8
44
42

25 29
24
15
22
8 25 36
2 3 22 29 45 47
40


10 13
15 28 45 46

48
3
22
29
6 20 46
18
45
0 23 44

9 14 16 20 47
37 44
7 9

12 21 26



35
37 43
20 42
36 45
1 36
0 29 34 43

2 20 29
5 9
27
28 45 48
8 49
44
14

38 46
11 20
2 26 28 48

6 18
0 23 26 41
0 33 36 40
47
1 17 33
12 20 27 34

19

9 44
26 27

2 13 19
31
2 18 35
2 24 33
1 18
4

27
5 23
34 45
8 33 49
17 47
44
32

8 44
1
27 44
12
37
13

24
7 11
4 20
20 35 44 48
0
9 27
2 43
16 28 44
30 46



0 22 37 38
7 13 28 40 45 49

5 21 22
18
4

38
8
12
40
6 7 18

12
1 33
37 39 43 48
24
11 44 46
5
7 10 16 30
4

13 43

29
7 42
13
1 16
2 27 29 39
5
32
8 34
15 25 38
40 44
16 25
13 48
19 43

5 7 15
26
10
28
26
7


28 40
40
46


0 25 28

41
45
13 28
33 44
15 16 22 37
16
21
9
40
8
22

1 12 21
9
6 12 29 49
9 34 44 45 48
21 42 46

10
24 40 44
46
18 30


1
29 42
8 10 11 15
24
5 43 47

1
7 14 17 23 24 35
25 35
17
36
27
12 44

21
0 12 35
5 21 48
14


31
25

1
3 34
24 41
42
25
11

29 42

25
9 38
20 25
38 39

22 29
0 15 17
38 40

5 29 32
21 34 38
44

11 28 37
43
31
11
12 48


13 46
33
13 18 26 35

10 24 30
9
7 10 16 49
10 38 46
10 48



39
1
26
16 29 36 45 46 48

25
4 33

11 19 37
19
15 28
11 25
14 46
30 40

13
32

3
30 48

4 24
6 27
14

23 29

18 26
16 29
34
40
43
0
15

25 33
9 25

7
43 49
33 42

13 15
16 21 41
16 19 30

48

8

8 17 26

13 47

1 26 37 49
15
20

47
20 36 42 43
21
23 49
13 15

24 35
0 20
0 37
12 16 34
34 37
23
15
6 9 19
13 21
5 9 49
8 10 25

9
46
1 22
11 26 43
23
24 42 48

26
8 21 31
9 29 42
34
39

8 11
38 43 45

7
2 19 23
12
24
1 23 34
29

3 12


0 3 15 22

8 19 22 28 35
40
3
33



20

3

18 43


1 40 45
29 45
4 13
23
11 17 26 34
18
24 42 43
23 37
21
38
19 46
26
2 20 27 33

44 49
6 16 29 49
29
18
36

3 5 8 10 43 45 49
7 12 23 33
34
4
26 33 47
16 26
11 33 45

2 8
31 46
3
4 12 21
33 44
37
8 10 41 42 49
25 47
4 29
6 9
16 27 39

7 30 33

15 18 36
7 42

33

12 24 33
44
37

34 37


4 25 32
24 26
2
12 33 34

24 44
1
15 25 30 45


19 42
4 17

23 38
19 35 42
26

17 27 36
10 21
13
0 1 3 10 34
22 26 39
6 16
45
18 26 35

49
17 24 33
21
15 36


0 22 34
34
19 28 30
8 9
5 8 45
23 33 43
5 22 49
7 35 39
43
37 41
19 23
25
21
43
36
35 46
42
2 26
32
29


0 1
1 26 28


1
2 4 15 20

10
5



24 29
35
3

8 25


33
11

29

44

6 8 34
20 41
3 38 48
5 45
2 9 19
15
22 36
40 41 47
36
1 25
10 43
2 4 22 42
19 30
1 29 32
13 45
18
25 32 35 42
0 45
14 47
2
15
29

12 21 37

10 41
40

16 33
41
49
9 42
16 20
26 39 40
4 25

3 42
45
19
26
22 35
23 47
4
25 42 47
31 41

24
6 33
32
18 24
12 19
7 49
16 29

5
30 47
46
9 20
3 28
17
1

5 14
21
35 41 47
6 9 21
43
15
0 37


17 29
27
26 30

38 44
7 8
24
47

15 34 36 40
19
26 39
21
16
1 25 38

6 11 33 34 36

45
47
18 39 40
20 24 33

38

6
36 46 47
26 45

5 29 30 42
0
40
4 38 49
4 7 29 31 33
46
25 41
8 19
22


18 38
12 26 46
28
5 20 43 47
9 18
4
32
43

2 3


42
29 30
22 43
28
8 27
11 19 34



22

1 10

0 44
5

4 5 19
19 36 38 43
6 40
38
10 21 29 36
43
16
5


24 33 35
10 15 33
29
17 32
13 45 46
6 26 32

20 31 37 40

12 37
13 19 35
27
32
7 16 21 32
16 22

22 40
32 43

15
8 25 32
28
0 7 8



4 16 20
25
23 31
17


32
16 38
11 29 34
49


7 29
10 16

38
32 37
36 45
21 25 28 43
3 34
0 2 27
13 18

6 18 45
10 30 37 39
35
23 30
10 33 48
6 28
1 48
31 37 39
18 46
8
13
15 18 29

13
3 26 39
7 32 36
8 21 30 33
7
45
17 24

4 11
23
28 33 39
2
15
30
17

24 28
24 41
3 21 38
0 45
12 14 16 17 28
1 7 11 44
3 40
6 32 33

37 45
7 12 45
31 36
1
5 20 25 37
20
11 24 47
43
14 46
7 17

14 46
48

38 43

9 49
35
29 37
4 12 25
16
23 37
27 48

21 32 44

1 23
38
18 38
48
31 41
46
17 36 46
18

29
12 34 37
7
22 43 47
33

14

11
5 43
12
17 19 22 29

38 39
29

23 45
3 20
19 28
4 6 7 38
43
7


6 22 30 42

6 21
12 30 40
0 6

45
11
1 15
4


14 39

1
14
30 41
13 23 47


20 21 29
43
5 25 43

26
35 45

23 46


22 26 32
3
0 25
38 43
20
28 46
37


33 39
20 39 42
1 26 44 46
17
18
10
3 12 15 34 47

6 19 26
30
43
2
2
38 45
5 36
8 41
13 38
2 3 8
5

7 44 46
9
47
7 16 33
20 38

7
9
46
14 28 35
1 23
39
26 29 31
40
39

10 11


6 28
24 25
7 31
28 31
22 43
24
31
7
21
35
7 32
12
13 33
33

26 35

17
11 37
34 46 47

6
14 19 28
29
5 30
11 13
36
15 35 47
27 40 42 44
9

18 37

15 46
6 20 42
1 9 16 47

31
23 25 30
49
14

9 49
13
0 35
35
31
43 45
27

46

30 34 36 39
33
4

30
49

15 22


0 13
48
6 8 47
38
3
0 8 22 38
29 48

35 36
22
35
42

22
12
3
20 47
0 36

2 24 33
14 18
6 14 26 27
23 37
8 37

8
48

7 47

36
49
7 20 44 45

2 39
23 47
10 39
16
1
42
15 32
21
41
27 31 36 43


32 48
9 18 26
30
8 9
1 24 33
38 49
5
13
6 23 27
39
13 39

17 27 33
29 49
41
31
22
6 16

29
27 44
37
0
32
14
18


27
1 19 44
13 28 40
12 47

1 19 33

46 48
48
3 29

2
43

31

46


35
20
34
15 19 36
10 33 39
8 12 16 23 46

14 24
29

17 19 23 43
36



44
22

7

13
4 13 32
3 30 39 45
10 20 26 33 44
9 12 27 38
39
5
20
33 46
2
34
35 41 43
13 37 45
45
5 30 48

20
15 34
16 34

8 19 21 48
20 44
3 11
24
7 12 32 38
9 21 48
3
46
2 3 8 41
7 9
23 35
9 12 43 44
23
1 27 41 48
11

16 25
3 10 31
3 48
20
49
15 44
15 43


22 28
10 11 43
7
41
31
9
8
30 40
48
48
4
47


34

35
5
39

31 36 42
47
1 29
4 9 19 34
18 36
19 40

7 41 47
23 25
2 44
14 20

28 48
30
29
38 44
34
7
26 44
23 31
34
23

6 8 13 14 19 30
4
1 16 44
11 12 19
18 48



25 48


27 38
4
1 37 49
41

22 27 42
35
10
12
37
13 44
24 29 44 49
20
12 31
48
33
4 49
0 4

18
10 47
2 31 48
15 24
46
0 2 5 38

15 26

18
0
10 13 42
20
5 42
11 25 31

14 16 24 27 32 39 44
1 14
8
30 33
2 17 25
18 33


25

11 15 49

19 40
17 21 46

27
8 33 35
33
0 26
1 3

43
2
25
24 25

42
24 36
6 14 19 22 39 43
34
11

21 24
12

11 31
24

5
41
9 46
28

8 31

23
0


44 48
46
32 35 41
10
8

13 16
18 38
4 31 38 46

5 37 43
33 35 45
7 18 49
46

28 47
0 3
2 17
12 16 28 40

0 26 30
12
18 39
7
44
16 42



0 36
31 37

16
9 18 20

20 32
40
7 12 48
31 47

45
8
0 18 20 38
26
1 6 11 16
32
4 43

16

41
11


15
22 31 40 45
13
28
23 24

33 40 45 47
28
9 20 33
34
3 45
33 34
15
12 21 25 48
40 45
40 45 46
45
34
0 44
6
0 40 45
13 22 38
18 30 48
43
33
10 47
7
30
27 40 45
13 36
18 26 29 46

23 40 45
25 38
18 30

6 35 40 45
31 40 42 45 49
1 19 40
4
16 34 40 45
45
21

40 48
8
23 25 47
29 43
45 49

18 20
0 3 25
29
26 40 45

14 41
29 31 40 45

21
5 40 45

35 36 37
40 41 45 49
35 37
13 14 41
10 12
34
25
2 3 13 16 23 39
6 28 40 45
30 39 48
34 36 40 45 46
20 32
20 40 45

8 29 36

45
33 40 45
20
18 30 43
13 17 18

4 40 45
0 3 27

9 19
28

8 39
13 25

20
40 45
3
10 40 45
12 45
43
9 26 27
34
2 31 40 45
39
9 17 40
32 34 48
17 33
21

10 40 45
15 40 45
10 39 48
7 26 37 40 45
3
47
9 46

20

23 38
14 37 46
24 35 45
8 15
19 44
30
40 45
36

9 40 45

9
5 23 40 43 45
10
37
24
19 42
18 40 41
0
26
6 39 40 45
19 40 45
5 12 30
4 26
32 46
1 16 21 48
49
23

9 10
25
19 36 40 45 46


38

2 24
9 21 24 42
11 20 40 45 49
38
32

7 40 45
17 48
30 40 45
15

25 47
44


14 39
9 22
40 45
23 40 45
32 40 45
13 33 40 41 45
0 27
30
8 19 40 45

1 32
1
16
27
11 34
37
21 27 32
0 25 35 40 45

11 32 44
4 40 45
41
2

5 10
5 40 45
7 29 40 45 48
17 27
9
3 9
31 43 48
17 20
25 40 45


14 17
3 33
7 40 45
4 20

48
5 35
21 23
17 36
40 45 49

49

19 24 34 35
8
1 40 45
40 46
30 38 40
34 48
2
18 20
43
20

4 38
7 42
14
40 45

14 31 33 40 45
2
2 35 47
5 23 49
14 15 17
19 26
14 40 45
11
41

40 45
17 25 32 41
13 34 40 42 43 45
30 37
7
19 33 40 45 48
31
8
18 48

43
40 45
15 40
7 26

2
20


9 25 33 40 45
2 9 40 45
19
18 27
11 20 32 40 45
40 45
11 44
40 45
23
7 34
17
6
19 47
40 45
6 7 36
0 26 38
7 32 40 45

11 48
9

40 43 45
25 32 40 44 45
17 22 24 35
34 40 45

13 19 40 45
35 39
15 43 49
40 45
26
31
19 21 37

10 15 21 32 40 45

7
20 33
2 12 29
10 18 29 40 45

1 12 14 15

32 43
28
4 40
20 31
12 40 45 49
30 38 44 48 49
13 34 47
30
46
7 10

30
34 42
2 18 36 40 45
2
38
47
39
33
40 45 48
19 28 38 40 45
3 9 15

3 37 39
13
38 40 45
14 20
6
27
37
30 39 48
17
48

40 45
9 16
9
27 37
3 17 21 40 45 46
8 24 27 47
6 11
15 46
8
33 40 45
4 21 29 32
1

13
9 27
36 46

1 40 42 44 45
7 40 45
46

26
19
8
10 33
45
19 40
11 44
14 40 45 47
43 46
7

10 31

1 11 43 45
24
8 41
17 24
47
44
0 19
4 38
10
11
14 22 41
3 22 43
3 12 27
0
8
1
7 20
7 17 21 40 45


42
1 36 43 49
40 43 45
35



1 14 28 29

2 35
14 16 40


20 40 45
0


41
24 40 46 49
32 41
38 40 45

25

40 43 45
11 26 45

26 49
37 44
18 30
40
3 13 16 30 40 45
6

11 37
15 40 45
25 49
30 49
3 15 40 45 46
2
30
31 32
39
3 12 40 45 46

27
14
29
40 45
40 45

1
5
17 35
23 35
14 30 40 45
13 19 21 32 41
19
13 24 40 45
4 32
20 40 45

13
21
9 31
18 36
25
27 40 45
29 45 49

5 14 44
22

40 45 49
3 27 47
29 32
4 13 46
0 28
40 45
40 45 46
20 40 45
1 39 44 48

3 24 26 40 43 45
10
22 35
2 27
6 36
44
1 17 37
18 25 26 31 33
15 19 20 33 38 40 45
12 13 45
40 45
40 45

0

23 26 35
11 37
40 45
10 26
6 14 17
10
11 37

15 29 33
16 21 36 40 45

9 40 44 45
13 22
24 40 45
5 15 45
35 40
10 11 48

12 49

41 42

24 29
5 26 48
36 48
8 44



3 32 40 43 47
31
18 40 45
14
0 15 32 45

23 32 38 40 45

20 34
5
17
4 18 22
1 4 8 33 49
39 49
18 44
7 29

9 24 34 35 38
3 12 40 45
4 16 24 40 45
40 45 49
40 45

31


31
1


10 25 40 45 46
4
6 40 45
0 20 39
45
40 45
22 30 40 45
31 40 45
34 40 46
17 26
6 8 49



8 34
40 45
12 36
10 22
40 45 46
12 21 40 45
39
17
8
47



22 30 44
30
33 40 45

11 16 40 45
14 40 45
15
10 12 28
29 37
14
31
10 39 46
15 18 21 34
30
4 14 40 45

10 24 26
27 36


21 39 48
3
33 40 42 45
15 29

7 9
4 26 28
2 15 43
4 13 47
9 13 39
7 11 36 40 45
3 7
40 45
39
7
0 17
4 20 25
15 24 43 45
30 40 45
15

11 34 39 40 45


20
24 40 42 45
7 22 40 45
34
7 18
3 18

10 32
7 8 12 40 45
15
36 38
5

10 25 28
37

43
7 45
24 44
26
19
40 45
17 21 27 32
28

46 47
7
32 40 42 45
24
39
27 33 34 40 45 46



14 18
9 30 46
9
30
7 31 33
30 48
4 9 13 18 30 34 40 45
23
22
28
38 40 44 45
32 49
19 35
41 48 49

5

6 9 40 45

4 40 45
13 39
45
23
8 36 40 45
8 14 36 43 44
40 45
20 24
27
40
0 4 6
7 14 48
16 17 29


33 46
14
8 15 23 28
48
9 26
40 45
20 40 45
33 36 41 46
21 40 47
17 38 40 45
4 30 40 45

26
18 39
2 20 22 31
16 17
37
40 45
2 9 13 19 26

0 23
10 28
3 7 29 40 45
8 16 40 45
1 40 45
45 48
45
9 13 27 33
33
39
9 40 42 45
19 26 39 40 45 49
20 23

30
17 18
39 40 42 45

42 43
22
7
13 48

8
18 20 21
0

28 30 45
4 9 16 28 34 48
3 16 40 45
18 19 42
11 32 44
36 40 45

42 47
18 39 40 45
4 26 40 45 47
15 24


17 28
0 15 28 44

13



48
2
1 5 36
42
8 29
2 16
1 16 40 45 49
0 25 31 40 45
38 40
15 40 45

32
22

9 30 36 43
14 19 24 34
40 45
1
27 32
0

39

10 38 40 45
1
5 23 24
18 23 29 31
20 25 32
40 45



4 24 40
12 21
10
31 36

15
8


10 19 34 46
3 24
4 39 40 45
9 42
6
3 6 40 45
22 25 32 41
13
7 29
0 14 21 40 45 46
7 40 45
4 9 21 40 43 45
43

3 40 45

15 47
21
21 28
12
7
0
32
17
17


10

20 40 45
0 13 29

40 45
24 26
13 36

15
25


1 47

3 38
18 26
34
45
28 29 37
2
29 35
7 46
1 38 40
3 9 18 48 49
12 13
39
5
7
22
25 44
1 4 16 40 45

22 39
34 39
22 30
7

33
34 39
45
15 20 38
15 34
29 47

49
18
11 20 40 45 46
31 40 45
32 40 42 45
11 40 45
40 45 46
40 45
1
0 3 10 14 34 44

17 19
22
11 16
45
10 40 45
22 40 45
17 36
4 46
8 35 38 40 45

24 26 38
12
9 40 45
14 16 17 40 48
47
39 40 45
13 14


2 19
39
37


22
1 10 11 14
14
26 30
27
40
36 47
24 30
10 34

17 27
21 37
38
22
1 20
11
1 11
5 40 45

40 45
8
9 12 16 26 28 40 45
30 34
14 18
2 10 11 15 47
7
5 7 23
28 39 43
39
2 43
16 29
36
0 8 40 45
40 42 45
40 45

25 35 40 45
49
0 26 34
21 30 37
35 48
12
0 23 28
2 4 6 16 30
4
0 27
40 45
10 27 33 40
12 23 28 34
26 40
9
40 45


20 34
27
44
2 8 39 45
10
24

21 27 31
33 35 40 45
2 26 29
25 49
5 46
28 31 38
16 34 40 45
0 40 44 45
31
23
9 13 45
15 19 40 45 49
13 14 34


4 28 38
7 10
29
4 15
6 20 30
8
31
40 45
6 13 15 24 34
24 40 45
0
18
2
13 25 45 48
28 36 40 45
21 26

28 42
16
5 14
7
44
0 8 16 41
1 25 31

5 15
0 1 10 21
30
6
17 40 45 46
40 45
29 48

1 7 37
7 46
29 40 45
28 39
40 45
24
40 45
14 40 45
13
40 45
9 19 40 45
1 13
9 13 18 21 40 45
25
3 13
39 42

40 45 47
40 45
9 30 42
14
33
42
13 32
6
0 48
28
8 33 39 40 45
39
46
16 42

0 2
5 24 26 33 40 45
3 17 28 39 48
41 44

31
1 20
3 7 35
29
12
40 45
30
13
16 49
3 23
21 38
0 49
19
27
49

20 28 37 40 45
14

4 12 27
48
15 30 45

6 16
2 40 45
16

11
39

0 40 45
13
49
17 40 45
39
33 40 45
32 40 45

39

12 30
6 10 22 29
3 10 35 43
27 29
14
14
24

21 40 45
25
40 45
21

19 23 37 48
19 40 45 49
5 9
2 29 33 40 45
42
6 33

20
49
40 45
29
4 26
5 40 45 47
49
15 31 32
18 28
1

14 22


18

1 42
17 19 37
10
22 30 33 47
0
1 6 15 40 45
16 40 45
37 48
8 34 40 45
8 40

40 45
5 13 24 25
11 28 40

42

18 45 46
6 40 41 45 49
40 45
4 40
27

5 39 48
28
33
4 11 29 36 42 49
6 10 25 40 45
13
21 44
37
0 37 48
0 27 40 45
40 45
44
21 29 40 45 49
9 47

22
17 19 37
19
2 28 40 45

1
36 41
3 5 36
3 40 45
40 45
12 45
28

16

3 37 49
13 17 25
16 18
17 25
40 45 47
49
13
0 20 32
1
32 44
29 36 40 45 47
10

2 4 18
3
0 4 11 15 26 36 42 47

1
35 47
19 36 48
40 45

21 22
32


20 41 44
23 30 41
19 21 38 40 45
15 25 31 49
40 41
19 31 33 41
41

18
5 15 17
8 16 40 45

10
24
21 34 49
48
47
8 26
1 10
37 41
0 23
28 31
22
18

49
19
6 7 19 40
10 25
9 10 40 45


2
12 21 26
5 27

47


3 29
3 17 42
17

10 31
8 40 45
19 23 47


5 41
4 17
22 29 48 49

7 17 20 43
17
0
6
25 27 48
11 30 40 45
15 47
11 22
0 16 45 49
40 43 44 45
17
32
24 27
33



40 45 47
10 38 44
37
31 36 40 45
5 38 42
13 40 45


34 48


35
39
14
8 13 18 37
0 11 43 47
2 11 14 28
40 45 48
30 35 40 45
34
21
18 35
0 23 33 35 37
16 17

24 40
23
15
27
3 8 29
3
11 40 41 45 46
40 45
32
21 36 40 45
1 35
8 25
29 37
4 24 31


40 45
12 40 45
40 45
26 40 41
38 39 48
27 40
0 21 28

37
17
20 40 45
8 19 22 34
43
3 31
34 42 49
14 40 45
34
5 9 26
0 2 9 15 39
0 35 39
43


15
21 38
9 10 11 31 40
29
2 12 40 41 45
30 37 48
9 40 45


6 28

23 34 38 40 45
13 20
27 42
1 15 18 20 26 30 31
36
6 27 33
4 5 26
35

15
24 43
40 41 45
32 33


38
14
25 34 40 43 45
5 8 12 46
42
10 37
9 14
9 44
22 40 45
32 40 45
10 21
27
21 37
2 24
12

11 40 45

25
7 28 35
21
21 26 28

15

29
40 45
12 40 45 47
5 29


28
9
21 46
5
20 24

43
21 41
14 16 24
4
16
40 45
6 9 16 35 41
40 45

10 19 27
39 40 45
2 20 28 39 40 45
48
30

1 12 40
40 45
14 40 45 47
23
35
40 45
2 3
4 7

29
40 45
1 28 49

18
30
33
29 43
3 32 40 45
8 46

37
1 4 22 42 45
16 31
6 36
6 15 30 40 45

8 21 43
19
6 26 39


3 13 40 45
15
2 11 36 49
32

12 43
40 45
13 25
13 47
28
40 45
14
19 35
19

12
7
16 40
6 40 45
33 40 45

13 14
14 16 30



39
11 25

24
25 42
3 8 24 40 45
40 45
25 31

10 22
11
34 47
40 45
2 34
8 39
5 17 31
7 13 16 40 44 45
20 42
9 27 46 47 49

0
16

9 21
13 18 40 45
9 38
16

4 16 30 42
12

20 40
17 19

37
39
39 40
2 8 20 37

49
8 16
21 29
14 38
9 20
36
12 18 33

12 21
19 46
14 46
8 21


0 13

34
21
9
1 9 12 45
11 19
12 21 42
3 16 17 28
11 20
10 35
10 16 25
38
3
0 43
11 21 26
3 21 48
2 16
17 42
8 20 27
45 48

5
7 48
14

26 39
7

17 32 35
34
32 49
3 9

18 43 47

35 43

34 45
8 16 22
7
11 25 35 47
2 17
33
2 6
29 31
14 19 31


16 26 30 46
0 5 8 9 20 32 48
7 30 38
26
27 28
24
11 23 38 42

3 12 22
15 30 41
14
27
5 36
9 43
0 17
8 14

18 28
20


7
0 6 27
26 33 45

14 30
29
23
43
1 2
15 46
26
48
32

24 30
49
29 47
19 28 29
6 17


26
16
19 21
13 30 32
26

39

25
2
3
28 39

0 27 43
29
6 9 15 37
1
16
34
15 17
5
10 12 27 28
29

21
16 24 28
18 37

25



27 44

0 18 46
12
24 30 47
36
16
19 25
28
10 25

8
15
47
19 27 36 45
12
26
33
8 24 29 37 48
11
2 19
41

7 45
28 29 39
18 23
6 20 33



31 40
10
26
18
38
41
30 48
0
29 38
43
7 15 20 25 29 32
46
19 30

13 27 35
44
37 48
6 15 28
4 26
27 28
37 48
13 18 29
20

27


37 38 40
5 13



29
12 40 49
46
31 41
23 37

10 27 42
29 35
28 29 49

0 15 21
5 6
14 32
34
15
7 31 47


6 19 45
1 3 7 28

23 43
13
16 26 42

4 18 37
0
6 14 45
47
26 27 30


6 29 46
24
18
6 15
11 19 33 46 48
5 12

28 49
5 23
45 47 48
24 27 39
0 9
49





0 38 39 42
27
15 30 48
12 17
36
49
1
29
2
24 44
17

40
40 41

31

48
22 38 40
2
22 45
26
6 15 45
41
29 49

10
10
3 4 17 33
3
31

13 20 29 41

17 41
30
27
27 49
34

2 13 17 48
26 35
1
6 19
10 17 32 49
24 43

19 42
44
33 34
0
25 32
40
10
19
36
1 3 12 18 42


11 21 46
30
3 18 29 44
12 20 47
23 36 46
37 49
14 31 45
26
4 20
45
24 28
30 40
1 3
19
24
21 25 47
17 38

40

21 33 44
9
13 34 38 41 45 46
11 30 35
3 38
4 27
2 48


3 45
5
17 25
36
6 21 40
22

7 11 26 27 30


3
1 18
21 48
1
1 36 41
1 8 14
17 28 35


1 5
1 42

39 47
41
24 48

5 21
38
15

33 43
27 33
49
11 13 18 20 44
8 20 38
35
29 47
12 21 46

24
7 30
3 5 20 29 49
19
49
24 37
29 41
33
3 30 35 41
37
0 5 12 32 49
16 17 23 29
1 14 30 46
29
21 28
35
10

4 5 22 33

22
1 42
9
3 49
21

32 44


3 27
6

6
43
26
1 3 6 35
36


37
34



24 28
31 46
10 40

9 29 39
12 32
1 22


30


20
10 37 49
31
23
14 36
26 44
2 3
2

23

7 17 20
15 42
36




16
1 37
26
27
22



10

33

24
4 8 45
7
14 21 31

2 10 34 48

40
4
22 44
29 31 43
49
0 9 15 49
37 47
9 41

21
25 33

32
19


34 41 42 43
16 24 38
35
28
3 7 14
32 47
34 39
16
6
34
27
8 26 38
2 32 39
22 48
38 49
8 15
23 28
2 5 8 15 21 23
42
0 5 15 39 48
36
2 40
30 32
0 29
18
3 20 25
16

0 14
5
19 23
0 17 19 23 32 41
44
16
1 4 16 49
26



31

5 15 22
3
3 46
2 24

9 46
22 32

34
8 31 34
11 33

9

13 17 24 48


10 20
18 47
35
12 14 25 26

16
15 17 40
9 23
24
5 15
6 47
38
45
0 31
17 22 49
24 36
35 49
21 26 33
21

16
48
42
17
35 43
0 1
27
3
17 32 34 44


2 13 30 40

6 14 32 46
34 44
4
2 12 31
24
8 21
16 28
13 31 41

32 38
43
35
3
5 15 28 41


5 15 22 38 47
12
12 33 42
10
4
32
26 37 41
3 20 22
0 14

45 49

0 5
11
0
42
15

5 15 16 40
13 16 49
4 12
29
36
12 21 47
44 49
12
1
10 32
42 43
34 37
6 15 33 48

15
31 39 45
29
16
2 47 48
22 38
9 12 17 19
11 41
9
35
18 29 45
5 7 15

8



8 19 33 46
3 18 38
5 15
1 13 22 24

25 38 48
46
49
26 32
18 22 47
33
10 14 31 48 49


11 21 32 46
0 3 25 26
7

12 17 20 43
8 42
5 15 30
23

0 28 39
9
18 32 34 45
13
8
31
35 45 48
5 15 33
41

4 21 33 49
44
5 15 19
11
32

5 47
7 25 41
20
41
0 12 18
11 16 24 37 43
13
10 22 28
14 23

5
14 24 35 42
15 20 35


6
11 26 43
14 18 40
15 37 47

41
33 34 47
5
15 19
49
5
9

8

40 42 44
2 7 47
9 38

16

2 22
2 5 23 45
31 35
2 48

24 28
1
30 46
4 9 39
25

9 14 29

8 41
16 43
24 38
31
6
4
26 45
0
31 44
34 35
22 44
15 25 30
1

43
3 11 12 16
6
18 49
9 25
13
17 20
20 33
18 44
25 34 47
40 49
12
31
7 29



24 40 43
16
29 34

5 15
35 42
16

9 19 28
14 45
10
10
29
29 35
18
27
10 20

8 16 22 43 49
6
0 24 43
24 30 41

29

7 23 29
6 30 32
44

27
5 15

31 32 39
8 49
13 34
5 9 33
21 23 46

17 22
5 15
6 13
35 43
36
32
48

7 23 26 27 48
5 6
33 36
16

15 28 39
43 47

10
5 22 48
43 46
14
11

10 19 37
0 3 18 45
18 35
11 21 23 24 42
12 27 39


29
16 42

7 17
18 21 33 36
35
35


3 32

12 26 43

33 35
39
3 12 40

31
38
7 11 25 26 29

37 48
4 45 48
33
5 14
4 14 45
17 33
28 40 44


18 33 46
24
14
5 9 12 15
39
25 29 33
37 48
16 31 45
17
5 15 19 28
11
8 35

17
6 20 44
1 17
0 26

3 5 8 15
29

5 15 17 24 49
6
8
4 36
3 7
5 39
2 19
17
34


40 47
0
24
19

3

0 5 15
0 23
0 13 29 41

19
5 12 13 15

27
47
32 38
2 25 29 30 45

8 45

6 8 31
44
16
22 28 33


5
5 15
0 34 47
38
13 26
15

3 27
1 4
31 45
30
1 8 47
7
18 31


6

18
38
20 26 30 45
31 35 49
5

13 41 46
24
2 43
4 12
17 45
10 22
5 15 17
23 42
26 40

42 47

30
0 3 28
27
6 26 29 38

34 48
39

45
30 41 46
20
49
16 36 38 40
25 36 43
11
4 22
35 41

39
12 14


17 23
5 25
44
18 21 37
5 15
14 30 36
17 23 36

12 39
21 25
43
42


24


2 41
25 41
2
13 35
26
8 15


35


19 34 45
18 46
3 22 36 38 43
35
1

16 23
44

25 44
8 24 36
10 19
31 34
13 41
18

40 43
27
26 41
5 15 22 41
34 48
5 15
15
16 35 37 46

34
22

7 17
9 42
47
3 9 26
9 14 38 42
11
23
28 34
28
37 43 44
1 10 23
5 33 43

48

22
5 13 15
11 21
13

6
41
14 20

14 17 24 26 32

23 31
28 42
45

26
31

9
24 29

1 38 40
0 7
26
47
19 38
10
9 19 26

49

7
39

5 22 39
19 24 36

0
6 16
3 10 20
48
26

14 26
46
11
29
0 34
15 21 33 38

5 9 13 15 18 44
46
19 32
7
5 14 30

19 34 36

2 27
11
1

6 39
37 39 45 47
4 18 35 41
46
20 33
44
18
17
9
21
7 31
29
20 48
10
23 29
24

11 34
17 47
19
3 28
7 16
16

12 16 24
3 26 34
16 19

24
5 8 15
30 42
17
42
4 34
4 28


9 28 36 37 39 49
3 5 15 37 41
3 22 24 28
18
36
40 47
1 15 39
14 36
32


0 23 48
10
5 15 33 46
32 35
17 18
7 45
44
32
36
9 30
36




33 37
47
1 36 40 49
40
7 9
9 37
17 37
9 12
12 22
7 28
17 37 45
5
0
19 31
15
2 27
2 15
18 28
19
3
31 42

0 5 15 17

32 38
41
23 41

40
16 21
21 23 26 27 46
10 25
0 29
33
9 11 31 36 47
6 21 48
31
2 24 32
23
44 46 47
13 37
37
33
30
7 44
11
40
7
12 25 31
37
9
9 38
5 8 15 24
48
0 24
0 18
29
12
21
30 41

48
1 24
5 15 17 37 43

16 42 44 47
24 30

5 15 26
7 27

6
13
23
4 39
39
35 40

4
3 13 15

24 33
6 27
7 10 23
5 18 29
15 22 43 47

18 45
4 27 48
5 15
31
29

34 44
31

0 33 43
0 43
42
18
13 16 31
7 11 12 15 21 35 38
14 33

18
3 25 44
7 36 42
48


5 14 15 36 42
11
43
37

15


11 15
13 15 34 36 38
7
31 46


30 33
35
41
32
5 32
46
23 34
47
24 47

13 24
19
1 40 43


46
8

31
47
1 2 35
5 15 29 30
0 45
8

9
12
35 48
14
48 49
5 15 46
23 27
10 20 23 35 46
12
18 33


28
19 40
17 41
8 12
18 19 23 41

2 6 17 34
4

17 24 27 44
1 11 28
0 25
35
4 40
8 27 34
3 6
18 38

28
2 14 25
0 5 15
9 32


2 17
3
3 30 38
25
29 43
8 41
6 29 42
5 12 27 46
12 25 30 49


3
31 33 40
1 7 31 35
15 49
8
0 24 30 45

5 9 15
32

34 35 46

31

30 33 45 46
5 15 21 22

21 49
24 29
9 13 36
47
39 44



16 35 44
6

4 32 37
16 36
15 25 31
37
24 38 45
23 29 40
6 29
42


5 9 15
11
42
41 42 46
30
14 26
43 44

19
12 25
4 12 22
14
13 24 28
4 19 25 40
2 5
41 47 49
21 36
8 35
41
18 25
20
5 17 32

5 46
20 22 24
3 8 24 41
5 12
34
4 28

7 21 31
11 28
37
26
46
4 11 38
43 44
23
44

9 12

25 26
5 39 41
10 12 45
6
4 5 15 19 48
32

4 5 7 15 23
23 37 38
0 9 15
32
19 49

18 23
0
22 37
29 32 43

31 42
0
13 18


0 14 41

9 48
45
1 3 10
14
44
1 5 15 43
9 21 23 39
19 39

8 27

8 21
23
1 18
7
6 37
5 15 26
1 19
3


42
3 41 42


39 44
0
42



2 7
38 47
1 5 15 39
9
13 41
9 12 18 28
49
21
2 4 37
43
31 45
18 49

3 42

3 24 34
7 13 30 38
42
28

15
4 36
5 15
47
22 26
41

5 15 24


25 38
47



10 28
5 15


16 29 43

12 13 19 40
32 45 48
1 31
4 23
25
14 45 47

35

1 33
16 48
46
17 35
24 33
5
34 38
18 20

9 24 34
3 48
35
3
41
39
28
23
32
16
9
12
35 48
35
35 41

0

5 8 15 24 35 41
6
37 39 40
41
49

10 41
5 11 15 22
44
42
35
9 42

8 16 43
11
6
7
36 42
6 15 47
36 38

19 24
20 28
24

7 13
40
31
18
7 8 48
0 3 29

0 19

5 24 32
23 47
2 11
3
41
37
16

14 29

36 47

5 15
13 45 48
5 11 15 21
39
9 31
9 35 41
21 44
27 47
8 32

16 18 49
18 45
7 46
36 45
46
23 42
5 15 19 39
15 23
8 18 30
13
29
9 20
47 49

2 11 20
4

20 27
7 40 41

22 26

1
26 33 38
41
1 38

7
1 16 17 32
38
12 22 45


38 49
4 10 37
1 19 26
15
25 41


5 15
19 21 32 45 48
1 36
10
0 48
0 48
5 15
20
17 20 22
6 23
0 47
41
17

5 15

40 44
7
39 45
27
46
18
13 33
10
40 44
14 15
28 41
19 37
26
14 20
38
18
32
21 31 37
32 46
27 47

12 23 34 46
3 5 34
47
37 40
32



41 47
32
32
25
6 8 10 31
31
27

43 49
5 17 30
44




14 30 44

40
39

18 25
8 30 40 42 46 48

25
11 38 40 43
25 38 44

14
3 22 24 38 47

33

8 16 35
13 17 38
17
5
25 30
1
36

9 49

13 44

8 37

2


30 40
5 15
3 5 15 17 31
5

49
9 23 29 41 42
4 12
21 37
8 20
22 23 29
1 49
28 46

28 34

48
41
24
17 26 35
10 45
5 10 15 45
23

18 27
20 36 40
7 23 35
3 35

19 20
17 45 48
14
5 9 21 37 45

47
26 29
30

32 42
10


40
4 48
28 32 47
18 21
47

1 10 47
15 37 38
37



1 29 46
6 14
32 41

9 47
7 12 26 39


5 15 41
14 44

7 19



44
2 8 15
4 15 17 39
1
22 37


8
47
1 37 47

24
3 26


7 24
23

27 29 31
8 30 35 36
6 19 31

5 15 46
42

17 26 27 39
5 15
7
14 46
1 43
17 33
18 23 27 35
32 41

11 16 33
21

13 32
8
4 12 26 41 42 47
5 15
5 15 35 41
5 46
46
19
6 15
3 48
40

16 22
28 34
44
7 10
45
2
27 34

5 9 15 16 30
42

44
34
17
3 19 47
18 30
1 20
2 4 27 46
10 30 48 49
39

1 23
22 48

13 46
21 37


6 12 15 16 34
30 46
36
39
42 45
3 16 49
5
12
19 28 46
19 26
34
28
1 48
3 17 34 41 42
13 26
9 19
4 16 25
23 26 49

25 45
27 33 34 37 45
48

12 18 38
1
34
14 42
12 19 28 36
23





45


27
25
17
1 22 23
7 42
27

9 10 27 40


26
5 33 35 42
1 7 34 35
20
9 34 40 48
28
9 31

2
12
35
16 25

17 42 43
5 15 33
5 15 31 33 48
5 11
23
5 15 43 45
9 12 28
5 15 24 36
0 5 15 35
45
11
15 17
26 39
5 15 30 41 44
17
10 46
7 10 47
16 35
23 42
2 41
17
44
25 27 39 41 42
5 15 47

7 36
32
22 28

31 35
3
7 44
0 24 35

46
25 44
20 42
30 39

15 22
38 47
13 25 32 45
23
23

11 29
14 25 47
43 48
17 38
24 38
14
28

49

9
6 38 39

44
12 37

30 32
32 36
5 6 10 15 16 27 40
13 14 33
10 28
17 37
18 19 42
5 21

37


39


5 15
11 32
9
25 29 39
31 43
25
0 46
5 15 16
42 48

15 24 30
10 46
2 5 49
14
12 38
1

3 4 32 45


15 40
25 29
22
4
2
0 25 45
15 30
6 12 44
17 29
33



15 22 24

4
28 29
32 40

18 42
2 15 34 44
35

16 20
8
5 15 39
12 15
7 40
23 37 48
7 15
3 49
17 22 47
40
1 18 27 33
0 18
34 40
18

3 5 9 16 19
27
5 15 22
41
48
1




15
2 7 28

10


43
36
36

2
2
11 16
35
24 27

0

12
3 20 40
36
0 9 21 28
49
1 5 12
25 33 38 41
13 16 19
47
12
18
5 15 26 35 42
1 9 23
24
13 32

14 46
16 36 46
29 49
19

27

4
39

2 8 29 42 46
5 15
47
5 14 15
32
37 46
38
3 9
43 47
11 18 30 39
25
5 15
5 15 29 30
5 12
19
5 12 15
31
16 24
32 43
4
9 10

29
21 40
19
27 42 43

27 32 38 43


8 10 14 37
4
5 15 22
24
0 49
48
9 35
17
6 7

6 49
28

5 9 15
20 24 47
49


32 41
38
13
10 33 45
22
5 15 24
4 9 17 40

14 35
17 30 39
12 17 34
10 26 37 40
16 17 23 32
3 28 29 34
8 34
5 24 32
15 37 40 43
14 38
12
17
9 11 21 24 49
43
16 21 23 29 42
49
0 4 22 48

11
25
9 16 27
5 15
32
19
2 7 22 26
11 31
15 40
22 27
5
10 28
40
14
33
14 28
5 46
32
13 21

29
20 47
6 46
16 46

12
5 15
5 11 15 31



15 16 20 48
46 48
7 23
32 38 41
7 26 31
34
18
2
28 31
9 16 18
23 45 46
38
38
33 39
4 5 15 22 31
38 39
5 12 34 39

28 35
21
35
49
0
9 17 26
0 46
9 18 34
5

10 23
9
3 25 26 37
7
24 35 44
28 43
8 34 38 41
24

27 41
36
28 44

33 35 38 41
0 7 15

20
4
6 41
27 31
0 14 24
41 48

42 49

48
2 12
5 15
16 45

4 33
14
32 48

28
5

10 31 42 48
33 41 45
44 49
0 24
49


47


15 38 43
28
25 47
8 28
5 15 29 44
30 42
5 15 21 38
7 37
14

19

24
6
18 44
21 31
10 37
40
5 16
9 47
1 38
43 48
17
45
23
5 10 13 28
8 27 46
34
3 14 24
14
11 25 44

41

29 32 48

16
19 47


14
18


37
12 23 34
27 43
40
3 13 36
0
17 28 40
8 28 31 32
37
37 45
2 35
4 5 14 34
33
6 34
42
6 42
36 39
36

17 20


46

17 24 26 27 30 45
44
17 26
19 26

5 15 48
3 14 20
11
38

0 15 26 38
11

33
2 46

21
41
22 34


44
8



32
5 15
0
1 48
2 37
36
3 5 15

12 18 24 25
3
15 24 41 49
4 21 39

5 15 31
0
29 38 42
5 26
45
22 28 38
4 13 20
2 19
31 34 41
11 35
32 34
12 45
1
23

8
15
28
14 19
8 9
11 27
4 6
24
9 28
33
0 10 28 43
1
26 38
11 44
15 42 46

39
13 28

35 42
10 24
12 36
31
0 20


15 27

30
36
0 15
11 46 49

13 45
12 32

3 11 35 43
6
8
33
32
41 46

11 32 48
10 27
3
29
14 21 47 49
9 21
2 12 24
2 5 15 18 39
13 49
0
0 1 20 40 41 42
7 15

17 33 34 46
37
22 48
6 23
13

5 15 40

12 24 48
49
1 20 22

31 46

36
18
18
5 15 23
3 11
45
37 44
5 15 27
20 33
39 44

49
12 14 37
30
39 43
15
14
16 28
20 48
2 35
8

30 32
5

31
20 37

14
1 5 15 30 45 46
27


49
1 29 34


18 29 30 39
0 10

26 33
22 24 39
28
32
1 29 34 38


5 33

42

30 36
33 34
1
0 5 15 36
5 9 12
46
20 31

2 19 39
38
10 34 45
13
5 15
21 36 47
13

45
27
29

0 7 13
12 17 22 26 40
10 39


21 49
4
36
10 39

9 27
18

1
0 5 14
12
45 48
1
18 47
4 21 25 31
1 33
7 19
3 28 29 31
16 35
7 39
37
22 26
25
48
33 41 42
4 17
9 31
3
10 14 34
1 37
0

37
1 5 6 15 17
6
34 48
5 15 24 38
33
29 32
36 45
5
17 25
49
3 29


28
42
46
19 25
3 15
9 20 43
7 45
2
41
2 24 44
27
9
5 14 48
15 36

10 48
25
35
0 23
15
37
22 23 28 36 39
45
34 37


19 21 43 44
5 30
0 21
5 15 30
13 42
4 17 36
41
2 20
5 15 19 31
45

15 43

42 48
3 15 27 41 43
35 44
1 7 37

6 19


40
14 15 33 40
11 48
18

38

29
5 15
46
1 5 42 47
22
17 48
27
14 41
3
20
22 27 39
9
10 30
2 44
2 5 15 35
23
1 8 20 27 30 35
1 21 23 25
1 8 20 25
48
47
5 12 43
27 41
12 37
14 47
24 49
31 35
0


33
10
5 15 47 48


3 37
44
22 30
5 15 33
29 31
4 27 33

40
5 15 19 37 45
16
45

8 28 33
5 15 29 47
3 42
44
8 25
31 35
4 39
42
16 39

1 5 17 20 38
9 33 40



1 5 15 34 37
5 15 23
11 23
2 23 28 39
4 32
35
1 13 23
27

47
13
9 13
0 6 24
13

20 27
18
0 10 37

17

9 23 28 48
10
7 13
22 24 36 44
10 13 42 48


3 25
3 45
30
1 34
5 14 15 49
19

23 36 40 45
5 29
28
34 45
8 33 38

0 26 45
22
14 19 32 38
46
0 8 20 23 26
8 12
18 22

9
7 27 45

16 21 22 46
14 45
27


5 31
13
28 40
9
14 36 44
2 33 34
3 41

34
13 44
20 36
9 34
10 37 45
33 39
32 40 47
2 23
1
5
27 40 42
8
36
22
0
5 44

44
0 4 9 10 29 41
21
11 38 48
5 27 46
23
36



11

4 6 24 38
48
23 24 45

22
40
3 21 23 24 32 36
33
7 30
40
47

23 25
10 27 44
15
26
15
24
19
5 15 29

4 33 46
2
47
22
40
11 13 20 45
5

0 39
5 15 32
15 26
2 19
5 15 34 37
29
16 47
11 41 49

5
14
20 27 29

25 47
35 39
5 15 26
4 5 45
26 43
11 24 42 46 47
18
23
46 47
0 8 40
6 21 32
5 10 15 19 40
1 27
23 44
10 42
30
0 45
25 36
7 15 38 45
3 46

12 25
19

10 16 42
5 15 44
46 49

4 34
5 15 37

2

33 45
22
40
6 11
0

0 11 49

38


2 9 29
21
26
23

43
27 41
36
19 40 41
19 23 26 40


7 13
25 26

0 9
21
5 28
45
10 19

17
5
6 45
5 13 15


7 8
5 9 24 25 45
6 37
30

48
19 22
46
9 15 27
18 40
48
22 23
17 21
35
17 19
4 44

5 15 31
4 32
15 34
18 23
9
21 32
12 38
12 31
5 15 25 27
27 39
6
13
10 43

12 29 37
5 15
15 36
15
12
39
46
3 42
8 30 45
15 38 46
9 11
13 14
17 18 30 36
12 23
39

0 5 9 15

21


21 24 45
25 28 39
4 5 13
2 47
27
44
33
38
8 9 39
11 34
9
8 12 28 48

19
48
13
27
47
25 36

6 25
5 6 10 15 26 27
5 15
20

39 40 41 47
5 32
12


34
21

3

16 24

13 40
0 28
43 49

5 9 15 17 20
24
13 19 46 48
9

27 36
3
32 39
5 15 29

1

12
10 17
23
8 12
0 12 42
2 12 43
4
24 28 43
12 24
46
32 35
16 26 45
6 22 39 45
1 31
12
20
16 17 31 43
17 21 31


37
6 48
9 25

48
22 31 34
26 29 32
35
22

27 29
47
28
24
28
6 8 40 48



18 44
22 48
21 22 48
5 40 46
20

30
6 23 38
13
5 15
33
46
3 36
11 39
4



25
5 10 15 25
8 35
44
3 24
21 27 29

45
11 14 41
29
9 17
26
5 7 15 36
44
3 29
5 15 17 26 38

20
44 45
9
28 49
1 7


30 45
22
19
12

5 15




49
44
24 41
8 30
32
12 13 40
4 6
7
7 34
37
2


6 25 45
5 19 38
1 22


25 44
18 33
6 45
1 9 42
1 31 47
37 39 47
3

16 18 45
30 35

25 35
1
4 7 8 23 24
4 21 28 37
43

24 36
24

37 48
20 43
6
15 36
13 28
10 25 28 33
37 39 49
21
5
4
9 17 41
15 32
25
3


16 23 42
42 48
19 45
10 19 21

9 30

6 17
38 40 47 48
17 35 48

10 23 48 49

32
9
11 39
3
29 43
19 25

12 48
2 43
5

1 26 43
10 26
8
1 25 44
13
8 33
14
26
0 3
39

3 11
34 36 45

12 13 18 25
2 8 27
29
11 22
26
31
42
11 21
0 23 39 49
28 39
33
16
12 15 28
6

34
14 38
15

16 24
20 29
30
3
19 38 46
21 24 29 30 36
37
11 20
12

27 30 49
2

27 43 48
11
6
19
5
16
2 10 37
34 47

35 40
12 18 31 36 42

1
19 30 32 40
6
26
23 24 26 27
17 32 39 40
23 34 37 42
0 32 42

31 36
22 32 36
0 6 24
11 18 38
20

10 26
13
27
22
0 14 44

12

46
28

24
14 24

9 15 33 44
36
5 15 45
26
28
13
2 3 7 12 28
41 49
0
32

27
27
22
2
24
20 44

13 22 42
3
12 40
44

41

10 37
16 21 48

4 5 9 15 27
13
23 28
2 36
13 29
5 15 29
32
19
5 15

3 6 38
12
43

10
7 10 20
5 21 28 33
28
2 26
5 16 25
26


0 8 16 49
48
39


44
38


0 3 18 46

46
14 35

41
29
19

39



28 31 33
36

0 10 29 30 44
47
17 18 23
24
1
23 32
21
44

20 41
9


42
38 44


10


35
2 3 4 28
28
9
15 39
25 28
13 19 20 45
45
0 24
12
39
9
23 43 44
23
40
10 31 46
2 8 24 38
5 41 47
38
34
9
5 15 40
4 6
3 6 11
36 43
6 24
4
24
4 5 15

15 45
37
37 43
3 36
13
4 31 32
2
18 20
41
14


3 5 15 32
1 37 41




26 37
9 12
5

18 30 36 40
27 37 47

5 7 29 39
5 15 37
32
21 34
38
10 34
2 21 48
5 17 19 21 25 28


5 15
13
22
13 16
6 7
38 39
11 26 29
49
20
23
25
41
25

27 37

15
1 12 27
4 37
5 45
32 36 37
12 31


19
16 44
15 36 48
6 15
8 39
13
31
3 47
5 15
31

8 42
7 44
17 49
3

42
5 16 34
5 15 24
28 40
8 25
31 48
4 13 30
4 9
8 24 40 43
7 8
26
5 15 22
13 31 39
27
0 4 44 46
5
47
32 38 43 46


23


17 32
14
6 28 45

23
35
2 14
10 19 41 47
0 5 35
4 13 26
5 6
5 15 40
45
2 48
49
9 13 39 45

9 17 33
21 44

1 19 23
32
6 11
7 18 41 43
11 49
49
20 21
18 29
19

26 32 33
4 5 15 21 49
18
24 32 34 46
17 38
36 39
23 35 47
1
5 15
9 22 23 41 43
10
5 15 29
7
6 42
5 8 15

21 48

0 5 8 15 42
1 6
3

15 19 23 42


25 38
18 19
37

2 23
19 43

16 26
5 13
25

46
7
44
25 33
37
14 19 28


26
31
1 10 13 14 32
5 39 41

6 14

24
33
5 15 47 49
3 6 23 36 38 39
3 11 18
2 33 35
43
19 36 49
30

15
6

4
22

17
10
40 45
10 19
31

36
43
1 9 26

25 39

4 32
18 31
39 40
30 34 49
11
26
10 30 39
8 16 47
22 33
20 49

4 12 21
30 38
39
27 37
5 7
6 22 38
23
4 16
28 48
11 20
32 35
8 13
30 36
11 13 47
28 38
17 22
47

9 47
24 25 29 35


23

23 28
36 40
48
5 15 19 34 42
18
4

8 22 45

48
8 27

13 39
5 15 37
26 41

1 9 13 37
46
7 34 48

47
15 40
10
12
24
29
9 30

16
34 43
44
12 29
10 43
6 10 29
3 42 49

6 14
5 43
26
20 24
24 46

3
30
14
18 21 24
26
26
28 46
8 19 42

32 35 37 44

0 1

1 32
18 35
5 7 15
46


3
15
5 15
16 35 39
12 45
10
28 29
1 19 34

4 27
2 11 15
4 35
7 21 33
9 17 22 25
20 21 36
2
7 39


16 30

10 33 43 44

0 15
0 33 48
10 18
21 34 43
15 22 47




38
1 19 47


29 48
6
4
2

28

47

5 15
5 22 28 38 48
5 15

7 28 32
9 17 23


1 43
24 26 48
11 34
32
16 17 32 49
15 38 41
4
5 15
5 15 18
7


7 18 21
3 33
9 24
9
35
8 9 24
36
4 5 9 21 39

2 21
17 25
8 37



2 13
49
3 8 48
21 23
13 41 43
5 44
26
38
39 45
41 43
7

12
5 7
6 43 47
16

14
29
6


4 6 20 49
13
9 44
10
6
29 33 46
42
0 45
19 37
11
24
15 35 38
1 16
24 48
6 30 33 39
10 21

2
19 26 31
16 27 44
12
31
32 46

3 9 30 38


31 34
26 28 40

43
20
49
46
9 29
19 29

45
36
25
42 49
2 6 34 44
0

14 34 37

20 26 40
16 32
8 49
41
5 44

18 19 46

11
5 15 28 29 43
35
41
0
4 23
5 6 15 42
29
18
10 25 34 38
44

8 9 22 31 32
1 44

16
40
40
27 32
20
28
15 16 40

20 22 36
32

31 32
17 22 23
46
20
12
16 27
18
20

1 2 24
37
10 16
4 5 15 36
9 46

46
33
17
1 9 44
22 36 45

2
36
2
2 5 19 32
30

10
27 30
12 41
24
33 45
4 15
41 47 48 49
14 34
7
46
0 8 34
10
16
41
3 19
21
36 38
24 32
30 37 47
8 21 38
5 15
36
12 41
36

16 47
11
7 8

3 47
29
17 29 37
34
24

5 24 41
16

10 11
33

34 37 39
42

4 6 15 29 33
37 45

27 36
19 29
0 47

36
39 42

27
4 7 8 43
6 22
33 39 40 46
10


5 15
15 18 23 27
7 22 40
2
5 15 18

40 46
26

13
18 19 25 27
15 41
39 43 48

16 34
14 26
26 33 48

34 36
4
3
14 28
17 18 22
3 23

26
12 45 47
20 26 30 48

2 29


4 8 42
8
46
3 48
31 37 46
34
6 22
6 14 48
7 21
6 13 17
22
23
16
5 15 24
18 32 34
29 32 39
22 33 41 49
4 45
38
0
29
39 47

13
34

12 13 49
30
43
26 31
23 33 35
17 25 27
0 5 6 15 31
20
1
30 39

3
25 30
5 15 30 41
5 15 18 46
30
5 22 48
10 15

3 41
0
3 16 28 39
43
10 44
44
29 36
5 20 34
16
31 40
4 21

30 34
6

5 15 32 38
1 44
34
12 14
48
4
32 44
22
33

19 22

2 10 47
33 47 49
8 10 33 44

18 22
20 38
0 5 15 23


38
24
7 42
47

28 30 38 47
20
11 18 33
6 13 24

25

3 8
15
2 13 15
5 15 32 41 42
30 37
10 34

23 30 31
19
26
0 16
5 18 25
45
10 44
14 18 24
19 33
1 6 13 41 48
29
5 15 38 43
31
24 36
7
8

16
12
27
21 41
5 11 21 36

36
20 32
46
5 15 44 49
21 24 28 35 39 42
15 36 44
2 6
34

24
49
33 47



5 13 15 22 40
42
23 48

2 6 16
44


18
12 47
1 27

5 15
6 45

30

29 37
16 28 29 31 33 37
6 33
15
9 48
1 5 15 27
0 21 24
3 17 36
35 49
36

4 29
25
43


17
38 45
16 33 37
8
16 24
9 35
26
0 11 17 33 37
35 36 40
13 38

5 15
4 17 23 39
27 46
13 45
28 29
11 23 43
36
7
34
38

28 48
38

2 9 49
23 46


33
7 27


21 29 41
17
8 49

10 27

18 48



24 36 39 46

42 44 49
23 33
20 23
4 17
15

5 14 17 19 21
6 38
8 46
0
35
2 10
28 49
42
46
23
16 32


8 22

25 31 37 41
30 35
0 17


35
23 41


0 8 13 32 48

25
19 28 37 40
1 2

7 9 12 31
26 40
5 14 28
38
1 4 14 34 40 42




21
43
25


3 42

37 47
8
39 42
8
23

7 16
22 28
46
39
28 29
12 14 36
8 35
44
12 41
7 9

3 18
0 14
43 44

16 42 49
30 42

20

26 35
14 15 35 37
1
0 9
13
8 21 41 42 43

33
11

17 25
11 31 32 33 36
11 49
39
17 18

11
38 47
33


45
42
29
39
5 15
5 15
22 34
40
5 15 49
18
18
36
31
15 42



34
40 41


4 24
35 40
15 39
10 20
42


13 26 28 47


0 30
6 17 19 39
29
3


31 48


5 8 21 39 44 46
9 20 40
42 43
34 45
42
4
13
1 7
5
6 17 30
6 14
13
27


5 10 15 47
14





44
5 15



42

39

29 39
7

21
15 19
30
14

1
5
6
14 42
18 41
1
2 25 27 34
11 15 19 39 42
6 21 38
16
40
12
35
22
25
22
12 28
1 15
6 22
18
0 4 8 46
5 8 15 35 48
34
23 47

32 48
14
8 31 49

31
28
18 23 25
8 18 20

5 38 47 48

8
32 34 40


0 27
14 30 36 40



42 43 44
15 28 37 39
0 7
10 15
30 47
15 28 49
41
10 35 46

38

11 36 41
20 33 39

6 38
2 22
49
37
46
8 30 49
13 49
29
16 47
31 33 48
44
15 29 36
13

25
2 49
7 16 19 41
16 27




4 34 38

4 5 11 13 44
9 49
33
3 20

30 48
26

19 31 32
9 42
43
45

27


46
0 18
5 43
21
8
2 46
0 36 40
24
11 23 26
3 8 45 47
24 25 31 47
42
36
21 25

5
16 22
41
3 24 48
13 15 46
20 37 39 43
16 27
22
9 42
31 34
27 37
30
43 47

35
18 31 48
18 37 38
0 10 28
16 24
22
1
2 25 34
17 39
10 25
2
36


16 34 46 47

20
4
12
2 8
18
11


7 12 15 27 41
34
6 49


28 43 48
8 32

5 36


42
44 45
11 29 37

27 48
23 34
6 29
15

22
19 26
40 41
32
6 7 9 15
1

27 39 46

7 9 19 43
3 7 18
6 43


3 24
43
5 6
35
14
28
16

4 13 43
48
5 20 38



10 35
26
10 27 33
25
15
7 47
46 47

40
0

5
2 5
27
7 27 28 44
11 13 14 37 43
5 11 20
22
21 30


8 47
47
6 18
32
10
47 48
4 14 44
5 23
23
16 18 23
13 24 33
7
30
10 30
14 16
15
37

20 29 34
30
11 39

25
20 33 48
26 37

18

17 43
4 31


30
17 30 48
41 42 46 48
21 35 49


7 11 17 39 41

23
17 21 43
8 35 38 39
32 46
2 40

6 25 42
1 18

3 22
7

5
20
44
28 29
2
15 36
9 12
38
10 13 26

2
7
17 28
19 49
47
4 23

1 26 28
0 21
31 44 47

10

41

20
4 16 35
13 27
19


3 19 34
39
13
15 16 47

18 31
13 29 37
35 38

15
3 5 17
3

17 30 35 49
26
27 28 43
21 42
12
3 8 25
42
14 17 23
21 25
0

17 29
6 9 18 38 44

7
28 38
5
16 19 32 36 45
6 18 28 33
10

33 46
17
45

28 34 38
3
32 39
13 43

28
26
2 36 46
5 16 24 46
2 38
24

19 42
16 22 29 47
1 36
20

2
45


38 40
2 28 35
43
12 16
24
12
44
14 32 37 44

28 33

8 33
40
10
5 10
32
18 37
42
18
21
1
15 24 38 42
37 42
4 49

15 30
8
8 30 47

2 25
13 18 34
44

12 45 47
11 12 19 27
39 40
26 38
15

1 38 40
41
8 42


22


0 19 40
41
42
0 46
49
2 5 34 39
38
21 37
5
21
5 26
25
4 39

3 25 28 45
30
25 46
38 49
6 34 42 49
6
25
3 4 40 41 49

14 20 23
13
4 27
3 13
9 30
25 49
1 3 10 21
24
2 15 36
16 31



9
37 40
17

42
36 42 49
25 40 41
0 20

47
37 44
33

4 8 13 22 35
2 34
7 39 41
2 3 41
16
25
35
7

1 14 18
6 9 10 33
9
10 13 45
9
5
24
6 32
14 18 32 41
5 16 34 42
12 24 32 36 43
8 12 15 45
23 37 38
18
45
46

14
5
13
23 40 41
11 34 36
11 13 44 46

32 36
10
5 11
37
33 42
28 40
10 19
1 31
9 17 43
9 14

2 14
4 14 38
23
24
48


5 12
4 8
11 13 20
11 23 37 40 41 46
14
25 39
14
6
17
26

7
33

42

7 39 46
0
7


13
2 5 34
38 46
17
25 48
3
38

15 22

20
4
35 41
6 12 27 40
27
40
7 17
40

6 17
47
4 25
23

10 40

34 35
23 29 30
25 26

10 32
5 26 49
4 5 19 27


17

11 21 26 49
28 31 38
24

44



5 10 14 41
11 16
2 36
4 7 18
41 47
46
23 37
18 19
3 10 17 35
46
5 13 22
46
19
13 19 42
16
4

2 11 22
10 44
23
16 34 39
41
2
40
27
4 30 49
24 31
12 21
2 4 27

12 32


9
11 34
22
20 27 40 46
45
35 39 42
26 41
20 40
27 36
0 19
42 48

1 22
43

45
9 27 28 40
0 5

1 18 35 40
41



15 34
5 17 25 40 41
38
28 35
0 9 49
16 27 45
3 43 47
0 13 27
38
17 25 47
0 4
29
49
4 25
7 25 28



1 29
15 20 36

27 47
37
5 31
29

26 32 35
24
14 30
19 27 41 42 44 46

8
3 23

39

1 14 47

6 28
0 25 30 37
21 26 34
21
36
43
3 30
9 27 29
31 41

9
38
15 16 30
43
30
30
47
16 20
2 11 14
21 35
6 47
15
8 35
6
31 34
36

16 17
16 28
33 45
41
29
4 8 21 30
46

12 20 31 39 48
45

9 44 47

17 37

14 17 42
32
29

2
18 47

7 15 19 30
5
33
19 20
2 6
12
22 34
16
1

17 49

9 22

36

8

42



11 40 46
40
13 27 36 41
2 14 35 38


16
9 37 45
40
18 20 29 49

3 20 29
31
28
22
9 27 44
13 29
1 6
13
10 31
31
21

28
36
7 12 27
23 33 35
33
10 21
1 35

5 8 32

29
9 10 16 40
41
6 20 28 44
10 30
33
17 43
19
18 45


0 1

19 25

13
8 43 44
34
48
26 45
2 27
33
10 38
1

10
6 47 49
2 31
18 23 30 37
28
34

12 23
0

21 48
2 16
16


12
15 18
1 11 19 42

29
10 13 34
43 45
49
10 44
1 16
7 11 13 31 49

13 24 41
9 22 46
20


26
9

3 11 34
37
14
6 42
13


34 37

36
24

27
17 19
7 37 43
32 45
15 31
2 3
13 26

20 21
10 37



8 28
18

27
48

8 18
22
38 40


5

20
48
2
32
16
21

39
19 42


30
41 42
43 46
12 14
25
44 45
1 25
48
24 29
4 15
21 36 41
46
42 49
31
17
9
29
42
11 19 48
1 9 28
9 40
35
39 47

0 49
24 26 34
10 15 22

26

42
22

0
7 31 36
26 32
23
43 44

0 12
0 7 27 43
7
40
13
12 35 44
18 31 40
22
20 25 40 47


6
8 26 39 42 48

3 17 27
22 46
14 38
7 30
34 40
3
16
25 43
48
0 45
25 33
45
16 28 39 49
30
2
19 22
36 37
34 37 43
48

11 48
43 45


15
15 30 40
21 39 43
0
10 12 37

5 11
22
30 48
40
39

22

20 29
0
2 9 10 41
22 24 25 47
1 5 24
9 13 21 27 33
28
0 43
4 8 23
21
5 22 28 34
1 29
24 46
1 49
19 29
2
37
18 33
8 9
11
45
24 47
37 40
16 28
10

2 49


12

2
42
32

29 49
26 41
5 47
35
1 9 32

7 12 48
29 39
1 20


8
6 44

28
24 48
16
36 38
10 13
49
3 26 39
43 46
23 43
5 6 38
21 30 31 47
28
25 31
37 45
19
1 22 28





9 34 47
23
6 14 31
14 15 26
19 31 32
20 23
0 30
23
35 40 46
37
12 46

0 11 35
10
38
34
15

19 27
32 44 49

34
30
5 6 41

15

21 44 49
47
10 29




2
18

17 48

21
2
24 29

40
7 14
7
28
10 27 30 32 48
0 13 27
14 45

0 27 28
3 10 35 42
23 27
32
31
5 12 39

10
42
37
21 31

21
19


34 45
7 27
25 34
6 17 25 49


32 35
14 17
22 32
14 15
29
46
7 11 38

46
11 14


30

29 37
9
17
23 37
0 20

3 25 42
18

19 20
12

1 3 10 28 48
3 12 42
10
4 49
35
7
1 44
31
11 23
7

26 32 49

25 27 35 43
11 20
0
35 40

3
1 5

10
0

5 17 46
19 29

25 40
2
13 35
10 15
5 20
13
2 18
11 30 36
41 44
1 9
24 28
27 42

19 31
48

0
17 18 38
38 48
18
49
22 25

11
44
31 46
11 19
36
0 4
24
20

30
4 10
33
18 34 37
35
12 48
30 42 47
17 47
16
8 43 45
18 23



32
33

3 7

33

30
15 38
34 45 48

1 27
45


5 47

6 28
28
18
32

25
10 15

7 42 46
28
46
1
39
30 38
38 46

14 32
41
10 24
2 35
20 49
6 22 30
5 8 40
37
32

8 31
31
1 30 41 49
5 34 44
1 5 45
7 22 32 41
6 33
5 26 34

10 11


26 32
29
39
4
18

43
25
11

38
30
6 46
29 47
42 45
27 40
9
7 8
4 9 19 40
14
17 26
24 33 41
9
3 13
13 15 49

35
40

47
42



7 11 27
15

28 44
16 19 25 26 42

23 41

11 15
43
37
27
1 11 41

16 30
33 44
31
28
29 35


47

4 30 34
16 31 44 47
0 25
38
37 47
19 29
10 42 48
38
12 16 29
10 22

5
25
6 24
8 15 25 40
19 41

21

17 39 43


38 43
17 26 44
21 28

48
20
5 7 34 35

11 14
4 48
16 47
6 17 32
7 33
10
24 28 37
36
15 18 21

18 44
19 24
19
20 37 39

17 25 29
26 36 42
17 32
3


20
44

22

23
16 36
44
23 38
3 17 26

35
23 26
9 31 47
17
44
23 29
5
13
11 32
13
9 21 42
22
28 46
6
35

12 23 24 32
7 22 34 39
1 2 13 34
4 7
15 38

24
37
43
27
1 12 49
9
1 10 39 43

13 19
8
8
26 28
44
12 23 47
3 21 39
5 14 18
4 7


4
41
4
27
11


20
12 21 28 29 43
9 44

11 42
24 47
31
1 5
16 35

9 11
29 42

28 36
11 14 47
16
42
35
25
8 20
9
17 26 46
4 5 17
13
2
2 32 33
8 32 40
10 25


33 38 49
7 32 33
6 8 49
9 24
8 22
12 36
17

2 31

19

6 26 29 46
9 13

1 42

23 26 39 46

6 12
45 47 49


23
37 45
14 48
21 23 36
19 36
27
19
35
49
6 19 25 41
14 19 30 48
18
46

3

29

8
3 24
27 48
0 22 30
8 34 38

37 39
6 33 48
1 2 28 33
42
2 17 48
35 46

18 19 41
3 44 46
34
4 16 21
12 44 48
32
18 42
8 11 20 48
43
24 43

7
47
0 44
13 24
11 19
9 15
3
1 19

37
0 14

3 32
34 41

16 28
34 46
1 6 9 15 24 45
18 33
31 41
13
35 36 39

28


40
11 33
19 45
38
4 8
3
26

24
2 39

18
46
6 23 28 30
32 41

10

32
47
2
24
4
31 40
23
48
34
28
29 32 43
9
8 9
32 35 38
6
7 44
11 15
34
4 35

6 27 28 35 37

30
1 14
22 36 47
42
40
30 40 46
1 15 17

21
39
0 2 22 29 32
20 45 46
12
21

28

2 26
13 38 45
44
23 28 41


11 24 30
14 33 43
49
43
7 13 19 30 32
35 41 49


9 46
25 36
25 46

12
43
46

8

4 9 10 21
44

24 32
21 27
1 33
5 26

42

5 16
18 19

3 15 22
3 32 33 41
27 45
45
26

22
6 32
8 17
3 8 49
7
11
3 13 32 46
40


16 21 36
34
39 41
46
38
9
11 21 28 48
6
3
43
13
9 24 32 42



32

3
1

11
0 6 27 38
35 44 45
25 48
17
2 41
38 44 46
2 7 37
22 27 29
11
33
13 18 38
30
17 22 46
27

8 23
3 6 8

33 36 44 47
24
32
4
3 24
3 43 45
13 43



35

3
23
36

36 41
0 8 34
15
40
16
9
23 34

25
3 30
18 36
10 13
8 9 21
19 36
14 20 39 47


15

27 36
9
17 19 40
37
30 34

43
23 41
35 39
40 41

39 48
17 27 28 34 38
29 45
35

13 16 42
7 23 29
31
46
35 42
15 37
14 30 36
1 2 25 36 42 43
6 45
0
0
13 42
14 45
21 28 40
46
28 39 43


45
13 16 17

15 34
11


4
22
1
19
2 6 40
5 25 43
48
18 23 49
34 42 43
34
12 23 33 35 46
26 44

28 29
1 18 23 30 46

22
13 22
45
16 32
15
31 45 47
8 9
4 16 34 37 39
7
4 42
13 37
19 23
6
19 29
6

16 45
6 25 40

11
24
43
29

23
18 25 35 38
24
0 10
45
18
1 3 25 27
12 31
21
1 22

40
18
11
3 46

28 35
14 26 41
42
3 20
18 49

2 16 19
6 32

39
34
18 42
31 42 47
11
0 10 19
24
5 10 28


48
9 21
31


20 36 39 43
36
33
16 48
1
25 41



13
4 14


0 19 34 43
16 33 35 43
34
2 49
17
21

16

2 28 42

10
18 31
42
30 45
9
22 23
14
10 27 35
49
1 33 45

13
28
4 19
14 19 20 40
24 30
9 20 23 45
29
42 45
1 35
6 11 34

34 37 44
24 28


28 45

5 8

47

31
31
2 45
0
24
30 36

12
2 10 20 23 29 34 48
37 44
13 15

2 30

36
5


1
19
16 47
9
6

18 30
16 21 45

5 30 35
0 8 28 36
14 26 45
36 49
5 6 22 29

4 5 29 49


26 43
8 46 47

8 14 31
3 45
26 49
10 27 40 44
24
39
6
9 28
1 12 13 14
6
28 34
23 33
7 22

28
20 36
36 38


8 21 38
1


1
5

3
23 36
6 33
25 39 42
5
21
40 49
32 40 49
8 36
1 20 46

0 24 32 48

10 21 31 49
22 24
6 46
13
8

11 23 40

10 20
48

3 12 31
39 41

8 19
37
0 37

26 45
7 41
4 16
18 22
38
33

7
39 40
1 24 26 42 46
8
5 7 40
13 24
8 42
4 39

33
36
13


37 39 44
35
2 11
2 7 32
37 42
46
10 20
5 43

6

0
8

17
11 22
3 20 30 32 39
25 28
9

7 11
14 17
9
21
8 43
30 36 45 47

9 11 38
0 33



18
9 28 33

9 29
2 20 29

6

25 36

43
23
42 47


3 18 23
18
26 27
29

21 36 49
8 12
1 41
14 28
10 28 35 41
21 33 45 46
13 21 46


10 49
32 48


1 14
23 29
4
35
43


24 47
26 35


6 15 46
16 22
10 21 23
17
22
29 40
39 44
7 43
24 30
4 5 26 44
10
12 23 25
7

2
3 14 16


7 39
42
12 35
0
25
7 8
19
27



10

3 21 39


6
17
13
1 12 17
25
8 19 34
29
3
18 30
24
31
35
36
31 41
3 11 47

12
10

0 42 43
4 17 45
31 41 49
0 9 43
11
7

25
5 8 19
18
22
31
3 26 35
26
5 27
16 21
5 12 22
21 24

31 40
4
35
43 47
5 8 12 19 41

36
28
3 41 42
18


32

29 45
10 24
7


8
2 40
11
44

1 5 45

19 49

4 5
4 24

24
12 19
28 30 34
27

10 28 33
15 25
0 11 40
33
19 48
21
34
15
4
16 18
29
17 48
27 37 46
45
14 18 22 29
1 35
2 12 31
2 36
1 38
0 7 43 48

3 28 39 42
26 32
21 23
12
13 16
8 45


17
13 17 24 33
49
4 8 37 42
15

10 28 47
23 47

46
3

27
0 12 25
24 31
3 30 31


11
0 6 16 40 41

7 30
29 46
4 15 25
2 13
8
11 18 20
26 35

15 39
4 12

28
24 46
36
47
36 38

24 47
17

8
7 8 30
43
7
15 39


18 37
27
21
7 24
14 30
3 14 15 27 29

12 41
12
32 39

2 40 44

39

31
40 44
1
1 3
40
26
2 24 25 27
34

12
34
4 45

30 47
27

3 17
29 43

30 48
29
21
33

22
10 15

8 9 15
33 39 47
37

5 42
11
23
0 30
14 21
4 5 7 18 33
18 25 39 49
10
20 48
4 27
36
23
1
8 30 32 47

10
20

0
2

31
4 5
35 37
22 46 48

6
10 11 31
23
23
23 25
41
15 27 30
3
2
13
37
5 11
8 25 31 48
17
49
10
7
33 47
6
6 12 38
21
16
10

44
16 26
26 43
16

0 19

10 46
14


18 49

49
3 11 20 46
28
22 23 33
43
8 18 19
10 41
2 21
16 24
6
25 27
43
0 7 35
6 20

4 14
20
33
23
27
3 6 19 39
39 42
2 3 20 21 22
13 30 33 36 40
20 39 46
14
2 3 26 41 44
41

40

10 25
6 12 35

27
17
33 45
4
26
5 9
9


36
17 36

0 13 14
37 49
27
40


14 45

13
18 25
17 43
21
49


5 48

30
4 8 28
14
14 32 42
15 29 32
28
22 26 39
43 45

7 25 39
0 12 13 30 40
15 25
21 33
3 7 13 16 41 42 46
30
2
8
12 46 47
37
24 44
47
24
18

7
23 43


17 28 31
9 27 40
28
1
4 48
1 19 25
28 37
20 36 38 44
0 38

6 7 24 38
18
5
12
4

18
31 36

13 21 24


18 19 20 30 43
11

27
43
35 39
0 8 24 30
13
21 29 35
1 10
5
47

9 17 21 22

32 45
17
41
6 47
25

7 23 43 46
20 28 38 46 47


8 26 33

4 37 38 48 49
10 39
1 6 25 49


24
25 28
33 37
18
10
49
26 38 39
24 49
8

27
14 15 26
17
9

0 5 27
18
26
14 28 38
9 42
7 41
37
43
32

36
32
21 42
32
10 19 39

5

41

39 43 44
8
25 48
8 16 30 37 38
25 32 39
0 40

20 21


5
26

42

25
1 15 28 32
20 23 32 41 43
9 18 21 24 26


19
42
13
23
0

20 35
0 1


32 42



45




32 49
4 12 36 40

4 8
47

29 49
18 29
0 35
19 44
20
4 20
18 24 25
28

33

1
19 21

17 25 33 49
28 49
12 19
0 7 20 32 39
6 20


16 34 41
2 42

41

4 26 27 42
22
4
0 44
48
12 40


6 11 25 49

4 21 24

17 42 45
2 5 46 48
22
12 23
0 35
10 23
41

6 35
32
2 23 31 32
14 15 16
2 17
26
11
1 26 42 48
10 35
7 26 48
16


6 8

12 37
22
4 20
3 11 17 30
24 41
14 39
1

41
29 40
23
4 22 31 32 49
24
14 15 42
37
6 28 31 37 41
20 42
4 33


6 27 36 45

14
3 11 12
5 10 18 47

3 5 25
20

0 13 23 43

9 19 32
21 36
24
41
14 34
20

16 18
14 16
19
14 16 19
6 43
10 35 40

24 29 30 47
1 31
33 38 41 47
3 19 33 43 45

6

1 13

38 44
31 46
45
17
19

10

21
5
16
3
5

13 21
6


24 32
3
6 38
20 25 41
26 35 44 49

37
5 22 32
17 29

1 24 29
17

11
0 9 13 34

25


28 44
22 32
10 47
7 12
21

2 7 9
37

5 31 45
12 20 25
15 22 23 36
47
20

45
22 28 47

7 29
13 40
22 36
41 47
14 21 36

2 3 14 16
40
29



2
1 2
6
29
8 39
4 36 44

15 17
13 42 48
2 15

10 49
24 49

46

2
1 28 47
39 45
29
10 18 32
45
37
6 13
8
30
14 20

28

47

31 49
13
13
4
14 38
1 19 25
11 13
1 27 35
35 38


8 36

12 22 23
44
32 49
10 12
11 29 31
9 38
21 26 49
14
7


44 49
40
34
1 5 16 24
38
46 49

13 29

16

45
7
5 29 44

21 22 38 39 47
0 14 45
31
19
35 36
21
10 31
9 32
1 21 45

0 48
11 30

23

19 40
10 12 40
30
41
21

39
3 22 25 41
15 28
8 25 27 48


23 32 46
16 20 22
40 44
19 44
3 22 28
16 43
6 20 33 49
12 42
13


8 46
0
48 49


14 42
7 24 47
5 15


41
14
9
38 48
17
19 33
0 13
39


11 24 37
6
47
25 40
0 27 43
7

30

9
15


8 31
21 23 35
6 24


15 27
7 25 38

0 23 31
18
23
35 37 40
14

23 43
5 26 44
11 15 34 42 45
11 38
34 42

33
49

3 37

0

12 44
45

1 22
1
1 23 32 33 41 47

31 33 34

15 32 45

3 16

5 11 12 43
6 47

38
2 11 41
16 30 33
48
27
29 42
39

6 19 30
33
9
25

14 25
15 19
43 48

3 9 18 47
41


25
16 18 38
5 17 34
36 42 49
5 19 21 33
8
37
42
40 42
12 45
18
5 38


44
1 12 27 39
10 40
32 42

12 39 49
41
17
3 32

24 37
5
16 45
26 28
45
42 46
45
3 22 42
34


39
5 21
21
1
16 22 27 36 49

16


18 37 47
22

2 8 20 22 23
11 24 29
41
19 34


5 34
33
38 42
31 43
48
3 11 18
3 8 19 39
2 4 21
12 26 48
4
2
10 22 44
8 47
28
45
8 23 40
10 16 43
2 27 28 35 44
12 14 25
30
0

0
6 17
21 45 46
29
34
0 1 26 29 35 38
1
39
23


6
7 34 41 44 48

47
26


14
9 33 39
18
27 37
5
5
46 49


7 12
20 30 39
49
12


4
27


30 44 49
3
4 14
21
7
13
8 18
0 10 13 25 35 48

17 29
20
15 28
9 30 47
9 37
7 13
44 46
2 33
12
5 24
0 27
2

7 20 32
32

14 35 38
43
6 45
23

42
4 14
1 8 22 48
31

20 24 35
19
14

11 28 33
9 31
2 10
29
29 33 38
35 49
6 16 27
10 17
37 38 39 40
17 26
17 25 38
0 6 7 18 41
1
15 39
7 29
4 17 28
30

1 20
27


20 29

6 9
26 30
4 8 28 49

4 28
8
38
24 28


46 47
15 23 28 33
24
4
10 15

14 38
2 36 40 46
5
41
20
11 24
32
3 22
8 9 20 49

37
4 5 6 15 43

12 15
23 31
14

42
10 11 20
8 21 33


0 2 19
6 23
41 46
10 17 36
30
9
19 49
29 32
32
33




7 36 39 41
19
35 47
29 30 33 37
1
2 43
1 17 23
18
22


22
9 22
21 26
22 48
29
0 43
5 29
9 26 34 37 43
5 35 49
8 15 21

28
16
0 18 19 23
19 27
14 15 35 44
14
17 33 39
1 6 8 17 24 42
16



26 49
41

46 48 49
28
29

8
45
9 11 42
29 44
31 47
5 40

6

12

23 46 49
14
1
7

18
22
0
6 22 28
9
15 18 33
26
14 21 24 44 45


41
3 18 36
15 28
10 23 40
24
11


4 31
12 21
49
4 7

6 9 49
2
5
5 24

24 47
10
5 25
31 33

27 48
30
9 18 31



40
46
41
0 26 38
23
2 20 43
28 40
20 44
22
7 16 40
25
4 11 12
8 28 49
11
17
16 30
10 34
34
26 46


4 6
12 23
25 27 28 49
48



18 32
46
13 45
2

3 16 18 44
16 17 31 38
23 39
5 11 32
41
9 37 46

22
43
29
21 23 35
24 35
5
5
14

23
19

13 30 41



3
5 14 15 19
5 35
9 43

6 8
3 32 33
9 31
6 35
17
10 13
11 35 36
6 18 48
31 37 44
13
12 45
17
48
8 25 48
45
40
6 27 40 44
14 49
10 33
4 8 28
26
9 12 19 46
36 42
41
21


26
34
23
6 18 37 47
7
13 20
5 13 22 45
30 34
21
17
10
48
29 31
21
40
14 25 29
35 40
21

22 28
1 7

15 19 40
1
7 14 30 32
9 17 37

9

14 37 41
34 40
12 18 38 39
3 34

17 41
19
39
28 47
26 40
8 22
17 23 25
11 24
41
3 23
44 45

44
23
48
0 41
16
7 12 38
0
19 29 42
0 14 15


14 20
14 23 44
44
10
5 12 39
44
18
9
31
15 23
15 27 34 38
16
30
35 45


3 45
1 18
8 32
6 44

12 27 30
7 22 29
0
30 40
4
7 38 43 46
14
5 15 22 41

19 44

39 43

26
28
2 16 29


14 20 28


10 32 43 47

16
3 48
10 12 29 48
12
23
0
20
10 41
44
6 37 48 49
18 26


20 41 43 46
49
4 26
1 36 37
40

2 6 31
16 31 41

29 31
7 27
5 45 47
11 16 31 47
16 43
6 14 25 35
4 31 36 37
9 14
24
47
3 31
31
28
0 48
7




8 42

14
12
13 35
3
3 35 39 42 47
42 43
31

9 44
15 46
23
1
22
31
4 14
4 42 44
24 27
2 5 18


33
2 47

7
10 48
11 12
0 6 9 13 26
31
22 28
17 43 47
49
24 46
8 21
11
11 31 37
2
4 6
9 17 42

8 9 13 48
7 14 28 35 45
0 8 14 31
14 15 41
1 26
23 26 48
21 24 41
20 24 36
6 38

13

10

3 4 5 8 30
0 45
9 12 48
13 44


18
18
17 47
19 48
20 36 43
18 26 34
37
34


26 29 40

21


5
0 23 29
32 35 37

25
5 7 20 27 43 48
38
4 18 25 32 33
17 28 39
6
26

27

37
24
12 26
9
36
10
16
22 33 39 40
35


20
34 36
47
2
27
0 16 47
18 20 28 30 31 40
18
5 23

31 37
8
48
13
14 31 33
23
1
47
13 19 26


41 46 47
48
36
32

40 47
21 28
10 18 28 46
5 6
1 21 46 48

18 35
14 18 30 37
29
37 48
13 17 27
7 29 42
8
41
3 6 12 38
43
10 14 28 43
27

29 40 42
16

7 26 39
21 45
6 8 11
25 32
43
35 45
27 47
0 29 40


6 8 34
6 35
28 29 30 43
18 40

14 17
8
6 31 47
5 10 26

3
37

19
47
1 8
9 44
4 39
26 43
44
11 47
37
16 31 48
24 42
24 44
40 41
25 31
2 42
27

6 16 17

40

49
9 18 38 45

1 21
6 24 34
11 21
1 17 27
22 32
22 47

18
2
46
22
15 24 25

34 46
5 15 18 20 43
27 29
25 37
2

7
3 49
21 28 46
30
10
5 15 19 35
1 35
42

0 34
8 38
40 41
3 11

44
0
8
7 9 15 36
27
18

44

29 41

26 37
36
42
7
18 20 29 45


1 31
6 12 17 22 24
19 40
6 8 17 37 46

17
7

19 28
36
24 28 34
7
30
5
1 27 43
4 48
2 42
15 22 36
13

43
3 4
10 11 23
0 1 15 26 30 39
2 35 41
11 20 27
26
4
16 47
6 16 20

0 3 11
5
13 21
11 16 18 28 41
4 15 39 40 43
4 10 36
32

40
19
44
16
2 18 28 35 48
19 20
35 39
6 46
37
24


10
28
16 23 34
23 38 43

32
27
10
4 9
7
18
2 44
39 42
8 14 38 48
19 25 29

29 34
8 11
19 23 38
17 32
11
1 26 49
42
29
1 34

4 15 21 26 31

12 26


16 40
31 35 47 48
47
3

4 34
4
26
24 36
0 13

16 43

41
1 7
45
6 23

25

15
4
29 36
36
10

7 14 21
22 24
21
29 40
27
3
28 32 42
33
35
25
2 3
35
42
27 45
5 20 31

40
1 31 33
0 34 45
1 23 34
3 15
20
30
18 25
34 44
29 37
0 19 30
19 43
4 39
32
14 38
27
3 10 25
6 27
29
18

31 43

1 14 16 21 35
13
37
2 10 34
7 11 12
41
29 38
30
41
2 37
12 33 38
5 24 48
11 12
40
14 17
1 4
23 26 42
10 19
17 30 40
20
7
25
2 21
15 25
0 41


3 18 37
41 49


46
7 18
8
35
5 42 46
8

34
5 38
5
24

41
1 42


38 40
24 39
26 35
0 4
30
36 46


1 8

11
23
37 39
14 22
34 49
20
11 12 13 25 35
41
40 41
32 35
23
14
8 17
28
19 34
46
16

25 35


6 9

8 25 35 36
18 26
16 24 41

13 35
31 36
10
42


24 37 38
0 25 35 49
2
13 15
12 28 37
25 35
30
24 25 35 40 42
35
34
21 29


32


6 10
24 47
27
31 41
10 11
38
25 27 35
26 48
25 35 49
1 3 10 17 34 36
17 26 35

25 35

25 30 35 36
28 46
19 30


1 2 33
20 23 31
19
18 33

6 34
4 6
11
0 25 35 49

22 33
3
35
25 35
1 4 35 42
0 12 13
25 35 47
17 20
10 15 17 21
7 17 25 35
13 32 35
9

20 25
6
25 48
41

13 14
13 37 40
11 25 35
17
0
25 35

25 30 35

20
3 21 47
25 35
41
30 36
1 3
4 28
3 8 19 33

31
44 48
5 18 48 49
0 9
44
25 35
30
1 22
2 47
44
8
0 14
22 26 43
4 27 31
25 35
10 21 29
9 41
13 14 16 27 42
32
25 35 49
12 41
1 3
25 40
0 1 47
6 37
5
8 10 34
41
16

4 13 27

2 8 39


7
9 37
27 49

25 35
0 9 33
10 46
35
25 35
5 25 35 39
29
5
14

24 45
32
11 25

32 42 47
0 6 17 46
5 18 43

37 39
4 31
8 45

11 14
13 41 44 49
2 42


25 34 35 41
38
10
42
10 12 42 46

14
37 47
6 25 35 49
49
17 26 42
2
0 13 31 44 48
24 45 47
25 35

47
4 11

1

11
40
42

24 32
21 25
3
19

18

4 25 35 44

10 25

35
0
19 25 35
44
27 37


38
15 20


42
4 29 49

7 26 41
21 32

19 32
31
4 6 38 39
17
8
25 32 33 35
47

37
26
27

14 21
22 25 38 40
21 33
24
21 28 45
41

16 35
32
30

44

17 34

31 38



8 18 25 35
3 20
48
9 14 34
24 28
3


34
10 38
12

3

1 9 46
24 42
25 35 36 37
41 44
3 33 38
11 14 37
2
39
4
40
17 24 32
3 10 25 35
23
24
46


15
25 35 46
45
19
3 5 48

42
6 17

10 32 46
31 39



0 43 44
30
0

10 20
25 26 35 36 42
47
19
12
23
28
15 20

6
3
25 32 35 45
13


25 28
15
20

32 41
35
5 25 35
17
5 16 35 45 49

9

4 25 44
6 25 35 46
21 39 44
32
24
17 32
25 30 35 44
1
11 30
20 21 25 32
9 20

40

25 45
48
35
8 18

28
12
19 25 33 35

25

41
1

19
16 25 35
13 23 25 30
25


29
44
4 18
0 2
8 25 35


1 8 12 44
31
25 35
13
3
40 43
12 17
17
14
39

25 35
21 25 35
25 35

4
11 21
3 25 35 48
27 29
10 19 48

13 25 35
9 38
20
23 34 49
14 25 35
1 3
5
21 33 42
31

39
28
35
24 25 35 39
14 28 34
30
10 11
11 20 21
14 19 37
19

29
0 15
2 25 35

11 13 37 39
7 11 15 29
4 18
25 29 35

4 23
0 18 25 35
3 11 32
4 5 8
16
2

5 14 16 18 38
0
47

2 10 11 30 31 41 42
7
6 30
3
9 21 45
25 29 35
11
14
13 24 25 36
25 35
21 24
0
37


26
23 24 45
18 22 46
9 19
18 25
4
13 46
25 27 35 40
48
12 24 48
6
21
30
18 21 40

10 23 43
6 40
25
2 24
3 12

13 41
26

5 13
7
5
26 42

4
0 24 35
38 46 48


31
18 37 38 43
9 45
11
17 20

10
34 40
27 38 41

4 45
29
43 47
41
42 44

25 35
20 28 42
26 43

4 41
24 38 48
4 8 39
9 26 45
18 43
35
48
5 7 36 39
14 46
13 26 46
3 5 17
31
0 8
3

30 37 39
15 17
17 40
7 22 27

25 35

7
14 38 45
37
12 13 27 32 42
32
4
8 21
0 11 13 38
2 21 37


18 47
36
33
21 22 25

7 8
31 39
10 12
10 14

21 41 47
25 35
14 25 35
3
16 22
28 49
41 43
24 29
33 35

3
14
5
27 31
35
18 37
2 9
12 14 25 46


2
0
37

35
5 24 27
48

27 36
9 39
25 35
19
34
10 25
45
12 24
7 34
4 11 19
43
25 35
13 48


18
4
30
17 41
7 25 27

27 32
34 36 45

0
11 14
4 26
9 14
6 14 24
24 40
24 40
5 6 17
10 24
37 43
13 28 36
11 48
37
8

13 47
25 35 45
24 30
41
13 21

33
19 38 43
8
6
4 20 38

45

42
23

5 34 36
9 24 31
13
19 21 22
25 35
16 19 33
17 26
5 20 26 34
6
25 35
44
19 26 42
2 23 37 38 46
15 41 42
5
26
5 25 31 35 39
21
28
4
2 17 38 42
18 29 32 34
41
23
4 18 27
32
21 30 40 45
9 46
23
1 10 44
41
47
9 43
25 35
28 47
1 26 46 47

25 35
24
11 14

33 44 48
28 47
48
7
8 31
3 32 47

25 31 35 48

25 35 48
41 48
38
18 35 47
25 26 35
4
11 41

7 11



25 33 35
20 26
2 7 18 41 46
12 25 35
40 47
2
12 18 35 37 43

10 25 35
20 27 44
8
3
35
40 45
13 21
10
22 24
9
39
2
4 22
27 46
16 47
18
21
39
25 46
45
16 42 44


3
3

25 35 48
13 46
25 35 46
10 28 48
34
10 25 35 45 46
25 35 45

13
17
7 15
4
28 32
17 31
0 20 21
9 14 37 44

30 36
18 31
35

18 25

26 29
44
45
8 21 22 30
8 29
32 46
40 42
13

4 28 46
15
10 25
14 27
0 45
36 40
2 32

26 43
28 48
4 13 34


30

0 16
42
13
12


10
6 10 31
8 14 42
20

25 29 35
18
16 28
46

9 49
46
2 24 37
46
6

16 31
14
17
14 20

2 22 25
27 31



22 23
18 25 30 35
41 44
12 13
25 30
43
43

19 25 29 35

45
0 42
29
49
2
4 47
24
17 25 35
23
1 3 8


11 25 35 49

31 47

9 24 25

1 13 38 39
13 14 19 34
6 20
7 25 30 35 41
8
5 6 26 27
16 24
7 49
45
10 27
30

29 44
36
46
23 31 36
42
25 35
2

49
8 34

15 33 45

0 33
11
47
29 39 45
17



35 40
31
22 26 31 40
48
15 25 35

14 34
9 43
0 16 24 32 48
14
0
26

0 21
44
2 45 47

48
21 37

37
6 41
33
9 40 46
47
44
21 29
4 11
29 43
38
6 26
4 44
17 23
11 13 19 37
3 5
15
8
3 31 34

2 19 30 34
13 19 40


21

14 25

25 35
7 14 46 49


48
12 16 37 47
18 20 41
25 35

7
37
5 9 42
19
18

1
21 36
0 25 35 46

5 21 30 37
29 38
12 16 25 35

40
0 26 32
23 38 49

4
31
9 24
19 30 40

38
15 24 41
26 44
9 19
8 11 32 37
24
31
18
1 19 25 35 40 46
4 15
2 41 45

18 38
14 15 44
9 47
43
23 36 43
25 35


19 44
2 12
27

5
37

7
14
25 35 48 49

25 35 48
28 31
19
14 31
25 35
41 47
15
0 6 26 37 43
39
40 41

20 25 28 29 34 35
4 36
34

3 7 22
35 44
38 48
24 46


19 34
26 39
18 30 33
18
25 35
0 3
25
30
48
17
25 35 48
0 37

3 9 39
37
30
8 35 43
12 25 35 39
1 25 26 35 36
6 18 21 37 41
2


4
1 5 10
7 30

6 14
49
26
7 47

41
4
39 48
5 19 25 34 35
8 16 21 46
10 25 35
7
8
26 31
5 18 23 33 38
30

13



24 31
39
13 25
2
11 25 35
25 27
1 14 15 33
24 31
16 29 43
4 32
13 36
9 25 35
4
22 25 35 46
14 45
1
14 44

2 10 11
2 48
28
45


11 16
9 45

30
16 44
16 32
28
46
0 14 47
25 35

17 42
6
6

28 34
11 49

1 35
28 46
0 6 13 23
25 35
23 33 40 45
38
25 35
27
9 17
12
2 4
0
36

9 30
13 26

2 38 40

44
3 22 42
44
25 35
32 44
19 48
32
29
18 26
9
13 17 43 49

21
36
5 20 45
20 38
47
11 38
21

0 26
4 20 26 33 43
30
36 49
18
1 8
28 38

35 36
1 7 21 45

28 41

8 30 38
37

25 35
43

27 30 37 49
10
0 3 6 41
9 10 22
29
11
10 11

25 35
6
2 6 11 33 44
5 25 35 40
7
27
8
20
5 13

10 25 35

6 34
27
5 43 47
15 16 25 35 38
9
29
14 25 35
17 24
25 35
34

21


31 48
20
12 15

3 10 38
1
4 25 35
5 32 47
36


27
15
11


38 49
41

22
15 20
19
8
16

3 25 28 35
25 35
17 18
18 49
32 45

21
11 37 49
13 25 48
17 24

12
28 42
13 19 28 33 39
8 30
2 25 35 37 41
8 11
44
30
10 11 22
15
22 34
8

5
25 35
15 39
18 26 40

9 25 28 35
13 19 31
11 14

16 49

42
3 48
15 26 35
0 6 23
47
24
25 35 36 39
2 16
36
17 21

9 24 39
36
25 35

6 42


18
40
3 46
25 26 35 40 44
19 46
34 47
6

20 34
32
3
6 37
2 44
40
10 21 27

33
19 42

17 30 36

1
38
21 23 34
10 17 36
6 15 17 21
6 25 28

9 22 26
2 14
25
19
19 49
22
31
21 28 45
28
36

24

5 36
2 14 34





34
23
0
19
39 42
29 40 47
24 27
0 9 40
14 18 26
29
42 49
6 13 49
8 33 42
3 21
30
40
32
2 11 48
35
12 15
47

8 32 42
34
9 45

23
2 35
20
30 44
44
16 25 35
2 38
7 47
7 22 25 29 35
22 35
24
17
0
35
23 26 45 47
17
18
3 6 17
35
20
40
5 36
25 29 35
3 22 28 47
40 42
1
7 17 24 25 35
25 35
22
18 35 48

15
1 11 22
9 46
7 44
8 43
5 7 43

31
9 30 35
7 44

8 15

12 36
24 25 35
2 21 25 35

3 18 30 42
19
10 29
16 25 35


37 39
14 39
13
41 47
23 26
3 22
8 9


30 39



36

3 41
8 17 44
42 47
1 5 25 35 42
0
4 41
3 32
9 15
49

5 25 32 39



20 23 47
10
15 32
45
23 25 35
26

4 49
29
5 9
39
44
1 14 25 31 35
1 13 26 27 44
41
27 30 46
2 11 19

25 35 47
31 43

18
6
29 40

11
26
24
9 21
25 35
17


6 19
1 12 16
14


5 13 33
44
6
8 13 28
8 25 35 42
4 9 22 26
13 25 35
28 37 38 40
0 19 27
12
20 24
44
5 12 43

23 34 35 43
41
0 38 45
4 15 24 25 35 48

4
6 48
5 43 46
24 28 37

20 25 35 36
2 15 49

23 45
8
7 28
5 8
30
6 37 39
23
16 22 25 35
12 25 35
26 36

15 19 48
28 38 45
16 22
28
18 29

20
4 11
10 25 26 33 35 45
12 36 44 47
25 35
41
7 25 26 35
35
49

2
12
5 34 48
36

10 20 41 47
2 7 16 44
3 23
25 35 40
48
6 24 47

7 11 24
3 5 11 24
21 25 30 47
3 30
12

28 42
15 19 47
38
8 9 24 37

2 9 31 34
32
20 25 31 35
4 42

13 18
10 29 35
2 21 27
45
2 21 45
0 7 10 49
11 34 40
7 31 47
11
4 15 30 36

11 22


29
22 33 49
4 18

33 38 40 42

22
33 35 46
34 41 44
40


12 25 31 35
26
20 29

13 32
1 12 23
39 43
39 46
39 43
14 27
1 11 38


15
20
4 19
5
19 32 33
9 40
25 31 35
41
17
0

8 25
25 37
31
22
25 29 32 35 36


7 44

18 38 40
35

32
14 21 37
16 34
10 23
7 40
11
27
25 35
44
34
31
45
4 22
20
28 43

14
34 42
2 8 13 27
11 12 27 45

13 41 45
18 40

19 36
36 48
33
18
8

49


8 33 36
15 37 44 47
21 35 38
0

0
15
7 25 39

28 41 45
17 30
6 23

4 44
17 28 36
7 9 33
14
5 12 14 47

16 36
26


2 17 49
17
8 32
8
19
11 14 17 26 41
16 38 40
17 32 38
2 49
1 14 37
44
1 24 29 31
17 20 21
0 20
5 26
3 49
0 33
14 15
7 8 24


3 5 10
30 45 49
15 18 34 41
17
14 26
12
24

8
18 20
33 38
16 33
9
16
33 39

25 35

16
42

41
39
2 26 30
33 44
1 48
11 18
25 26 35
14 48
16
17
26 35
6 13 15 30
13 32

17
7
26
22 26 32




18 20

10 25 35 45
4 31 35 37
25 38
30 38 40

25 44
0 35 36 49

13 27
22 38
23 25 35
6 9 23
11 25 35 39
38
2 11 18 39
13
3 40 42

49
18 31 41

2

10 44
21 25 35 45
19
41

1 17 26 31 47
8
21 38
11
22
33
4 8 24 49

16 26
25 28 35 48
29
8
11


7 20
3 13

2 38
16 21 28 31 47
31
25 28 35 37
49
5 34
23 25 35

8 33
40 43
0 25 35 44
25
18 25 33 35
1

7 14 35
4 22 24 25 35 42 49
8 23

10

15 33
2 7
36
15 20
0 46
36 43
21
48
0 1 11 17 28 42 43

43
4
32
49
29 40 49
16
8 13 17 29 33
22 26 29
3 9 33
8 25 38
22 25 28 29 31 35 41 46
31
2 16
15 49

6
6 16 33
7 9 26
43
2 4 26 40
5 29
7 15

6 19 25
11
20 22 46
34

25 35
10
16

17
26
8
7 25 35

29 36

47
25 35



44
21
11 49

20 22 36



25 35
2 5 7
0 25 35
8 21 36

16
26 33 41

2 4 17 30

6 48
25 35

25 32 35
14 25 35
25 35
1 17 26 34 37
5 20 23 28 38 43
26 44

4
32
6 49
22
21 25 35
8
4
45

43
25
1
7 35
25 33 35 41 43
25 49
23
7 21 41 42
16
4
9 26
31
12
25 35 47 49

8 30
33

26 48
24 38
8 9 21 46
23 26
25 35
32
47

18 22
26
18 33 36
25 35 37
22 30
3 4 14 19 34
15 26 32
44

29
6 14
29 49
7 25 35
1 25 34
9 10 34
13
18 23 25 27 35

15 26 31
24
15 31
18 44 48

37 48
33 38
11 16 35

25

36 40 44
38 48


23 26
21
25 35
25 32 35

2 11 25 33
10 18
19
47


27 43 45
11
16 25 35
48
4
3 20 43
0 47


32

38
17 31
3 8
6 28


24 35 38 41
9 25 35
2 24 43
30
4 6 21 25 35 48
29
6 8 39
21
21 22 44
49
28 34
4
32 41
3

8 25 35
5
40

3 10
35
6
7 28
6
25 26 35
8
5 25 35
14 24

40
8
45
1 47
32
4 10
15 24
26 49
4
18
17
0 23 25 35
10
12 25 27 35 37

4 35 38
4 25 46
47
17 24
2
5 22 34 49

25 35
0 22 36
25 35
13
5 23
12 25 26 35
17

16
15
36
11

13 41
1 13 44
25 35
1 18 21 25
27 29

28 41
5 25 35 39
26
11
21
15 23
3
11 24 41
1 18
31
43

16 18

1 5 47
27
5
37
25 35
31
41
33 34 38
14 32
5 22 36 37
22 43 47
48
13 25 35 41
6 37 38
22
14 18
5 26
37 47
38
46
0 14 36
8 31 49
30 44

2
35
2 20 21 39
25 35

2

7 22 25 35
14 28 31
26 43

16 41
2 39
5 41
20

11

45
2 5 13 38
6
3 6
25 28 35
28 44
31 44
5
12
40
37
25
16 28 47
35 41 43 44
8
13 22
4 25 35 36
40
11 21 33
14 16 44
1 15 25 35
12 32 35 37 41
2 6 20 30

10 22
41
0 7 36
37
26
24 29 48
2
16 19 48
20 46
7 21
3 7

12 25 29 35

49
25 32 35 40

27 48
25
5 9 25 27 43 49

25 29

13
32 38
20 49
7 15 47
27
15
45
20
11 34
11
7
19 22 25 35 39
20 36
15 38
5
35 41
25
10 25 35
6 23 30
12 17
9 10

11 25 34 35
12 25 35
14
36


17 19 20
35
5 25 35
14 15 23
2
6 10
7 10 28
35 48
41
46
5 46
25 35
13

48
4 9 44 48
11 26
11 12
40
25 35
4 25 35
9
10 18
9

22 34
26

45
25 35
25 33
19 25 35
5

14
22
1 15 26 30 45
4 6 16
26
29 30 33
36
25 35
8 46 48
10 35 44
15 32

7


5
11 32
4 6 10
26 29
1 31
0 44
49
25 35
20 29
11 18
38
7
0 22 34 38


9 15 30
25 35 48
13
2 14 37
6 26 33
9 11
34
7 31 32
0 44
6 29
4
4 25 35 36




23 25 31 34 35 38
24
36
42
3 22 47

25 48
43 48
14
34
9
41


10 44
2 44
40
1 25 35
7 13 22 49

14 25 35
5 24

3 26

19 25 32 35 42
42
17 37 46
11 23
27 42
17 22
38
19 20 29 35
39
48
5 10 30
17 42



36 42 47
30 34
33 43
0

5 9
46
39
21 40
0

16 31
9 10
49
7
2
25 32 33 35
31 43
3 4
9 44
3 37
9 45
12 20 37
29
12

34
25 37
25 35 47
44 47
17
1 10
48
25 29
10 39
1 9 12 18

8 48
0

6 12 31
25 35 48


21
15 29 30
24
6 44 45 48 49
5 42

3 23 39
9 24
5
36

28
17 43
38
24 37
3 35
18 34
25 35

15 26
2 11 25 39
21 25 35


43
25 34 35
26 27
3 12
16 29
31 36
25 35

27
13 28 43
5 7
6
6 24
15 36 49
26 40
4
7 24
36
8 30

10 30
0 2 9 20

6 25 35
21
14
37

5 31

23 24
20 23 35 40
25 35 49
2 48
13 48
45
19
35 40
33 44
8 10 44 46
4 13 25 35
41
39 49
27 37
1 7 25 35
9

11
29
10 21
10 35
4 39 48

14 41
33
10 17 25 31 35 43
47
0 3

26
17

4 10 25 34

1 6 19 29 46
35 44 47
13 17 49
18
14 24 45
34
34
18
2 40
25 29 34 35
11 42
0 4 14 15 25 35 45
41
5 25 35


8 27 37
31
5
44
23 46
4
47
9 18 32 34
5 24 33
16

11 24 41
16 29
13 23 27
2 30
13


8 18
6 14

8 14 31 34 45
16
7 10 35

32 45
15 25 35

29 35
35

25 35 44
2 14

29
18
7 11 25 35
16 19 25 37
6 44
25 35
24 25 48
45


37
25
16 20 38
4 13 47 49

25 35 44
2 26


19 25 35 48
7 20 34
3 37
42
5 20
28 49


11

11 18 36 46
6
21
15
21
2 5 6 13 25
15

0 41
33 48
9
19 25 35 49
45
31
19
2 37
25 35 49
4 18 32 43
8

6 14
17

42
3
12
12 43
25
1 35
20 41
15
2 6 10 25 43

39
1 2 24

5 6 10 28 29
17

0 8 10
24 38
3
34
20 35 45
4 37
34 49
34
29
30 38
22
44
27 44
38
31 36
16 28
33
5 24
17 25 31 35
14 25 35
19 26 32 38 45
38
40
36 37
8 38
1

34 40
18 36
5
9 21 37

18 25 35
47
5
25 29 35
32

17 24 42
35
30 32 39
37
4 12 13 42
9 46
17 22
28 45
36
39 43
35
37
11 14


13 15 41
1 26 34 40
25 35
18
0
11
12 21 37
46
14 20 30 32

4
9 10 34 38
6
1 19
4 47
18 46
7 29 40 45
0
46
29 47
36 45
37

27 28
2 24 42
36 49

24

25 35
25 31 34 35
10 35 39
21 32
10 20
25 35
31
1 14 37

28
15
35
29 33 44
14
40

18 22
17 28
3 25 26 35 43
15
43
5 22 40 48
48
25 35
13 15 38 44
3 6 38 43
0 43
14
1
45
12
4 29
28
9
33
0 37
21
17 43 49
35
25 35
41

25 27
33
12 32
5 14
6 10
15 18
15 40

6 45

2 12
33 47


5 40 48
11 20
10
22
10
25 31 35 40
13 19 22

44
4
4 9 18 22 34
34
0 3 25 35
6
0 39
17 37 44
4 13
27 45
9 37
32
18
11 25 35 44 49
6 29
3 43
23

21 28 45 46
12 25 35
16 39
12 14
13
11 38
33
25 35 41
38
8 13 39 40
16

41

32 38
42
11 19
39
16 32 43

25 35
10 40
9 46
46
29 33
34 40

16 43
12 30 31 42
34 35
5
1
25 36
3 26 48
49
10 25 35 42

46
27 39
29 49
9 25 35
39


39
11 30
13
4 25 38 41 43
3
41

25 35
23 27
24 27 31
9 17 44
19 25 30 35
8
1 31 43
22

16 37
12
8

48
44
16
13
11 13
9
24


31 49
13
13 46
26 37
0 8 35
2 7 19 25 35 36 45
20
39 40
2
27
8 49

20
35
3 4 24
29


47
3 18
31
28 30 43


7 33 42
25 35 36
3 11 44
0 45
6 12 23 25 27 34 35

3 28 43
3 37 43

45
30
10 36
13 23 27 30 35 37
22 42

26 27
33
13 33 40 48


8
2 4 37
0 22 34 37
12 42 44 47

5 10 18
13 33
2 16
10
25 32 35


4 40
4 5 36
0 25 47
49
15

14
20
8 43

8
10 11 45
35 36

11 12 14
48
25 35 44 46
41
4 30
9 22 25 35
2 10
3 10 21

3 47
5 14 41
8 9
17


10 15
28
3
17

36 45

18 19 46
25 33 35
14 45

5
7
2 3
25 35
5
34

12 31

32
6 41 42 43 48
10 16
4 19
29 35

23 25
19 41
1 27 47
20 46

6 30
22
40
9 25

43

26 46

25 35
44
25 27 28 35
25 26 35

0 10 16 17 28 40
25 35
0
20 33
28 33 37
2 18 30

2
13 31
29 31
14 17
6 9 25 35 36
37 45 49

25 33 35
12 46
25 35
25 35
25 34 35
16 34
40 43
18
13 31 44 47


5 12 28
8
0 2
17
10
2 22
7 9 44
3

13 35
25 27 32 35
25 35
36 37
37
25 35 46
46
14
17 24
14 33
22 29 33 37 45
1 36

27 39
3 9 14 38


3 20 44
39
21 25 35 38
11 21
49
16
9 17 26 31 36
7 10 49
6 32
4
28
8 20 34
25 35
41
5 8 18



17 23
25 35 40
24 48
19
4
29
17 37
18 33 45


6 32 41 43
9 19 29
40
25 35
22 42
5 7 29
17
7 32 38
20
30
41 45

8 20 44

5 44

0 48
46
2 8
34 44
7
13 25 43
4 9 25 35
33
44

25
13 26 45

19 21
38 43
34
32 40


23 28 45
35
40
4 12
22
14 47
38


13 18 32 33 45
45
12 26
34 38
10
16
5
24 33 42 48

2 5 25

29
25 35
10 33 43

24
35
43 45

6
25 35
10 25 35 49
25 32 35
12 19

11 25
9 38
41
8
0 6 11
37 45
19
25 30 35 41
8 21 34 36 37 42
11 30 33 39
25
2 35 42
21 33
12 18
22 31
13
11


3

3 15 46

33 39
40
6 23 45
25
13 19 35 41
35
11 25 26 35 42 48


5

14
5 9
3 10

39

12

25 26 35 40 42
20
25 27 35 49
0 22 25 30 35


2 25 35
3
11
15


0 21 28 29
25 28 35
7
47
24
0 8 37
15
14
7 19 21 25 35
14 15 33 41
16 38
20
10 17 25 35
25 32 35
0 4 9 42

1 22
25
48


15


6 20 25 35 38
25 35 37
8
34
11 21 22 38 39
1 30
16 35
18
27 33 47
7 43 48
36 48

22 27 47
21
34
30 35

0 5 12 19 38
19 38 49

33

27

15 33
22 44
14
15 38 39

21 49
32 36
3 26
27 49
10 18

30 40


18 33 48
27 28
7 43
25 31 35

20 41
28
5
37 48
22
31
25 35
25 35
0 11
8 25 35
20
14 48
3 15 25 31 35
24 30 36
8 29 35 48
29 40
18 40
20 35 49
16 47
7
11
18 19 22 25 35
7 13 25 34 35
8
7 20 23 25 33 35
7 32 38
45
2 37 38 42
15
27
25 26 36
43

2
25 32 45

5 10 15 26
2 25 35
18
11 36

49
24
30
10 34 45 46
46
25 35
25 35

0
11
21
25 34 35 47
25 35
29
7 45
20 23 27 29
20 49
21 29 41

9
29

30 31 49
1 17 26
8 26 42
20
24 49
3
19 21 33 34 47
28 45
12 34 49
11 36
2 16 18 25 31 35
7
46
4 14
15 25 35
41
4 44
35
38
17 49
2 6 26 44
7 18
33 44
2 20 38
31
13 41

6 43
4 20

7 28 46
2 30 31
44
6 25 29 35 47
44
7
30


32 47
21 48
25 35 48
6 47
5 20
10

7 32

42
3 25 35 49
15 43
33 36
1 23
32
32
35 45
16 40

12
25 35
20 28
25 35 47
8 18 47 48
20 25 35
20 33
8


1
23 30
10
30
36
24 43

31 37
33
17 25 28 35 39
6 25 35 41

9

12



9 15
10
16 38

18
24
25 30 35

27
11
38
8 28
18 25 35 44
37
4 48

40
36 39
40 44
17 18
10 34
49
11 48

12 30

43 44

19 46
34

23
24



26 48

7
3 18 36
44
25 32 35 41 42
14 24

16
46 48
4 45
25 30 35 47
25 35
10 43
7
7 21 23 39
3 49
12 23
0 34

18
30
17 34
13 14 43 45
25
2
19 21 23 32
37
25 34 35 37
17 36
2 16

7 18
10 32 44
0 27
18 36 40 49
0 31 40
16


15 33

3 15

1 25 35 49
5
2 8
9 36
43

12
25 35 44
10 25 29 35
1 20


16 39


10 18 33
3


0 24 25 33
16 20
46
35
19 25 35 44
30 48
36
25 35 42 43

4 19
26

17

19 25 35
4 16
10 29
14 16 32 36 40
23
14 22 33 39
5 25 40
24
18 26 27
25
1 3 33
13
14 38

49
25 35
29 34
14 25 30 39 45
11 21 30
8 10

29

5 16 39
25 35
2 10 25 35 45
28


37
1
11 22
38 48
38
24 43
16 23 40 48
0
23
1 21 47
1 23 25 35

3 18 34 35
11 21 25 35 38
17
5 29 35
5 13 49
25 35
32

29 35

25 27 29 40 46

3 5 22

8 10 27
2 17 29 49
3 24
3
4
7 20
21

2 41
35 36
46
25 35
5 48
18 30 32
16
43
1 25 28 35 39


13 36
20
41
13
23
10 15
1 38
29
41
11 22 43
30
29
35




0 13 42
24
24 44
38
30 31 40
32 45
33
13
21 28 31 32
38 45
9 25 34 35

9 11 22 48


15 21
12 25 35 36
38
5 16

45 47
25 28 35 45 47
4
11 13 16 20 41
42
22
3 32 49

12 45
24

11
46


19
25 32 35 45 48
7

20
14
8 33 35
46
12 19 46
15
16 37 39
25 29 35 47
7 32
3 7 20 46

0

14 23 28 37
33
9 42


12 16 24 30
35

20 34
0 23 28 48

33 47
15
42 46
26

15 40
20 38
2 26
0 12 27 28 31
11 44
17 29
48

11 22
3

1

34
0 25 35
7 25 35

21




25 35

9 12

11
3 13 28
25 32 35
25 35 45
29
25 35

7 20
5 25 35 43 44
13


7 15 32 49
4 14
38
1 25 28 35 46
1
8
20 32 43

23
9

30
23 44 46
21 29
2 19

44
4 12 44
2 29 30 33
29 43 47
26
39 40 49


17 19 25 37 46
18
19
30 31 37
7 20 38
16

12
0


14 34
4


45 49
5 25 35
10
19 20
29
19 25 35
16
27 46
23 29
0 13 25 33 35
10
12
25 35
13 33
5 41
2 9

3 38 45
0 33
25 35
8 17 25 35
16
0 1 23 34 48
0 39
14 26
39 49
14 17 20
7 19
24 47
45
41
17
46

0 7
44


15 45
2 17
22
5 29
12
38

33
11
21
1 25
32 42
9
5 9 42 44 45
25 28 35
42
45

4
15 25 35 38 40
20 35
36 37

4 12 15

8

45

46

4 7 25 35
37
38 43
17 24 48
21

33 40
27
1
11 23 37
22 37 44

29
22
30 42
0 25 35 48
43

8
3 29

32
16
1 4 24
14 22 28

17 21
2 15 25 28 42
20 46
14 33


36
13
3 25 35
24 37 38
7 27 35
0 9 27 36
25 31 35
1 40
5 6 11 12
18
0 17
34 48
0
20 34 37
38 42
8 34

42
25 34 35 38
21
1
45
17 27 45
35 45 47
8
25
36 47

9 46
22 23 44
36
36
32 44

7 29
13 23 48
11 18 40

24 39
7
23
22 26

32
40 42

12
11 24
14
6 25 35

25 35
2 24 35 46
22 37

25 35
24 25 35
10 18
12 13 14 28 43
22
25 27 35 42

8
9 37
19
9 39

15 24 25 35
21 42 44
20 48
0 48
10
25 27 35
9
49
4 21
22 29 43

39

23 25 28 35
5 17
15
2 13 44
6
11 37
3 24
5 12 15 16 21 26 29 36
24
10 27
0 28 29 43

1 24 29

10
28

2 4 25
21

19
32
36
9 23 25 35

1 26
15
32

25 35
3 18
1 14 40
24 25 35
0 24
17 24
18

40

38 39


33 41
0 8
9
12 23 25 35 39
43
17 34
19 29 37
14
31
4
1 29 42
23 25 35 43
20 31
11 25 35

1 4 30 40
35

47
8 34
16 23 33 39
13

5 11 27 36 49
30
6 7 9 26 27

25 33 35 48
16 30
38
7 48 49
23
30
7


7
34
23 26 46
6 25 27 41
25 35
15 18 48
24

37
25 35
7
26
15 25 31 33 35 36
7 32 46

15 19
6 22
25 35
29
25 35 46
9 38 39
5 24
13
18
2 30 36

25 35

8 23
2 13 21
47
5 13
39
22
26 45
19 22
10
18
0 2
45
22
14
15 21 48
1 8
25 35 36 42
36
24
23

22
24
23
25 35 42
31


49
20 25 26 35
9 10 29 32
18 35 37
9 19 48
33
46
6 29
30
23
30
4 20
32 43 44
8 40 49
5 45
20
11 41
3 6 30
2 24
38
2
3 9 36 43
22 31
18

21 47
7
4 14 23 42

7 8 17
24
13 28 36
34
48
15 20 44 48
46

4 17 36 44
23 43
15
4 43
21 27 30

2 21
36
34
43
35
32
36
23 44
6 22 27 49
18

12

26
3 18
8 18

26
39
12 32
43
42

33

32 40
16 37
2 40
48
1 6 15 41 47



17 31 42
8 40
7
33
18 23


19 28
27
4
4

24 32

11
37


30
4 30
0 17 18
7
0
15

48



10 38 44
4 12
5 20 29
48
7

22

17 31 34
20 29
11
22 37 38
15 43
3


17
10 24
19 22 43
1 24

23
41
20 41
20
26
1
27 48
0



18 33 38 45
3 37
4
31
10 43
38
20
0 21
3 17 33
2 20
15 19
38
49
0 23
3 18 28 33
0 8
3
24 30 34
1 15 44
31

17
3 16 39
43
39 46
48

1 4 25 46
5 23

8 38
17 28 36 43
13 26
10 13 36
32
45
21

8
6
40
2
15
1 41

20 27

49
7

5 35

1 4
12
16
3 28 33
16 32 39 41
6 34
22 26
14
34
8
11 46 47
34
27
47
32
10 45
47
27
0
31
38 45

17
5 17 48
33 42
7
6 15 25
40
6 18
0 26


19 47
17 34 45 47
37 40 44
23
36 48 49


21 38

20 26
18 29


21 48
34
17 37

4
25
46
4 24
21 43
0
44
37
8
48
38
7
40
20 29

36

36 41
33 41
6 40
38
23
27
25

35
42
46
18 31
18
41
1 46 47
17 43
16 20
39 47
27 47

45
29
45
42
10 13 17 20 21
25 31 48
4 36
36
5 37
12 16 43
3 13
4 12 17 32
2

14 19
0 17
21 45
0 2 20 28
6 34 43
24 32
11 14 19 29

6 35

42

0 27
33 40 42

43
18
4
21
0

45
17 18
17 30
7 16 32 42
46
31 35
14 46 49

5 8 26 28

17 21
2
4 8 16 21
4 16
11

49
22 40
12
40
1 3 32
33
29
9

35
5 38
13
16
20 23
29 48
1
9
14 30
14
6 26 32 43
18 32


36
35
18 30 48
2 18
16


2


14 30

30 35

43

18 37 49
45
2 9
23 29
13 26 42
0 31 43
44

15 33 45
11 19


35
10 25
20
16 39
7 46
14 20 28
1 21
20 26 32
46
12 16
17
41
2 3 20

44
36

30 48
24 31 40

11 17 18 26 31
14 27 37
17 26
4 23 44



17 25
8

41
15 21
0


4 6
13 36 46
0 15 33 37
1 8 16 30
14 22 32 33 36
32 33
17

42
23
11
14 31
0 1 3 5 24


46
7 43
19

10
48
5 16 22 37


47

38 44 47
40
47

44

45
1 47
39
2 32

31
11 29
5 9 38 40
39 49

0 15 33

28 44
6 28 40
37
30
42
29
7 31

11 26 49
8 10
20

4 42

16 31 33
21
10 24 46

8 18 25
14 30
8
32 40 47
10 17
8 48
38
43
4 5 36
1

8 47
18 36 37
19 27
5 17 34 35

7 11 34 43
35 37

9 22 32 45
2
5 22 38
24
41
8 21
3
24 27 40 46
2 14
5 30 33
26 33
29


14 45
41
25 29 34 37 38 39 48
24 44
8 32 43

12
3
4 14 41
13 17 42 46
23 37 42
16 35
15 36 47

2 37 41 46

19 20 22
15 45
45
6
25
41
3 7
3 9 26 36
0 4 12 30
12 14 39 49

7
3
11
13 35
8 10 12 30 36



3
47
28
35
21
17 26 36 37 45
37
5 22
4 8 31 39
23 29
14
14
27 37
25
6 33
36 46

22 26
25
24 28
36
33 38 42
39
5 15
31 35 42
21

14
6 30
2 11 19 28

0 10 36
12

14 33 44

23 26 28

12 42
28 44
31 35
41
43

3 41

46
21
0 39 41

42
11 24 38 42 44
19
3 15
6
27 47
18 20

27 48
4
14
20 28
15 18
31
31

7 14 17 47 49
29 34
0 4 30 45
31
7 16 45 47
20 29
1 3 14 15 18 19
0 30 33
28
24

29
27
31
42
0 2
48
20
31 40
7

41
16
34
6 44
18 24
24 44
17 48
49
29 34
35
3

20 33

22
14
29 49
17
24 41

3
14 16 32 47
37
33 45
1 9 13 15
33 40
26 33 41
21 23 49
2 49
4 15 47
6 21 22 31
34 45

17 23 31 48
19 33 40

30
23 30
39



28

16 18 29
4

44
6 12

5 42
4 15
6

20 41
13 16 29
13 38 41
15 42 45
4 17
0 15 18
3
0

10
16 19 29 48
2 12
21 35
7
3 34 48

16 24
11 38
11
0 1 4 23

34
31
9
4 11

9 10 19 38
35

4 10
0 7 46 47
9
34
4 12 20 44
28


21 46
36 42
16 26
13 29 31
14
32

7
42
9
11
32 47

8 9 15 26 40 43
0 47
10 34
18 27
18

22 40
8 29 46 48
15



28 47
37 46
5
31

10 22 26 34 44
17
41
37 46
41
20 43
27
25 38
9 26
14
14 17 30 43 48


6
24

30

33 38
20



2
2
49





33 42 44
3 37
27 29
19
8
37
42
9 21
2
46

35
1 32
37
2 39
12 16 24

29
2 39
1 45
8
48
4
38 40

19 32
33 34 35 41
0 12 31 40



36
43
20 44 46
2 10 17


48
7 27 39 40
28 36 48
15
25 39
4 35
15 19 41 47
12


40
9

19 31
36
2 11
8 31 33

22
3
12 23 30
6

2 26 34
18
20
3 37 42
3 37 47
4
21 33 34

2 22 26 31 46
5

31
27 31
47
32 47

46
34
49
32


15


13
43
7 11 27 47
30 42 48
28
18 29 46
32 46
16


24 31


5 15
38 45
4 7 25
18 29 49

47
40
6 32
24 42

36
45
37

26 41
19 43
14 49
49
26 42

4 11 14
18
43 44
43

30
11 32 40
4
13
12 29 43 49
31 46

44
36
7
11 12
9 13
7
21

3 32
37
14 33 44
26 44
45
36 45

1 4 12 26 36
0 43
0 4
14 20 32
2 30
30 32

5
6

33

11 24 41 45
44

5 41

1 4 18
23 46
22
3 16
13 37 39
6 25
4 29 30 40
28
2 8 14 31
46
4 16
30 45
43
0
12 39
38 47
8 21

16 17
4 49
5 17 20 34

32 34
46
11 29 33
13
5
0 28
5 22
21
2 19 38 43
43
16
12 40

16
15 32
47
25 32 40

16 17 29 44
2 44
16 18 26 31
0
2 27
23
15
23
28
4 39
20 43
23 31 32 36

20 29 32
35
45
2 7 49
24 29 38 41
1 13
0

4
17

11 37 45
11 33
18
33
45 49
26
5 35
38
7 20 21
22 47
17 29 46
37 38
27 33
11 19

36
0 41 47
14
38
36
5 19 27

11
17 27
24
5

0 21
32
5 7 19

12

2 29
1 3 7 26
1 27
4 36
11 16 17
1 27 29 30 37 39 44
35
40
14
10 14 27 47
2 10 28 35

3
4 20 31 44 46

0 40
18

29 37
9
0
0 3 8 32
3 7 9 15 34
28 29 47
10
9 21
9 46
7 18 40
45
37
29
29 40
24

48
19 36
13 22
15
32
26
3 25

0 17 20 42
30 31 35
45
14 45

0 7 17 43 48


41

3 39

3 18 42
1 25 47
3 16 28
10 43
18 41
48
0 8
14 33 37
16 22

12 34


46
14 21
9 13 15
49
49
21
15
15
11 44
31
8

4

5 48
16 22 43
38
2 6 39

30 45

14
12
15 39
6
38 42 48

36 43

2 6 19 49

4 7 31

6 9

15 21 46
27 48
19
8
16 30
19 40
44
13
20 27
5 27
2 36
8 13 25

31 42
41
14 24 49
7
24
28 46

25


32
9 27


14 41
3 25

14

32 47
13 20

33
0

25
11 24

21 38 41
7 44

7 28


5 12
13 28
35 37

15 24
13
20 35
18
20
1 14
24 44
7 11 15 41
47
4 25 30 31
27
1 16 25
13 22
48
20
29
16 31 33
3 22 47

9 24

9 27
1 18 22

16 33

12 13
4 43

39
9
32 39 40
5

2 11
41
27
12
15 30

21
24
28

1 42
32
33
2 43

22
0 2 13


31
32
10 13 19 25 33
24
45

15


11 43
3 4 17 35

45
3
6
8 15 25
35
3 38 44
5 9 28 37 44
5 30
37
7 34 46
24 41

3
0 11 31

1 5
1 20


7 42
36 41
27 33 45
22 25
9 24
45 47
20 27 44
4


32 49


5 9 27 30
3 43
6 9
25

30
27
4 34 37 45
1 11 22 24 37
4 6 21 24 40
7
3 11 18 42 49
27 34
13 31
23

18


1 18
13
4 36
16 32

23 36
10
7

27
37 46
14 29


34 46
17
48
29 45
25 27



37 41
38 45
31 41 47
18 49
32
6 7 29 42
27
0 24 38


20 37
26 43
17 38

3 18 46
11 43
20
10 19 37
13 42 44
5

40 41 44
3 22 32 44
8

28 43



18
24
1
25 32
13 37
15
14 31 42
2 8 17 45
5
16 35
9 48
40 44
41
11 20 28

48
7 12 18 20

25 35 44
27
1 12 28 45
4 36

4 32 35
6
28 33
21 36
9 29
10 36

11


5 37 49
35 42

35
3 42
1 7 8 36 48
1 27 43
0 5 10 24
28 44
18
2
38
26
34

12 19
7 14
24 35 40
29 36
29 44


27
8
48
49

6 22 25 32 40
31 33
1 10 14
24

8
14

7 40
42
36

1
1 18
7 27 41
21 26 47
17
14 38 43
16 21 43
4 22 40



29

12 20 46
42

5 10 22
4 44 45
32 36

19 43
7 21 32
30 44
18
21
17 28
8 18 35 49
3 23
6 41
1 26 32
21
4
19 26
28

10 48
8 36
26 33
35

31 38
35
10 11
6 19
20
33 40 41
4
15
10 20 42
10 12
21 40
27
2 12 40

7 48

14
4 24
34
3 44

6 23 40


10
22
25 45

6 20 32 34
40


4 31
7

4 23
23
36
17 31
23

8 22 23 34 41 43

7 48
30
38
2 44
2
15



26 35 42
33
26
31
29
46
27
2
42

7 31
7
3 13
13 45
41
45
0 33
26 35

5 16
1 49
37
25 34 39
23
19 39 48
34 38 44
8 28 42
13 33
21
4 44 47
18 29 44

5 6
12
20
35 46
28

14 36

3 42
15
17 31
7 25 26
6
0 18 39
3 11

14 17
4 32
29
33 46 48
23

3 13 22 46
5

5 35

9 10
48
34
13 40 41

39
18
0 38 39
3 5
30

43

0 42
16 19
10
9


47

36
11
34
4 22 29
36 41
28
12 18 36
27

44
34

26 48


17 23 41
1 3 32
3 7 45
43 49

25
4 33
14 30
10 14 41
18 24

14 38
28


24
8 21 30 36 42 46

49
9 30
7 41
19 27 33
26
9
40 41
25
11 49
9 26 34 41

6 42
32
4 47
7
9 12 42
36
11 41
9 33 37
30
8 31 34

19
47

13 33
8 19
25
25 27
36 41

3
31

12 45 49
7 8 17 23 30 43
35 47
7 9 28
45
49
9 12 16

30 36
4

6 8 14 19 28
23
12
3 32 49
0 3

0
7 12 48

11 18
2 46

29
45
33

18 32
22
19 22 44
36 42
23 42
2 32
7
2

5 6
19 36

1
29
48
9 16

5 42 43 46
13 23 34
10 30
28 46
0 21
27 41 48
21 43 48

28
34


2 5 35 37
9
10 22
47


8 48


4 35 37

1 18 38
39
1 23

34

13
40
21

1 29

34
31

21 47
1 2 7 37 45
22 44
34

6 34
43
4
16 36


31
21
33 39 46
18 22
44
48

39 45
14
29
29



7 31 43 48

1 30 38
10 14 28
6 16 36
27 36
5 11
4 23 38 41


4 8
36 38

23

3 20
32 46

28 37

2 32

8
19 20 37 48
34
21 46
12 22
17 32 49

18 25
19
41 47
9
3 17
8 10 45
9
18 44
5 7 32
3 5 22 25 38 43

21 31

22 30
25
5 14 15 22
5 19
9 11 12 28 30 32 35 36
42
19


4 18 20
26
7 13 18 32
6 10 23 24 31 38
4 13 28

15 24
1 7 45
41

35

18 23
10 19 27 34 40

34 45


8 16 28
18 33
1


42 43
9 10 23
11 18 37 40

2 33
26
28
2 4 36 43 45
17 22 48
4 42

35

6 17 18
6 17 35 44


17 29
28
30
13 44
19 22 33

12 27

42
19 33
19

26 40 47
37
5 49
12 32 44 48
15
23
11
6 14 21 29

22 31 44
0 43 46
21 42
6 10 34
18 30 47
20 22
43
14
2 21 36
1 2 18 20 45
6 41
32 45
11 24 45

39
40 44
24
2 41
4 5 9
17 24 41
10
12 18 43
16 21
5 21 43
26
0 15 18


29
40 44
9
25 31
2 19 23
31 37
26 34
47
22
9
24 43
5 30 34
11 20 49


7 38
33 40
32


19 47
40
19 29
15 27
22
3 47
20 48
12
29

14 35 36
3
26 40
7 30
5 14 24 40
3 37 45

28
1 16
35 39
17 41
7 13 24 25
6 15
11

35
0 12

39
30
26 31 48 49
38 41


18 34
18 25 42

19
11 24 41
17 48
6 11
2 44

1 3 42
15
1 17 33 46
44
3 7
26
14 27 36
0 9 28


32

29
5
4 25 43



13
16 26
31
31
0

5 10
37 41
43
5 27 36
27 43
1

42

1 32
19
37

20
26
12
7

2 13 29 39
15 18
2 30
1 33 40
16 40
41
23 42
36

2
19 34 38
19


0 11 19
32 33 42
20

11 26 39
17

29

19
3 7 25
19
48
36 37
3 6 25 43 46
43
26 41
33 44
40
29 36
3 39

22
12
5 14 49


18
7 34 46

1
30 40


10 28 30 39


2 45
35

23

5 7
39 42
44
4 19 30
28
39

30
37 40 47
21 35
17 48
29
17 42
26
30 36 38
7 38 49
17 43 49
13 16 31



36
2 32 49
4 41
22 25
20

30 31
6 25 33 43
45
25 43 49


2 36 40
40 46
43
29
0 1 37
19 39

10 45
7


23

29

20


8 35
32
13 20 25 43
6 16
10 35
34
8 45
30 46
16 17 43 48
12 47
29

41
6 21 31 35
3 48
43
23 40 44
36
25 27 32

12

16 28 41
22

29

27 31
34 49
32 45
28 32
9 27
18 49

13 32
21 49
34

18
6 15 27 40
33
36
33
15 23 29

16
4
41 49
38
43
15
39
18 37
17 20
12 13
47
6

5 30 42 46
18 22 24 39
15 36
35
9 14 17 19
14
1 23 31 44
33
18 29 32
32
13
46
38
5
43
27 33
34

19
1 6
15
9 48
39
18
11 12 16

15 29
29 31 33


12 25 37




30 36
5 10 32 38
48
18 25
19 32
14 31 32 43
14
37 39
6 25
33 39 40
10
14 27 36
9 25
31 33 48
38

1 33 45
38
39
15 25
8 14 24
2
12 13 47
8

27
0 5 39
17 23
10 45 49



1 34 39
18 29 30 36

41
15 30 34
4 8 13

21
25
0 8 35
6 25 40
47

6


24 49
3 7 11 38

27

13 17

10
4
17 38 43 44
19 28
14 32
34 45
38
33 39
8 16 37
6
5 16
17 34
4 6 9 23 41 49
3
5 36 48
34
42
9 16 19

17 49
6
3 9 47
17 35
29

41
21
42

30 38

23 31
7 11 39 45
34 47
35
30


18
4
9

39
22 36 38
41
20 30 36
7 21
13
43
15 27
43
35
0 10 33 40
41
9 11
1
14 48
28 42
6 14 43 44
0

0 6 15
26 39 47
9
34 42
5 49
12 15 24
6 17 18

15 33
25

0 49
6 26
23 46
19 42

0 1 7 24
42
6
11


2 22 45 46
44
6
39

29
14 18 48
37 47
43
2 3
7

6 8
12
49
7
1 10 34

24
21

16
17 31
11 16 25 34
7 28 35

31
20 49
32 45




26 36 47 48
25 27 36 39
32
26

3 13
21 46
40
1
25 39 46 47


48

13
37


10 31
23

0 5 23
42
20
44
1 46
17
9 37
1 9
34 40 41
13 37

1
13 23 47
15 41
23

0 13 17 29 42
8 20 49
9 13 19 38
3 30 39
9
28 39
19 26 39

13 15 24
34
3 25
18

3 7 35
0 38



3 6 25 42

12
9
5 8 21
27 37 48
29 39

1 11
26 41 47
40 45
12 25
29 33



24
6 27 28

24


14 19 33 41
46
9

4 29
2 13 15 25 37
2
13 33

10
41
12
41
48
47
11 16
2 5 6 25
41
13 23
11 31
9

1
1
9

28
19 26 44
8
6 24
34

14 39 47
8 27
34 49

25 42 49
25

11 31

31
0 8 42
7 16 49
44
22 35
17 48

44 48
4
18 25
43
21 31 39
3 10
0

17
3 15 19
16 20
4 12 26 38
10
11 44
3 21
12
39 45

22 39
19
30

39 41 42 49
49
46
3 24
0

21 27 48
28 40
6 7 25
19 24 27 34
16 23 34
1 8
28 39
8

12
5 11
13 46 47 49
34
3 39 43



37 39


2 22


40
19 31 34
13 20 41 46
19 29
6 19 30 33 40 41 48



0

34 44
39



34
3 34

48
27
25 43
7 43 49
8 41
3 28

5 18
39
9 14 42
30
8 35
3 5
43 45
4 10 24
5 30

0 23

34

48
19 24 31
0 1
19
19 21
19 32


32
17 42
14 17 20

33 39
37 42
0 25 43

20 21 27 37 42 47
6 42

10
3 13 30 31 33
1
1 24 30 40

0 35 46
16

39 45
46
2 48
6 25
35
13
48

3 46
8 25

34
20 24
16 33
8 11
5 6

38 39 43 49
37
1 32
22 30 32 39
22


11 38
4 12
11
9 15
3
21 40
8 14 16 23 35 44
30 44
31
36 39 47
15
9 19 31 36
2 25
11 31
11 17 32 37
0 3 23 40 48
22 31 43
11
37

28
6 7
12
29 35

31



12
8 14
23 24
13 31 43
31 38
26 38
18

36
28 34 41
15 27 30 45
12 14 36
3 17 47
27
30
10
46
17
13 29
18 48
13 22
4 29
11 13 27 31 47
8 13 25 32 37 44
48
35

2 39

28
14 39

21 33 49
34 37
1 15
4 23 46
23 40

13 31 38
1 44


35
18 22 33

8 10 12 16
32 35
7 17 25 37

5 25 26 33 35
0 8 9 14 27

14 19 20 39
35
29 35 41 49
2
2 37 38
47
0
1 41 47
25 29 43
19 40
18
8
28 33 48
2 46
34
16 17

36
1 12 17

0
28
21 26 30 37
6 29

13 28 33
46



8 12 15

22 38
8

22 36
4 24
28

0 31 41

5 11 45
28 46

1 4 43
4

6 14 32 43
22
6 11

24
3 9

24
8 38 42
5
32
4 7 36
23 49
47
30
3 33
11 17 23
28 43
6
28
42
7 18 34

8
2
9

17 33
30
18 20 25 46
14
0 14 31


29
0 21 43
3 23
19 21 25
16 20 41 43
48
7 39
1 11 13 19
42
27 40
11
9 15 46
8 38

1 22 42
44 47
17 38 45
44
39
41 46
13
6 11
4 35
23 25 32
13 21 30 49
21 43

36
21 25 27 29
23 26
10 28 48
32 41
4 35
6
2

29
23 45
12 26

19

30 40
18 21 22

2 25 26
0 1 20 36

1
7 16



30 37
42
45
38
8 16
41
17 19 48
21
14 29
30 44 46
13 21 42 49
17

28 33
37
36
9
14 17 44
5 11 16 29
24 32
12
1

4 19 30 37
11 35
44
0 41
11

17
44


19 43

39
37
17 27
35 37
9 20
8 41
15 28





0
26 37
25
37
34

34

30
4 40


4 11
49
31 38
30 48
15
18
14 42

12

6 9


17
16 38
6

1 2 10 27 47
42
42
12
4
15 17 38
15 28 49

29
0 39



48
3
0 11
3 15 44
4 6
3 38
17 25 46
14 40
2
35
2 11 17 32
5 17 30
15

4 14
47 49

37
6 11 27 48
3 23 37
35
3 20


16
5 16 35
8
10
39

23 33 43
2 20 21 26
0 43
29
13
8 38 45
11 13 18
24 31

6 14
29

45
45
2 36
2 28
23
3
44 47

19
9 45
1
26 32 36 48
0 31 41 46

15 18

4 24 44

31

33
2
1 6 12
3
17 24
18 34 49
47
9 28 36
2 7 41 44
30
32
8 19
6 12 24
6
25
27 37

19 21 36
40
9 18

3 38
18 44
9 16 19
11
19 21 29
12 29
2 14 45
30
6 7
15 46
14
17
9 23 26 33 42 49
22 43 46
21 35


10 29 40 44


12 18 28 30 35 43
29
4
12 49
33
15 44 45
19 21

7
45 48
13
45
6 10
10
36
21

25


0 6 17


28
8

2 15 18 24 37
1 20 31 40
2 49
18
38
10
7 28
13

30

20 31 40
28
47
4 43

48
15 27 38

16

11 15 17

22
36

10
15 43
49
8 25
22 28

31
28 29
27 40

36
12 21 39
5
29
2
12 20 22
1 6 47
41
4 5 12 28 43


25
41
3 22
13
13 20 41
14 33
22 41 45

28 43



19 38
26
6


13 21 49
17 36 47
8 48
8 15
20
5 6 35
34 40


4 7 20 35

16
13 43
26 36
3 16
2 42 49
6 18 28

26
13 34
30
29 36
11 25
2 33
31

7


38
2 22 29
36
38
26 38
12 26 28
4 13 35

11 44 45
21
32 33
14

0 2 22
4
5

11 23 28 38
17
16 24 47
9

9
32 42

1 4

14 34
31 33 38
31 47
22 49
4 22 34 43

18 42
9 11 35

25
23 33


9 14

10 27
12
16 28

3 19 34 49
0 20
12 29 41
10 15
19


48
10 45
20 44 49
20 33 49
49
1 4 7 44
33 45
33 41 43 46

4
44
25
8 25 39
6
2 25
11
36
21
24
11 19 24
4 5 9


11
48

3 19

7 14

2 25 47

15 24 40 45

35 36
3

8 13 19 32 47
16 28 29 39
9


23
31 36
27
4 30
28
15 16 38
10
36


30
11
20 24 34 37
33
34

6

11
18

13 39
17
9 23 24 33
3
28 40
43
1 16 33
36
29
25 41
36
3 35
24 25

20
9 19 48 49
18
9 29 40
0

35 37
34
42
27 36 38
1 25 31 47
27
41 45
17

33 36
4 47
24
19 26
17
10 17 39
3 48
35
31 40
8
5 28 43 48
25 32
2
10 17
0 24 30
17
48
21 45
0 14

0 4 43
29 40 49
1 23
12 24
1
22 29
1 23
15 46
7 14
9 38 49
45
47
12 16

44 46
20

14 18
5 25 41 49
4
3 5 34 40
6 31 37
25 28


39
47
3 15
1 29

32
27
40
2 28 37
42
16
10
27
19
8 44
9 26



19
29
44
3 27


21 24
12
2 13 39




6 24 25 26
43

18 36 40 41
2 8

5


25 34 46
10 16
37
22 35
8 36
1
38
2 33 49
41 47
3 20
0 6 20 34 39

43 47
17 29
17 30
47 48
26
8 15
36
24 34
13 22 24 49
20 22
18 44

6
24 44
46 49
29
12
47
27 34
12
36
35 36
18
1 33
9
26 28

28

14 17
34
22
35 38
36


2 30
39
1 3 34

21
33
39
3 31
18
28 39
5
23
41

36 39 45
32 34 41

19
0 1 12

8 25 44
46
15
23

18 37
11 14
16 23 39 42

12 19 33
6
3 6
16
35
0 7 27 28 36

24 31 34 39 43

22
46

0 28 49
9 13
21 44
21
32
22
0 1 27
9 10 37


6 39 45
8
2 31
10 49
5

0 49
5

7 32

44
19 37 48

0 2 27
2 23 30 38
28
1

7 41
13 38 44
3 4 9 34 37
10
2 34

18 37 48
2 29 31 44
29

20
13
48
26 35 36 39
20
19 22 27 29 48
36 42
33 34
16
5
12 44
36 39
2 24
16 35 44 49
27 38

17 25 34

8 47

9 15 25 36
44
39
28
43


17 25 38
7
12 31
12 48
15
6 26 34
28
21 22
16
10 21 29 32

4 20 24 42 49

10 25 29
25

49

7 11 23 44

1 9 26 27 35 48
4


27 42 49
3 33 46 48
18 25
11 18 47
5
34 38 43
10
8 40
19 26
17


14 47
4

33 49

31


6 25 29
49
6 28 29
6
11
23 46

44 46

3 9 10 48
32
19
24 33
5
14 36
0 47
3 11 19 33
14 47

3 26 41
32
12 13 21 32
0 10
35

19 27 28 49
12 27 42
24 37
48
36 39

1 3 26 34
1 37
11 22 33
2 39

39
8 48
1 29 47

5 24 36 48

7 25 36 42 49
30
2 24 42
4 29
5 13 21 24 43 45
14 17 21

3 34


6
30 33
22 44
23 26
17 44
15 43
17 21 46
33

0 12 43
23 33
10 24
49

8 15 18 44

15 22 37 39
10
25 26
34
37 45
44
40
47
30 34


0
6 13
28
1 22
21 24
24 33
21 37
22 34

3 17 20 27 41 48
18 21
14 36 40

11


9
19 32 39
38 41 43 47
15

21 36 43
6 13 47

38
41 43
4 9 20

21 22 26
37
1 9 44 49
3 33 38
14 24 26
17 19 37
0 22
17 29 40 45
16 35 46
48
9

37
9
7
8 44
18 21 26
4 23

8 23
1
13 47

0 4 20 48
2 39
20
27 42
38 44


1
9 47
39

29


39


28

0 41

16 40

49
0 14
23 44


30
8 24

10
2 7 13 49
16 36
38

34

43


6 17 48
25 49
32
19 25 29

39 43
39

13 42

3 35
13 23
21

11 14
6
18 22 32
46

9 18 41 43
17 22 43
19 31 48
2
31 37
1 3 17 22 40
21 47

4
34
49
38
8 24 40
21
12

7 18
23
18 36
17

12 20 24
32
28
8 19

7
34 41 48 49
8
0 31
13 40
47
30 46 47
6 19
27

32
19 48
7 22 46
43
20 25 38
19 27
6 44

2 11 19 31
27 48
15 18

33
3 12 25
13
0 2 27 30 32
20 48
3
22 23 47


44
36 40
41
26 33 43 48
29 31

43
17 21 46

7
14 38
27 43
26


9
12

38



19
22 42 46 48
6
23


13 35


3 9 20
32

41

36 46
49
2 9 33 38

28
36 42

10 19 36 37
21
13 35
11 20 21 36 43
6 11
31 39 40
25
2 21
42 45
40
42

9 33

31
15 42 45 47
43

3 20
34
2
43

7 22 42

22

13 34
22
10 14 15

40 43 45
40
25 31 38
16 32 39 47
23
3 7
23 46
10 11 45
35
15 16 23 29 35
41
10 26
23
28 44
2
5
23
18 46
30 32
5 27 40
2 19 39
13 32

5 35


3 18

2 7 20 41

7 31 34 38

22 29 32 39
27 49
39 46

46
5 31 36
4 37
10
25
48
15 38
42


25 32 38
8 26 42 44

8 16 20 37
46
12 43
47
4 7

36
8 21 48
40
49
9 42

21 28
0
26
4 29
23
6 13 35
3
