3
15
2 18 45
38

29 36

18 21

16 18
5 7

11 15

5 14 19 37
6 15 33
6
38


14 22 36

8
15 24 45
12 32 37
3 26 46
37
42

39 47


35
2 23
8


24
1 22 24 30
40
10 25 42 45


0 35 49
10 17
34
4 5 16 18 44 45

9 42
30

37
0 9
47

4 40
12 14
1
9

30
26 38
6 11 27 47
37
36
27

8 13
41
11 14
10 35 37 45
4
3 35
20 28 44 45
26
5 48
4 15 26
31 41
10
36
29
8 36
49
27 29
15
19 33

16 40
1 20

6 41
7 18 21

11 26 37
42
14 26 27 29 48
26
11 29 41
18
29 30 35

12
42
16
16 22
24 25
48
18 36
3 32
46
12

1 4 13
13
46

15 17 30 42 47

19

15 45

22
35
15
15
13 18 27
26 32 39
5 41
20
6
29
31
2 46
13 28
0 18 25 43
13 14
17

47 48
23 29
3 6 20
8 26 32 47
10 32 44
34 41
19 23 38 46

1 3 45
29 33
15 22 27

11 15
5 26
16 25 37
25

48 49
32 46

10 19 34 44
32 37
10 11 17
3
14 15 26 34

4 11 26 43
8 20 26

30
14
23 30

13 18 43
45


46
20 36
44
31 34 46
1 12
11 34 42
0 4
38
28
23
34
8 43
20 28

0 4 44
5 6 14 15 24

16 31
11
43
43

24

21 44


13 22 35
14
6

33 39


4 26 48
15 42
17 37
4 41 45

15 42
8 18 37 45

37
29 44
37
5 14 21 39 44
39
37
20 22
38
46



0
8 32 46
10 26 35 43
18
40
12 24

6 32
9 20 37
2 18 32
1
29
10
0 28 38 41
20 28 31
8 17
34
13 42

28 29 42
35 44
21
5
7 11 30

29 39 47
3 43
21
35
3 8
43 44
35
24 41 47
39
15

3 20 42
47
29 44


11 43

5
11
12 24
22 49
0 28 48
31
1

27 32

12 31
25 31
1 11
0 24 48
9
19 37
37

5

0 2 26 34

2

48
8
11 27
18 34
2 8 9 25 49
14
14
38
45
18
19
37
24 33

20
2 20
15 35 44
14 18

20
41
2 28
37
23
3 17 32 49
46
20 25

27 39
19

1 35
10 45 48
14 22
20 26 44
19

8 29 40 45

41
2 38 43

18
46 49

16
0 1
2 25 36 40
12 49
8

16 24 29
0
21 29 33

13 36

41
26

30
6 16 20 30 45
5 29 33 35 37 48

17 37
3 7 31 35

14 30 37
1 17 28 45
22 36
39
14
1 34
4
2
13 41


17

3 11 42

13 48
30

5
37
8
28


7 15 19 24 32
11 47
9 32 48 49
5 11 26
6 18 26 49
28 45
4 23 26 48
23
43 46

11 29

17 46
12 40

22 31
14 34 40 42 47
6 9
48
1 4 12 22
5 48
7 19 31 38
8 34

3 26
17

27
18 45
16 33 49
28 43
40
0 20
5 10 16
33 35

21 24
47
39
3 28 32 36

13 37
30
9
0 19 32

8 12
14
14 31
22
2 44
10
14 32
11 23 25 27
43
25
0

5 21
36
35


0 22 37

8 18 21
11 14 26
4
47
37
12
5



37
1 37
7
30
33 43
15 18
4
8 36
47
13 28 41
19
9 41
5
3 14 20
47
37 38
1 13
9 36

7 21
24 27
14 19
46
36 37
22 42

3 6 30
43
3 41
13 15 24 44
24 35
29

7 21 46
21
15

32 38 39
3
40


24
16 43
13 28 34
3



1 2 31

0 16

39 47
22
4
4

32 43
33
4 42
9 19
32 36
30
30 46
21 25 43

39
1 40

21 28
19 33
6 37

46
37 42
2
20 43
24 30
0 14
40
17 21 37

4 25
23
29 42
36
26 35
1
18 26
21 25 30 36

14 31
15
1

40
10

42

48

22

12 18 31

5
36 41
43 44
17 25

16
35
6 12 37
6 13 18 28
22
39 45
47
2 30 47
10 30



4 23 41
30
9
30
3 42
30
4 40
3 20
7 22 35 41

29 41 48
24
43 44
22 28

15
12 44

12 13 31




31
0 27
7 26
37
25 39
5 18 28
29

5 36 46 49
6
8

36
20 27
17
15 37

0 14 36
40
2

17 31 47
34

15
30
26 30 33 43
46
8 14
49
6 44
9 16
24 44 49
33 48
26 47
8 21
30



12 26
2 6 9


0 24

26
1 15 25
45
10 23 31 33 49


0 6 48
15
35
5 7 34

3 15
5 16 17 21 43
34
37 49
16 23 49
2 12 34 38 39
9
29 45
11 22 30 33 41

3 35 48
6
27
3 14
49

28

44

26
44
8 26
30
13
9 10 18 25 46
23 37 38


39
19
38
3 49
30

26 37
10 24
11 24
22 28 29
28
15
7 33
26 44
19
12
41
22
6 11

19
26 36 38

0 24
20 42

8 38
17
0 8
44
42

25 29
24
15
22
8 25 36
2 3 22 29 45 47
40


10 13
15 28 45 46

48
3
22
29
6 20 46
18
45
0 23 44

9 14 16 20 47
37 44
7 9

12 21 26



35
37 43
20 42
36 45
1 36
0 29 34 43

2 20 29
5 9
27
28 45 48
8 49
44
14

38 46
11 20
2 26 28 48

6 18
0 23 26 41
0 33 36 40
47
1 17 33
12 20 27 34

19

9 44
26 27

2 13 19
31
2 18 35
2 24 33
1 18
4

27
5 23
34 45
8 33 49
17 47
44
32

8 44
1
27 44
12
37
13

24
7 11
4 20
20 35 44 48
0
9 27
2 43
16 28 44
30 46



0 22 37 38
7 13 28 40 45 49

5 21 22
18
4

38
8
12
40
6 7 18

12
1 33
37 39 43 48
24
11 44 46
5
7 10 16 30
4

13 43

29
7 42
13
1 16
2 27 29 39
5
32
8 34
15 25 38
40 44
16 25
13 48
19 43

5 7 15
26
10
28
26
7


28 40
40
46


0 25 28

41
45
13 28
33 44
15 16 22 37
16
21
9
40
8
22

1 12 21
9
6 12 29 49
9 34 44 45 48
21 42 46

10
24 40 44
46
18 30


1
29 42
8 10 11 15
24
5 43 47

1
7 14 17 23 24 35
25 35
17
36
27
12 44

21
0 12 35
5 21 48
14


31
25

1
3 34
24 41
42
25
11

29 42

25
9 38
20 25
38 39

22 29
0 15 17
38 40

5 29 32
21 34 38
44

11 28 37
43
31
11
12 48


13 46
33
13 18 26 35

10 24 30
9
7 10 16 49
10 38 46
10 48



39
1
26
16 29 36 45 46 48

25
4 33

11 19 37
19
15 28
11 25
14 46
30 40

13
32

3
30 48

4 24
6 27
14

23 29

18 26
16 29
34
40
43
0
15

25 33
9 25

7
43 49
33 42

13 15
16 21 41
16 19 30

48

8

8 17 26

13 47

1 26 37 49
15
20

47
20 36 42 43
21
23 49
13 15

24 35
0 20
0 37
12 16 34
34 37
23
15
6 9 19
13 21
5 9 49
8 10 25

9
46
1 22
11 26 43
23
24 42 48

26
8 21 31
9 29 42
34
39

8 11
38 43 45

7
2 19 23
12
24
1 23 34
29

3 12


0 3 15 22

8 19 22 28 35
40
3
33



20

3

18 43


1 40 45
29 45
4 13
23
11 17 26 34
18
24 42 43
23 37
21
38
19 46
26
2 20 27 33

44 49
6 16 29 49
29
18
36

3 5 8 10 43 45 49
7 12 23 33
34
4
26 33 47
16 26
11 33 45

2 8
31 46
3
4 12 21
33 44
37
8 10 41 42 49
25 47
4 29
6 9
16 27 39

7 30 33

15 18 36
7 42

33

12 24 33
44
37

34 37


4 25 32
24 26
2
12 33 34

24 44
1
15 25 30 45


19 42
4 17

23 38
19 35 42
26

17 27 36
10 21
13
0 1 3 10 34
22 26 39
6 16
45
18 26 35

49
17 24 33
21
15 36


0 22 34
34
19 28 30
8 9
5 8 45
23 33 43
5 22 49
7 35 39
43
37 41
19 23
25
21
43
36
35 46
42
2 26
32
29


0 1
1 26 28


1
2 4 15 20

10
5



24 29
35
3

8 25


33
11

29

44

6 8 34
20 41
3 38 48
5 45
2 9 19
15
22 36
40 41 47
36
1 25
10 43
2 4 22 42
19 30
1 29 32
13 45
18
25 32 35 42
0 45
14 47
2
15
29

12 21 37

10 41
40

16 33
41
49
9 42
16 20
26 39 40
4 25

3 42
45
19
26
22 35
23 47
4
25 42 47
31 41

24
6 33
32
18 24
12 19
7 49
16 29

5
30 47
46
9 20
3 28
17
1

5 14
21
35 41 47
6 9 21
43
15
0 37


17 29
27
26 30

38 44
7 8
24
47

15 34 36 40
19
26 39
21
16
1 25 38

6 11 33 34 36

45
47
18 39 40
20 24 33

38

6
36 46 47
26 45

5 29 30 42
0
40
4 38 49
4 7 29 31 33
46
25 41
8 19
22


18 38
12 26 46
28
5 20 43 47
9 18
4
32
43

2 3


42
29 30
22 43
28
8 27
11 19 34



22

1 10

0 44
5

4 5 19
19 36 38 43
6 40
38
10 21 29 36
43
16
5


24 33 35
10 15 33
29
17 32
13 45 46
6 26 32

20 31 37 40

12 37
13 19 35
27
32
7 16 21 32
16 22

22 40
32 43

15
8 25 32
28
0 7 8



4 16 20
25
23 31
17


32
16 38
11 29 34
49


7 29
10 16

38
32 37
36 45
21 25 28 43
3 34
0 2 27
13 18

6 18 45
10 30 37 39
35
23 30
10 33 48
6 28
1 48
31 37 39
18 46
8
13
15 18 29

13
3 26 39
7 32 36
8 21 30 33
7
45
17 24

4 11
23
28 33 39
2
15
30
17

24 28
24 41
3 21 38
0 45
12 14 16 17 28
1 7 11 44
3 40
6 32 33

37 45
7 12 45
31 36
1
5 20 25 37
20
11 24 47
43
14 46
7 17

14 46
48

38 43

9 49
35
29 37
4 12 25
16
23 37
27 48

21 32 44

1 23
38
18 38
48
31 41
46
17 36 46
18

29
12 34 37
7
22 43 47
33

14

11
5 43
12
17 19 22 29

38 39
29

23 45
3 20
19 28
4 6 7 38
43
7


6 22 30 42

6 21
12 30 40
0 6

45
11
1 15
4


14 39

1
14
30 41
13 23 47


20 21 29
43
5 25 43

26
35 45

23 46


22 26 32
3
0 25
38 43
20
28 46
37


33 39
20 39 42
1 26 44 46
17
18
10
3 12 15 34 47

6 19 26
30
43
2
2
38 45
5 36
8 41
13 38
2 3 8
5

7 44 46
9
47
7 16 33
20 38

7
9
46
14 28 35
1 23
39
26 29 31
40
39

10 11


6 28
24 25
7 31
28 31
22 43
24
31
7
21
35
7 32
12
13 33
33

26 35

17
11 37
34 46 47

6
14 19 28
29
5 30
11 13
36
15 35 47
27 40 42 44
9

18 37

15 46
6 20 42
1 9 16 47

31
23 25 30
49
14

9 49
13
0 35
35
31
43 45
27

46

30 34 36 39
33
4

30
49

15 22


0 13
48
6 8 47
38
3
0 8 22 38
29 48

35 36
22
35
42

22
12
3
20 47
0 36

2 24 33
14 18
6 14 26 27
23 37
8 37

8
48

7 47

36
49
7 20 44 45

2 39
23 47
10 39
16
1
42
15 32
21
41
27 31 36 43


32 48
9 18 26
30
8 9
1 24 33
38 49
5
13
6 23 27
39
13 39

17 27 33
29 49
41
31
22
6 16

29
27 44
37
0
32
14
18


27
1 19 44
13 28 40
12 47

1 19 33

46 48
48
3 29

2
43

31

46


35
20
34
15 19 36
10 33 39
8 12 16 23 46

14 24
29

17 19 23 43
36



44
22

7

13
4 13 32
3 30 39 45
10 20 26 33 44
9 12 27 38
39
5
20
33 46
2
34
35 41 43
13 37 45
45
5 30 48

20
15 34
16 34

8 19 21 48
20 44
3 11
24
7 12 32 38
9 21 48
3
46
2 3 8 41
7 9
23 35
9 12 43 44
23
1 27 41 48
11

16 25
3 10 31
3 48
20
49
15 44
15 43


22 28
10 11 43
7
41
31
9
8
30 40
48
48
4
47


34

35
5
39

31 36 42
47
1 29
4 9 19 34
18 36
19 40

7 41 47
23 25
2 44
14 20

28 48
30
29
38 44
34
7
26 44
23 31
34
23

6 8 13 14 19 30
4
1 16 44
11 12 19
18 48



25 48


27 38
4
1 37 49
41

22 27 42
35
10
12
37
13 44
24 29 44 49
20
12 31
48
33
4 49
0 4

18
10 47
2 31 48
15 24
46
0 2 5 38

15 26

18
0
10 13 42
20
5 42
11 25 31

14 16 24 27 32 39 44
1 14
8
30 33
2 17 25
18 33


25

11 15 49

19 40
17 21 46

27
8 33 35
33
0 26
1 3

43
2
25
24 25

42
24 36
6 14 19 22 39 43
34
11

21 24
12

11 31
24

5
41
9 46
28

8 31

23
0


44 48
46
32 35 41
10
8

13 16
18 38
4 31 38 46

5 37 43
33 35 45
7 18 49
46

28 47
0 3
2 17
12 16 28 40

0 26 30
12
18 39
7
44
16 42



0 36
31 37

16
9 18 20

20 32
40
7 12 48
31 47

45
8
0 18 20 38
26
1 6 11 16
32
4 43

16

41
11


15
23 32
15
30
26 27

38
2 34
16 27 40
41
10
2 41 42
23
20 29 33
5

4
5 45
11
5 17
12
26 35
0 31 43
11
6 47
24
10 21
44
41
28
0 34 42 45
12
39
42
4 35 47

24
3
10 17 21 39
10 24
36
4
15 43


12 20 31
46 48
20
2 16
19 23
42 44
24 27 49

4
1
41
17
6 8 17

0 34


14 15 16
21 29
15 17 45 46
23 42 44

17
8 37 38 48
1 8 24 41
12
16 25 34
20 22 32
8 20
7
47
17 24

33
23
10
10 22 35
5 9 10
47
42 44 47
21

5 15
23

4 35
10 22

19

3
9
13 46
43
11 28 29
35
4 33
41
12 20 43
34 36
0 21 37
24

13
20
15 44
3 13 32 43
9

3 15
2
26

30 45
22 45
3 32 43
3 17 24
27
2 39

8 46

19

20
16 34
4 23

0 38
32
5 32
3 4 13
41
20
3 35
21 28 46
22 44
49
13 19 34 39
15
16 41

28 29
43
38
4 14


9
25 47
34 46 49
16 35 44
23
13
7
33
45
25
7 27 28 44


3 25
23

45
19 40
3

5
15 47
17 25 36
12
15 45
5
40
20 39

4
15
22
26
11 17 22 41
16 26

3 24 36 47

34 47


4 49

2 24 43
13 23
5 49
5
27 39 44
13 16
21


11 14
0 30
4
2 18

47
4 34
20 22
17 36
49


1
21 26 36 37
10
4
44
35 43 45
40
3 8
25 27

1 28

13 47
17
2 24


25 42 44
14
15 48
10 19 37
12 28 29 31
34 41
29
10 27

8

36 44
0 9 32
3 11 12 19
6 28
41
4 19
4 32
43
23

19
25 42
17 34
2
31
49


38
3 11 32 39

49
8 43
1 13
45
27

7 43
20
2 42

5 33
45 46
24 39
15 27 46
20

1 38
0

35
17 24 36
11 16 18 29
28

9 15
33 37
13 41 47

25
31
18 20 36

10 15 21 32
1
8
1 22 35
3 13 30
12 20 31

4 15 17 18

36 47
32
5 10 46
25 36
18
4 36 44
0 4 5 21 42
4 37

4 15 18

39
45
2 12 28 46
14
49

8
0 45

7 10 13 33 42
1 13 17 23 29

17
1 3 28

3 31 37
22
44

4 49
7 16 35

16

28 35
29
46
6 23 37 41
15 28 44 47
17 27 32
35
16 29

3 26 43
0 3 23

36
34
1
11 21
28
19 21 36

25

6
39
42
14
26
0 21 43
26 47
29
26 29 33 41

44
14
36 46
27 29
9 44
26
2 9 35
32
29 36
4 40
24 48
48

1 9 28 41
10 31 42
0 15 38
48
41
48
10 48
8 12


35 45
30 37 43
37
30


47
10 24 25
49
32
12 14 38


20
1


42
25 41 47
0 33 42
39

28

46
15 30 49

31
3 42 49
23 35
46
9 19 22 36
13

19 45
23
34
8 40
8 13 25
6 13
42
43 44

1 16 25
8
41
28
43


15
18
22
34
1 40
2 31 47
31 37 39
0 9 38
32 43
24
1 40

34
42
30
2 40
7 48

0
4 20 24
32 41
21 49


26 32
6 26
8 11 35 44
27 31
8

27 32
3 35
22 27 31
37
7 9 26 45

6 19 38
13 43
22
32 40
5 25
8 15 16 21 23
4 8 9 22 27
3 4 36


43


18 21 30
5 31

6 22
3 11 14
6
8 34

12 26 30
12 17 32

6 41 47
12 21
23
6 16 46
35 40
11 12 49

13

43 44

27 32
7 28
0 39
0 10 46



7 36 44 47
1 37
24
6 22
8 23 40
3
31 40 46

29 43
15
27
16 30 34
12 15 19 44
10
0 10 30
6 21 43

23 38 48 49
1 17 26
20 32 40

15
17




1 23


32 47
18 28
29
25 45
13
19
47
5
7
11 17 23 46
4 35 37
28

29
37
13
42
16 41
2
26 44
2
21
0 41

30



8 16 30
17
20

0 5
4
6
2 4 20
22 30
7
25
4 33 40
10 13 16 29
26
1 11

9 23 25
26 35


21 39 48
3
33 42
16 30

8 10
5 27 29
4 17 45
6 15 49
11 15 41
10 14 39
7 11

44
5 13
7 24
11 27 32
23 32
0 2 38
24

21 44 49


32
36
3 20 35
48
22 33
18 33

25 47
22 23 27
31

3 5 22

28 43 46

5

13 27
14 44
14 46
40

39 43 49
4


17 18 30

4 14 48

12
2 8 9 21


42 46
37
7 23 37

7 35
9 11
8 26 33 38 42 47
9 13
2
3
9
20 26
14 31
3 19
24 31 32
40

42 45

41

1 27
33
13 49
26
0 6 28 35 36

13 17
20
35 46
1
3 10 44
11 12 24


29 42
9
4 11 19 24
44
6 23

18
31 34 39 44
20 39 46
15 36
4 30

28
19 40
1 4 22 24 33
18 19
40

7 14 18 24 31

5 28
14 32
8 12 34
13 21
8

2 5
3 17 21 35 41
42
47
18
0 28 35 48
8 31 34

43
30 31

3 6

7 8 38
25
30
15
25
36 38 39
17

46 48
13 23 28 35 47
2 16 22 35
39 40
12 32
3 15
7

14 19 41
12 29
0 21 40 49


43
3 25 40
3 19
39




25 30
28 32
13
19 35
6 30 44
28 43
26 29
3 9
17 19 45


13
4
42
13 19 26 48
2 7 17
36

11 16 35


24
46
23 37
42
9 10
4 9 15 17
7 12 19



44
14 30
3 12
1
22 27

7
0 43


4 13 28 40 48
19
34
5 38
2 49
2
19 22 29 38
11
5 27 48
12 19 44
6
4 9 21 43
44

5

18
0 25
26 33
17
12
5
38
23
24


18

30
11 24 40


36 38
26 49

29
40


18
14
21
6 36 44

2
12 46 47
5 21
49
5 28
16 23
10 12 26 32 41
20 21 35 36

11 29
32
48

0 19 27 30 42

49
16
11 16
0 8 35
28

11
13 18
23 45
0 18 45
13
9 27

30
44
3 29
14
17 27 47
35
33
40
39 42 49
2 22 32

5 7
12
0 5
36
0
14 32
9 28 48
40
1 28 31

18 20 32
7
4
11 13 14 37 45
44
38
12 13


3 20
40
39


23
3 12 13 16
15
29 33
30
45
40
1 30 36
15 39

22 32
28 44
44
29
7 26
18
8 18
13


8 17
19 22 26 36 38
40 44
26 30
13 21 22 26
8 19
16 18 34
40
0 4
1 15
5 29 42

13 21

6

41
1
16 18 44
2 40 49
5
3 16 32
19 42 47
23 25 27 37
0 25
22 49

33
5 12 34 45
0 6 49
12 31



43
7
0
18 27 33
13 19 35

0
49
4 8
10 12 17 31
4 7
4 28 36
26
9 12 19 49
16 32 33
27
15
8 45 49
30
0 4 34
0 20

42
16 26 46 49

17 43
3 44
8 18 47

20
35 47
4 6 15 25
15 42

11 46

7 19 39 42
22 30
16 21

23 37
11
1 10
4
42 49
7 15 40 49
0 24 30

4 14 49
0 9 20
29
6
17 46

31
0
5 11 41
12
0 34
34 45

31

23
23

20 30
13 25
22 26 31 34
39
14 18 28

3 6

11
26 47
8 16 31


9 30 49
23
18
15 46
26
0 6
8
14 36
12
21 23
26 45 47
3 25 39
0 11 20
13 16

4 26 45
28 32
9
4 37

16
6 26 40
43
25 30
0 48
14 27
26 46

4
25
47
4 13 42

33 41
6
26 44
9 24
36 46
32
47

42

20
33
47

32
2
24
20
19

27

1 19 47
1 13 20 45
1 26 34
20 22
6
7
16

13
19

16

15 19 33 44
15 45
3 7
0 27 31
42
5 32

20


31
5 27
8
2
2 19 35 36
21 31
5

18 26


22
4
6 47
23 25 43
15
28 36 39
2 5
8 13 22
23
46
6 16 42
9 18


15 23 34 35
22 39
0

2
30
6 7 17
2 10
17
3 42

21
4 13 43
49
19 26 44
1 7 14 22 26 41
29
38
10
4 18
4 15 17 44

8 13
13 42
19 30
18
43
39 41
8 40
24
16
25

9 14 27 29
9 27

38
21
4
45

33
16 28 42 46
4 47 49
48
6
28
31 47
34
4 16 36

16 28
13 20 31 45

39 41
5 42
38 42 49
3 14 24 30 35
40

24 36
8 25 37


11 12
22


12 33 36
15 22 33
12 14 31
9 19 25 43
34 35
13 25 27 35
36

14
1 11 13
5 13 47

9
24
22 35
0 49
48
9 27
2 11
38 42
2 25
30 33
24
21


1 23
10 11 23 44
14 29
13 14


8
18 27 32
11 33


4

10 36
10 24 49
24

19 40
17
29 33
6

16
2 16 29
34 41
10 11
20 30 33
6 30
13
19
38 40
11 24 43
29
11 25 36
15 31
10 14
7 8 33
48
40 43
49




14 29
7 13
5
1 6 26
8 12 34



6 20


10
14 41
35 40 45
13 27 28 39
21 25 30 39 42
5
26
8 13
14
0 49
16 32
4 14 16 18 49
0

8 24
6 49

11 38 43
14 38
46
26 31

19
7 22 39
23 46
12
18 26 43
12 19



3

19 33 34
33 34 43
21 34 45
16 23

33
13
17
5 16 19 31
41
0 28
32 40 47
12
34
5 9 26
2 4 11 17 41
1 36 40
45


17
25 42
13 14 15 35 44
35
8 18 47
38 45
5 16


15 37

8 32 43 47
3 22 29
37
1 11 25 28 30 36 40 41
48
17 38 44
16 17 38
46
11
26
36
4
2 11 45 46



0 28
39 48
7 21 24 28
11
7 26
2 25 30
27
11 39

0 29 40
48
41
7 23 45
32

32

48
31
1 8 45
47
1 3
42


6
41
25 34
8


9 40

2 27 36

1 5

24
2 22 46 48
5 35
48

40 43
18 24

44
3 11
23 24 37
5 13 24
34
17
38 49
27

2 35
12
24
42 43
46 49


20
45
21 42

13
26
30
26 40
1 30 48
7 45

36
0 3 21 41 44
15 30
6 36
7 16 31
0
10 23 45
22
9 29 42


8 18
21
8 17 42
5 38

20
0
22 34
23
7 38

10 25
31 47
31

25
21
31
4 21
49

30 31
31 33 47




8 30 44

44
45
12 23 28 44

47
2
33 45
34

6 19
26
7 32
13 30 42
5 32 38 41
19 46
17 36
4 23 24 26
28
44

37 49
41 46
38
16 45

34 46
10 22 43


0 20 48
0

18
19
20 21 33 39
0 17

29 39 47

1 9 45
19 40
0
17 43 49
13
43
1
0 27 45
26 39
2

31 44


14
2 40
32 40 43
26 42
43
2 23 34 47 48
8 42
1 41
15 41 47
6
18 34
31
23 42
2 7 34
1 28 33 47
48
22 39
1 8
25 28
36
38
29 45


6 19 38

48
13 16
14
13 30 34 40

49
23 27

15 23

14 25 39 47
3 38
42
6 16 28 33 48

14 33 37

10 12 45
11

47
7 11 27 31 36 39 40
0 12 28 38
11 19
6
8 9
4 42
4 19 23
34 43
3 46
10 21 45

7 36
17 40
23 31 48
39 45

49
8
1

38
31 37
8
6 13 25
45
10
10
3
24 32 33
30 46
27
6
29
12

4 10
30
9 27
0 9 10 37 48



7 47

0 2 44
10 12
7

20

6 33
34

8 19
31
7 23
10 37 40 46
17 32
47

15 46 48
36
41 43
7 8
10

2 47
4 8 49
18

6



8 25
31 49
27 43

5 11 28
16 47

5
9 41
5
39
46

27
0 8 17 26 43

7
13 39
5 10 18 29 42
33
0
21
38
25
9 10 20 49
3 37
1 14



12 21 41

7 49

19
21
11 29 31

10 19
23 38 46
1 6 10 13
26
0 11
44
8 16
24
18 29 37 46
8 35
7
7 8
18 29 44 49
9
1

8


17 18 20 36 44




10 43
20 29
27
11 21
4 18
41
8 23
9 15
9 10 30
31 46
2 36 37
45
13
14 46
38
11 27

37
0 26 32 34 38
8

3 23 44
47
6 22
35 49
17 31
37 45
25
28
6 7 10

37
10 27
4 30 49
37 46
42
0 14 27 29 36 43


8 29 36
4
25 27 28
5 8 20 31 40

30




31
19 20 23
7 46
11 29 43 48

17
29 32

9 30 33

4 24 48


21
20 21

11

28
3 19 21 33

3 26
6 37 46
26
21
10 30
41
41
34 35 48
14 34

12
44
1 10 22
48
22
10
8
7 29
15
33 44 48
29
6 15 32
37
41 48
13 30
4 23

22
25
13 14 31

5 12
21 41

0
16 32 34 43 49
23

42
1 26
11 34 49
9 24 43
1 28
3 16 26
18 30 45
11 25
7 35
0
26
4 8
11 21 32 34

0
4
2 6 28 48
18

20

1 13 24 40
44
14 18 21 25 26 42
11 16 34
18 35
8 33
28

34
26 36
48
6
16 37
2 21
2
38 42
6 7 10

34
32 49

2 29 32
32
17 22 32 39 45
48
9 16

32 36
32
23

20 28
21
5 29
36
2
18 46


14 24
7 13
30 42 44 49
0 24 39
1 19
15
10 28 43
1 26

4 38
11 34 36
0 9 29
0
29
5 18
9 21
14 34
10 15 21
18 31 36 43
12 29 47 48
4 10 32 45
10 26
10
1 8
16 41

35 36
2 13

2 32
23 40
34
30
1

12 24

34
8 37

37

24
6 32 34 37
16
16


18
14



4 8
12 27 41
20
40
9 19 43
13 32
2


11


0 41
18 30
11
4 45
16
7 25 33 34
33


4
30 38 48
1 46
22
17



47
32
18
6
8
2 30


41


13

4 35 39
26 38
45
2 12
33 41
15 29

21 35

3 25
9 11 23 30
30 31 40 46
29
18 28 40
21 30

1
5 13

10 47



5 12 15 19 20 21 44
0 14
11
2 28 32 39

6 21
5 9 14 15 42
32

5 10 15
3 35
2 14 29
5 9 15 16 49
23
14 25 35 42
49
4 29 35 48
26
20 28
15 24
14 30
17
5 8 10 15 29
6 46
32 49
3 45

27 28 42
5 15 34
48
1 29 46 48
1 10 19
5 15 22 45
29 32 44
27
3



5 9 15
5 15
31
5 15 31
22 29
1
5 15 36
22 48
5 6 15

7 33
6 9 36
6
35

5 15 41 45
0 24 27

38 48
5 15 46
23
13 41 43
3 4
45
45 47
20 39
1
4 5 15
5 15 37
27
18
5 15 26 31
10 47
2 29
4 5 15 16
16 30
2 7 14
3
48

27
21 46

15 23 31 32

7 33
48
12 14 24

5 15 34 45
10 20
5 15 36 44
5 10 15 24
13 23 34
33 43
12
5 40
3 49
9 45
12 22
5 15
12 18
22
15 34
5 15
8 21


3 19 28 31 45
44
14 23 42
36
5 15
13
7 18 22 36
3 5 34 48


29 33
5 15 37 42
5 15 48
37

29
2

3 27
2 5 38 44
0
19
24
1 10 36
33 38
1 5 15 41
5 15
21
30 31
23 26 46
4 22 37

6
24 32 38
20
8 45
39 40
14 30
0 3 8 10
3 33
1
28
11 22 38
1 44

4
5 15


3 14 28 41 49
13 33
49
9 18 20
5 15
20 33 43
41
44
22 28
12 16 41
29
5 9 15 26 43 44
5 15

5 15 26 40 45 48
18 19
2

8 13 16 39
2 36
25
17
47
23 34
4
11 25 27 38
8
3
26
28 38 41
26 43
5 15 34
48
13 25 41
37
10 41
3
5 15 23
47
37 49
16 32
10
32 42
3 9
2 7 15 28 34
3
1 5 13 15 19
4 13
45
5 15
2 12 23 30
2 5 7 15 22

5 15 42
46
9 26 48
1 23 49
19 29

21 40 45
5 13 14 15 27 36
45 49

27 35
38
5 15
5 15 37
5 15

16 18 20 30 35 40 45
24 36
14
40 44 45

30 40 45
30 33
0 22
7 11 30
25
40 45
1 5 28

6 22 30 35 40 45
5 13 15

33 38 40 45
2
31 40 45
13 39
14 46
5 9 15
0 26
24
45
13 19
40 45
12
0 1 40
12 34 40 44 45 49
20


11 21 29 30 34
24
35
15 27 43
32
35 38
37 40 45
34
5 9 15 40 49
10
4 13 26
5 15 45
21 40 43 45



5 15 37
1 4 5 12 15 29
5 15 42 47
12

10 47
3 5 15 28

21 31 40
25
5 21
20
38 40 45
38 44
26
34
17 27

14 22 28 49
3 11
5 29 40 45 48
28 34 45

32

10 26 32
8 32 34
46

29


32 33 40
5 9 15
13 34
5 9 33 40 45
20 22 40 45

14 19

4 11
32 40
32
27
40 43 45

0 5 15 16 19 20 41 49

25 28
8
40 45
7 20 31 40 45
34 38

0 47
12 38
5 15 33 36
3 5 15

48
7 25 40 43
6 33 40 45
5 15 22
5 8 10 11 15 29
14 26

5 15
5 15 16
2 28
44
4 5 15
4 7 19 22
21
22
5 15
38 40 45
16 40 45
46
5 9 15 26

14 16
19 34 43
5 15 20
5 15
5 10 15
17 36 40
3 4 7 40 45

14 25 33 40 45
22 25
5 10 15 33 42
31 41
21 45
9
3 15 19

44
7 20 40 45 48
23 38
32 35
5 15
11 40 45 47
0 4 5 15
8 19 38
3 17 41
42
0 35
30
6
5 15 38
27 41
13 21 37 40 45
20 46

21 26
16 46

33 40
5 14 15 23
23
20
1 19 23
22
4 17 34
32
47
40 45


6 9
33
26
40 45
8

4
5 28
4 17 33 45

23
17 18

31 40 45
40 45
35 41
4 27 31 32 47

10 47

8 10 33
47
17
23 29 34


3 5 15
49
31 44
36
10 23 47
12
40 45
23 40 45 47

25 39
23 40 45 46
2 41
0
12 25

48


6
26
6 12 16 31
5 15 18 22 36 42

40 45 49
5 15 25 30
9 37
5 15 27 39 47

0 28 44
5 15
40 45
5 24
6 20

5 15 22 27
40 45
8 29 32
6 40 45
4 34
3 6 15

11 25
15 26

19
5 16 21 46

23 41
9 11 13 40 45 49
9 16 34 40 45
26 44

5 11
40 45
8 32 34
40 45

35 41
24 44

10 36 39
4 5 15
16 32 48
4 36 42
3 40 45
30
5 38 42
40 45
8
5 8 15

5 15 40

40 45
15
3 38
3 5 15 16
26 48
38
19 26
40 45

46


28 43
3 27
4 12 31 45 47
0 40 43 45
5 9 15

24 31
40 45
0
5 15 31
5 13 15 29 41
3 14 23
34 37
5 15 16 44
20 40 45

41 44
28
26 41
21 40
33 47

13
14 33 35 44

5 15 31
19

2 12
4 37
40 41 45 48
2 19
2 7 31 35
4
16 40 45
20 26
19
28 34 35 42
0 13 47
5 15 24 34

39 40 45
40 45
12
2
0 10
3 40 45
5 15 46

5 15 29
1 5 7 15

1 4 11 13 19
5 15
11 19
15 29
32

12
16
46
5 15
9 14
37
24 26 37 44
5 15
11 40 45
32
3 22 34 40 45
5 15 43
2 9

31
40

20
36
2 5 15 19
4 16
5 15 30
37 47
5 15 33 40

26 40 45
4 5 15
43
4
5 15 24 40

5 7 15 29
12 45
0 12 17
40 44 45 49
23 29
26 40 45
5 12 15 38
5 15 36 45
9 40 45
5 15
13 15 40 45
32
5 6 15 40
5 15 28 30

34 40 45
15
5 12 14 15 20 22 31 45
10 16
20 45
6
17 42
39
32
43
30
3
1 43
5 15 19 32
46
0 40 45
40 45
32 40 45
4 38 40 45
5 15 16 38
22 47
24 33
5 15 34
40 45
30 34 40 42 45
20 43
0 34 37

43
25
48
8 33

7 20 40 45
20 44

5 15
24 43
1 2 4 14 19
1 5 18 37 39 40 43 45
33
40 45

2 9 14 28
1 5 15 27 49
43


13 36
9 22
46
8 45 48
31 32
20
7
5 44
49
21 40 42 45
48



40 45
40 44

3 7 42 46
4 46
12 14
15 43
21 40 41 45
14 17
15 25
10 31
18 38 40 45 46
6

5 15 19 31
13 40 45
0 25 40 45
5 11 15
5 14 15 24
5 14 15 46

26 37
40 45 46
11 40 45
5 15
26 32
36
16 34

33
10 15
14 16 19 20 39
3 18 43
20
25 40 45
1 21 26 37 47
11 38
19 42
5 13 15 21
5 10 15
31 33 34 40 45
5 15 22
23
5 15 18
16 43
28 47
40 45
25 43
48
9 15
21 44
44
22 43
7 33 40 45
32 34 40 45
6 34 40 45
1
11 40 45 46

3 5 15
13 24

31 35
6 40 45
19 25 40 45
48
23 25 28
3 9
40 45
4 28 37
6
36
42

1 32
5 15 16
5 15 17
12 17 40 45
32
5 15 30 40 42
5 15
5 15
8 32
1 5 15 33 36 49
30 43
2 39 46
16 20
40
16 26 40 45 49
18 40 45
21 40 45
1 5 15


4 14
5 15 18
19
0 10 19
5 11 15
8 17 36
30 33 48
24 28 29 32 38
1 4 31 40 45
40 45
33
17 39
5 8 15 21
4
5 11 15
13
28 40 45
4 12 25
5 15
5
0
28
5 15
5 15
5 15 23 27
24 26 40 45 47 49
18
42
6

5 15 38 41
42
48
5 15 39
11 38
40 45
2 29 40

1 29
0
5 15 18 29
24
6 45 48


5 15
11
40 45
33 40 45
49
2 3 36
30 31
0 1 46
5 10 15
5 15
9
12 40 45
34 47
12
47 48
45 49
22 26
8 18 21 33 40 44 45
10
15 30


23
14 35
5 11 15 35
2 6
12 13 17 35
47
10 27 47


9 16 19 36 40 44 45
2 19 41
15
25 44
5 15 29 49
5 15 16 23 43 46
40 45
7 27
5 15
16 41
3 14 40
39 40 45 49
5 15 21

41
4 40
41
16 24
11 40 45
5 14 15 28 44
5 15 26 42
13 26 39 46
10 29 46
7 12 31
40 45
36

12 14 21 32 38 40 45
11 15 46
28 38
30
2 8 23
39

10
5 15
11 12 23

7

5 7 10 15 22 23

49
25
0 5 36 40
11 40 45
21
13 18 40 45
5 15

40
5 7 15 16 29

26
4 9 39
8 38 48
3 40 45
8 45
8 15 40 45
10 27 40 45
5 15
5 11 15
20
5 15 29
32

10
8 9 13 48
33 45
5 15
9 10
5 15 34
27 40
18 26 36
29 40 45
26 37 41
12 17 32 38
1 5 14 15 17

2 8 10 33 48
21 48

2 31 38
32
17 29 44

17
6 30 32 34 40 45
13 18 34
13 20
43
11 35
5 15
5 12 15 26 36
16 33
41
31
49
8 15 40 42 45
45 46
26 40 45
5 15 46

5 10 13 15

24 25
5 39 40 41 45
8 10 40 43 45
4
1 16 45 47
30
5 15 46
0 3 19
18 32 33 47
5 11
26
15 45

14 19 47

17 32
5 15 22 25 36

23 34 43

4 9
40 45
42
5 32
40 45
38
5 15 33 41 43

2
32 40
30 48
9 11 27
6 26 40 45
45
12
40 43 45
4 40 45
7 36
1 42
40
20
10 36
2 37



22 34
21 22 40 45
40 45

17 22 29

20
40 45

28 33

5 12 15 21 26
12 23 24 34
39
5 15 35 38 44
3
23 47
28 30
11
5 15 17
3 17 42
22
5 15 26
5 14 15
25 46
5 28 34
7
5 11 15 48
5 15
34
22 40 45
3
40 45
14 39 43

6
21 40 45
15
5 15
40 41 45
2 40 45
12 40 45


24 42



29 42
5
5 15 24 25 31
1 5 15 43
4 7 11 41
13 32
5 15 34
23
2 4
43

7 39 40 45
22 40 45
3
0 23 41
29 38
9 40 45
38 42
22 24

12 27 37
5 6 15
37
5
43
41
5 15 29
23
32
15
7
9
32 45
31
31 37 40 45
48

45
2 18 29 35
0
5 15 31 33 34
34 40 45
42

2 33
2 13 41
35
33
5 15 26
32
40 45 48
5 32
45
46

23 29 45
2 34
22 24 36

5 10 40 45
6 14
10 40 45
43 49
5 15
24
14
1 41 42
32 35 38 40 45
12
34
1 5 15
37
4 12 40 45
2 26 32 41
33
40 45
19
14 45

42
5

11 22
40 45
24 38
19 22 36 46

5 13 15 35
5 15 34
9 15 47
19 40 45
2 5 15 22 35
7
41 43
22 42
18 23 31
18
7 16
17 45
13 21 41
5 9 15 36 44
30 40
0 34

29 40 45
5 15
15 17
21 30 39
22 40 45

37 44
25 40 45
6 7
39 43
5 15
17
40 47
1
3 14
0
18
14 29 30 45
40 45
11 24 34
5 6 15

49
5 10 15 16 22 49
11 29 36
25
5 15 33 49


40 45
5 15 25 27 38
0 3 7 42
14
5 15
1 4
1
3 24
22 25 27 40 45
5 9 15 26
4 5 15
5 15 43
20

0
40 45
41 45
6
38 44
25
45
5 15 16
11 31
6
37 40 41 45
9 10
23 36
13 31
5 15 21
8 14
32
10
25
12 22 28
23 37
16 36

1 5 12 15 23 35 43 45
23
35
27 30
21


5 15
5 15 30 36
22
5 15 20
14 45 47 49
18
5 15 18
13 40 45
40 45
5 15 28 34 42
3 16
28



49
15 29

23
5 15 21
5 15
5 39 40 45
10 20 22 26 28

5 15 42
17 19 22 40 45
4 17 23
43
31
1 15 24

8 40 45
34 42
9 38 42
12 42
29 40 45
48
1 23
40 45
5 15
29
18 40 45
33
13
27
4
19
5 15

5 15 45
4 40 45
17 31 40 45
5 15 19
5 15
40 45
9 21 35 41
2 3 15 23
32 48
19 31
32 33 39
11 40 45
7 38
6
39 45


5 7 15
33
26 35 44
18
2 17
1 31

24 33 40 45
26 42 46
5 13 15 29 41
8 40

24 25
5 15 21 49
1 17
7 11 23 39 47
5 15
48
26 29
5 15 30

32 42
5 10 15
40 45
5 15
39
2 40 45 46
26 30 45
16 19
44
48
5 42
10 32 33 46
32

40 45
47
23 40
0 8
26 35

2 40 45
4 5 15 18 31
5 15

31 40
4 34
40 45 47
5 8 15



31 40 46
2 40 42 45
2 4 26 39

5 7 15 22

45
40 45
32 38
22 32

7 36
8
40 45
5 15 41
6 40 45
4

9 11 13 40 41 45
5 11 15 16 17 37
5 11 15

26 30
22
49
5 6 7 15 19
30 39
45
26 32
22 40 45 47
12 40 45 48
1 5 13
5 10 15 19
39 44
10 40 45
5 15
41
8 34
31 39
1 16 17 22 40 45
32
10 16 25 31
22
22 45
34 40 43 45
29
23 40 45
14
42 48

1 7
17 31 34 40 45
40 45
17 25
5 15
5 40 45
31 37 38 40 45
0 5 15 20
12

14 40 45
3 36
5 15 23 39
15 36 48
19 38
19 21 44
12 28 48
14 15
5
17 39
39
13
30
11 36 40 45
1

19 25 28 29 47
43
8 49
5 15
0
3 6 15 28
10 18
24
32 41
7 30 37
40 45 46
38
12
7 13 27 44
0 1 23 36
18 28
13 25 34
30 33
5
5 15 31
0 34 40 41 44
0
2 5 15
15 21 40 41 45
4 5 15
36
16 44
12 19 28 36 40 45
23





44
5 15

24
22
12 47
17 18 40 45
1 36
5 15 22

3 4 21 34

40 45
5 15 19
27 29 36 45
26 27
5 13 15
1 26 32 40 45
20 40 45
0 22 42
45

4
26
5 8 15 17
40 45
8 33 34 46
5 15 22 39
5 15 21 23 38 40 46
0
12 40 45
30 32 48
0 16
11 23 39
5 15 23
5 15 32

1 3 5 15
5 13 15 26
16 27 30 40 45
4 47
31 44 47
34
2 21 40 45
5 10 15 29 39
26 40 45
2
28
9 11 23 25 26
29 40 45
41
18
14
3 9 40 45

12 16 35
39
24 31
4 15
29
5 15 25
2 21 49
20
6 15 40 45
41 48

14 23 39
0 5 7 15 20
49

36
2 38 49
20
14 19 40
10 46
8 35
40 45 48


18
29
18 25
6 7
40 45
11 30
3
47 49
5 15 48
1 5 15 22 26 32 43
4 14 29 30 49
26 44
32 40 45
1 32 33 40 45
4 19 35


0


1


23 44
21
38 42
0 43
4 36
10
5 26

1 7 40 45
23 32 38
17
1 9 12 40 45
5 15 20
17 43
6 40 45

8 9 37 40 45
40 45

17 42
27 31
5 15 23
5
2 5 15
0 25 45
15 30 40 45
5 11 43
16 28
32

40 45

13 20 22 40 45

1 40 45 47
24 25 40 45
27 35

14 38 46 49
5 10 15 29 39
5 15 29

10 14
2
32
5 8 40 45
5 15 32
14 28 39 49
6 40 45
39
6 11 36
28 39
5 14 20 38
5
21 27
4
40 42 46
1 4 40 45
12
7
5 15 26
33 36

5 15


5 15 47
32 37
8
41



22
14
13
30 40 45
5 15 28
37 42

9 49
0 40 45
5 15 25
5 15
36 40 45
26 43
12
8 23 32 44
1 40 45
21 23 27 34
48
4 9 12 35 38 41

18 33
39
46
4 5 11 15 22 30 44
40 43 45
32

32
12 33
3 13 48
16 37
17
44

22

6
21 27 48
9 13
16
5 14 15 31
16 40 45
40 45
2 11
2 18 24

6 10 25 32 44
2 39

43 44
18 25
33
24
11 44
29 37 40 45
46
5 16
22 23
5 15
43
33 40 45
1 32 40 45
39 40 45
3 4
39 40 44 45
4 11

5 15 19 21 25 48
13
32
8 33
10
5 7 15
5 18 44
25
14 15

13
4 33

12
3 25 29
0
2

36 45
5 15 40
16
11 34 46
24
25
0 6 11 19 42

16 37
17 30 39
13 18 35 40 45
10 26 37 40 45
17 18 24 33
4 29 30 35
10 36
6 25 33
16 38 41 44
13 37 40 45
11
16
8 10 20 23 48
40 41 45
14 19 21 27 40
46 49
2 5 15 20 46

7
19
4 11 22
43
26 40 45
12 47
2 5 15 17 21
4 5 15 24
8 33
5 15 20
40 45
3 21
33
6
25 40 45
4 18 40 45 47
37
21 40
3 11
40 45
18
7 34 40 44 45
33
1 31
49

37 49
17


40 45
0 4 32
5 15 30 32 42
5 6 15
16 22 25 42
9 14
5 15 17
34

5 7 10 15 39 46 48

2 24 25
5 15 17
16
11 17 32 40 45
7
5 15 16 32 39
5 9 14 15
5 15
3 10 47

9
24 25
5 15 33 41
24
18 32 41
7 28
5 15
32 45
31
25 47 48
7 29
46
5 14 40 45 49
13 29
3 7 10 44
40 45
47
10
4 47
12

1 3 6 9 19 26 34

40
23
26
5 9 15 47
0 20 34 40 44 45

9 16

5 10 15 17
40 45
14 18 28 40 45

5 15 31
8
17 46
5 15 27
5 15 44
8
39
17

21 42
2 5 8 15 43
3 5 15
2 7 9 33

7


3
40 45
23 46
0 35
31
2 13 33
34 49
35 47
5 15 26 43
12 42
18

5 15 21
5 15
24 40 45
5 40 45
16 42
18 28
7 34
37 40 45 47
1 12
5 43 49
34
39 44
12
40
17 40 45
4 7 22
2 21 40
28 40 45 48
5 7 15 17
5 7 15
3 17 36

32

19 22 38

6
9 37


5
9


29
4 15 26
19 35
5 15 32 46
4 27 42
40 45
7 18 30 48
5 15 18 21 22
27
27 35 44
25 40 45 46
4 5 15 24
22 45
23
31 45
30
23 26
5 15 22

2 5 15


33

3 10 12 13 16 31
29 40 45
2 11
4 11

33 40
5 40 45 46

22
35 40 45
5 9 15 21 44


15 36
28

2
22
2 14
40 45

21 37 40 45
40 45
5 15
5 15

8
28
28
24 30
13 40 45
12 31
26 40 45
5 15 40 46
0 1 5 15 29
42
16 24 29 46
13

3 24

0 9 13 27 48

15 43 49
7 23 32 39
21 38
48
0 5 7 15 28
0 47 49
28
9 15
37 40 45

5 15 20
26
39
24 29
18 19
20 36
13 15
31
16 35
38
5 15 33 48
4
30 42
14 40 45 47
18 40 45 49

42
14 29 40 45
5 15
35 42
11 25
12 36
31
19


13 25
40 45
5 15 28
32 47
11 40 45
5 40 43

5 37
5 25 40 45
46
3 27 35 48
49

22
22 40 45
30 35
40 45
19 35 48
15 42

18
2 9 35 37 48
5 9 15 40
10 39
4 5 15 25
34 36
5 15 35 36
3 23 24 25 41 49

40 45 49
5 14 15 27
17
3 29 37
2 44

5 15
21
40 44 45
5 29
28 31 40 45
1
40 45
9 24

14 46
46

31 39 40 45

21 40 45
14 21
3 26 48
10
15 20

24 38 40
12
3
13 17 39
38
5 15 40
0 43
20 25
6 30 40 45
40 45

1 3 26 40 45
40 45

5 15 40
5 6 15
34
21 40 45
13 14 47

5 15

5 14 15 17 45
40 45

31 40 42 43 45
0 5 12 15 22
40 45
38 45
35 37
1 5 15 41
45
14 42 47
0

17 45

40 45
0
38 44
40 41
8 40 45
6 42
5 11 15 18

1 25 36
5 15
6 23 43
43
14 38 49
5 15 16

25 40
1 17

5 15
32
34

5 12 15 18
16 21 26 30 40 44 45
13 42
5 15

21 49
4
36
9 38 40 45

5 6 15 24
14
49
47
1 10 40 45
5 7 15
39 42 47

12 41 49
14 18 24 44
25
11 45
20 21 23
7 26 49
30
27
13 17
16
39
24 32 33 45
7
21 44

3 23 41
5 15 26 41


26 41 46
6 47

23 37
5 12 15 26
21
16 19
22 31 43

2 10
5 15 33 38
13


5 10 15
24
5 15 27
5 34 46
39
0 23 39
25 32
29
19 31
2 22 40 45
5 37
33 42
24 40 42 45
12
37
5 15 24
0
9 24 25 40 45 48
5 15 38

9 45 46
0 8 11
16
4 7
5 15
40 42
12 13 24 49
18 19 40 45
48
5 15 32
9 21 34
2 40 45
7 18 36 40 45
36 40 45 48
15
10
30
7

5 11 15 18 30 42
4 6 48
5 6 15 21

20 33



0 25 26 44
20
6 28
40 45
47

5 15 38

7
2 5 8 12 15 49
3 30
24
4 34
19 46
8
23
3 26 31 43
11
13 33
3 40 45
3 36
24
3 10 22 29 32 37 40 45
1 21 23 25
1 8 20 25
5 15 46
45
2 9 40
24 38
8 33
11 44
21 46
29 33 40 45 48



30 40 45
5
43 44
40 45
40 45 48
30
37
13 21
25
20 22 47
19 25

33 40 45
11 29 37 40 45
9
37

1 21 26
23 41 44 48
35
5 15 37
0 17
5 15 23 27 46
29 40 45
33
6 29
5 15 43 47
5 7 10 15 28
23 30

5 15
39
5 15 21 24
9 36 49
10 39
8 13 24 40
17 40 45
18 36 48
7
9 40 45

29 46
41 45
5 15 31 37
4 43

40 45
5 40 45 47
29 39
14
40 45 46

37
4 24 37
33 39
5 15 47 49
10 18 35 38
15 21

26 48
26
16
3 24
5 37
22 43
40 45
40 45 47
8 12 17 28
1

5 16 30
3 8
22 48
15 44
36 41
2 8
16 21 29 41 44 47
28 32
37 40 41 45

26
24 44
5 11 15
32 37 38
11 30
9 40 43 45


20 46
5 15 27
41
1 22 40 45
26 48
4 13 40 44 45
14
0
44
22
2 29 45
5 15 17 42
17 44
0 40 46
39 47
2 8 29
8
5 12 15
33 40 45 46 48
5 13 15
41
26
4
8 47

46
2 6 11 12 31 43
22
5 11 15 38 48
4 26 45
21
34

5 15

5
5 15
0 18 32 40 45
42
5 15 16 17 38

15 40 45
33 48
14 16 17 25 29
25
22 40 45
31
37

12 14 49
15 32 40 45
3 5 15
14
3 40 45
5 12 15
7
17 40 45
43
21 34 42

34 40 45
5 8 15
25 40 45 48
5 30 41
5 15
34
5 15 23
15 40 45 49
9 37
2
16 19
11 48
28 43
21 29
5 15 35
5 15 42
48
3 5

0 22
10 14
1 30 31 40 45
20
1 5 15 18 37
5 15 17 21 22 44
47

19 20 24 32
13 31 46
5 34 43
5 13 15 26
0 46
5 15 16 33
13
1 23
5 15 16 47
7 30 38
5 9 15 16 25
17
34 47
42

32 38
12 36 40 45
14
16 19
25 40 45
3
6
22
5 15

2 14 43

5 9 15 26 31
19
5 15
19 30
18
5 15
7

20 27 47
38 40 45
43
38

40 45
8 43
5
0 34
3 4 5 15 33 37 40
3 5 13 15

21 27 40 45
38 39
5 15
13 22
35
17 40

6 21 30
40 45
26
5 14 15
13
1 20
5

13 14
12 16 31 32
0 12 43
36


2 24 27

0 5 13 15 19 31
22 44

1 5 15 27 28
20 24
38
19 21
7 47
40 45
32
4 32 40 45
5 15 34
16 21
8
20 31
5 11 15 37
5 9 15 28
23 25
24 36
3
8
5 38

7 24 32
40 45
9 30 40 45
5 7 15
5
5 15 30
38 45
5 15 33
21 36
4 27 35 49
1
1 2
5 6 18 24 40 45
9 40 45
25
36 45

40 45
6


3 6 27 40 45
5 7 10 15 21 36 37 45
34
28
7
25
13
18 38 39
18 41
5 13 15 38
37 41
6 26
46

24 40

2
22
10 40 45
5 15 31
24 31 35
0 1 40 45
45
5 15
40 45
12 13 14 20 29
4 36



4 42

23
40 45
35 43
5 15
31
7 17 45

9 15
26 34 37
41
29 35
12 14 25
40 45
43
0 18
47
2 43
5 13 15
5 14 15
5 15
23 40 45
21 28
33
17 21 40 45
5 8 15 20
10 20
11
5 15 30 34 49
18 30
5 15
0 38 41
5 15 21 31
11 27 44
0 7 37 40 45
17
25
3 20 21 35 47
20 24 34


39
8 40 45
10 26
40 45
5 15 49
22 31 34
26 29 32
34
21
40 45
5 15 25 27
44
24
20 46
23
0 2 34 40 42 45
5 15


12 38
16 42
14 15 40 41 45
33 39
14

5 15 23 43
15 30 40 45
4

24
36 40 43 45
5 15 25
0 28 44
5 15



5 11 15 47
10 44
20
28 38
8 40 45
5 11 13 15

29 40 45 46 49
25
5 12 15 42
40 45
7 38
16
24 34
9 48
5 15 17 29


22 23 38

4 25 29 35


5 15
5 20 48
40 43 45
37
40 45




40 45
40 45
20
14 40 44 45
5 10 15 28
40 45
30 31 40 45
6 20 22
23
23 40 45

1 5 15 17

5 15
5 15 20 39
7 17 31 40 45
14 35


37
5 30 45
5 15 17
5 12 20
2 11 41
6 40 45 48
6 13

25 27
4 40 45

34 44
5 9 15
8 13 16 17 32 33 40 45
12 29 36 45
8
0
32 44
30
40 45
41
1 25 48
9
19 40
16 31
14 29 32 37 40 45
39 41
0 24
5 7 15
7
11 19 43
18 35 40 45
26
6
5 15

18 25 44
40 44 45
19 45
11 20 22 40 45

9 30
40 45
4 15 40 45
5 15 34 36 43 44
13 31 44

6 19 40 44 45

27
4
8 36 40 45

27 41
15 21

7 43 48
38 40 45

46
19 36
4 20
0 5 15 44
17 36
4 40 45
24
5
18 43 46

5 15 31
45
2 5 15
5 15 24 26 35

0 1 5 6 13 15 41 47
5 15
16 49
10
5 12 15
18
27 47
6 35
7 23 33
13 24
5 15 16
45 48
9 39

40 45
16 47
19 48
40 45
40 45 49
6
1 10
5 11 15 35
40 45
0 19 27 40 45
1 4 5 9 10 15 16
5 15 18 43
0 43


7 10 29 33


7 23 28 40 42 45
37
40 45
35
46
5 15 32 40
15
13 26
40 45
14 19 40 41 45 47
8 13 19
5 15 30
40 45 48
8 10 18 34
40 45
3
0 2 3 5 15 45
9 16 17
10 13 18 28
10 20

8 13 40 45
8 12 28 34
1 38 45
13 47

36
1 38
40 45
2 47
25 39
18
37
5 15
40 45
18
0
48
37 47

31 37
4 15
6
15 20 40 45 47
20 49
5 15 34
23 24 28 33 40 45 49

9 17 20 40 45


45
44
38
5 15 18
40 45
35
8
28 37
5 6 15 17
25
2
4 40 45
5 15
1 5 15
21 48
5 15 27 32
8
15 20 38
10 24
5 15 34 39
12 40 45 46
8 22 38
38 40 45
40 41 45
28


11 14 46
20
40 45

16 40 45
13 16 26 40 45
10 26 33 38
33
7 31
10 21 30 40 45
31
40 45
40 45
3 11 19
0 5 15
41


45
40 45


1 4 19 40 45 47

45
13 34
5 15
39
27 40 45
5 15 17
5 15
35



22 25 27
31
47
5 24 25 39
42 46
12 13 18
19 48

17 26
14
37

11 32
0
40 45

33
28 34
40 45
5 15
40 45


22 40 41 42
5 15
5 14 15 45

0 24
10 13 49
3 4 29
29 35
7 45
5 15
20 40

2 22 23 40 45
1 5 15
17 38
8 23 31 37 40 45
1 15 32
17 23
13
9 36

15 31 33
5 15 29 32 37

12 19 33
0 5 15 31

0 31
25
42
20
11
5 11 15 17 27
9 38
28 40 45
4 5 26 40 45
41 43

13 37
22 40 45
40 45
25
2 22
7 11 40 45



48
7 30 33
26
40 45
5 15 38
4 8 45
4 14
23 25 47
6
4 40 45
39
0
4 5 15 27
18 37 40 45
13 21 33 35 37 41 44

13

28
35
26 29
17 18
5 15 49
20 35 38 40 45
40 45
6 28
32
33
5 15
33 40 45

35 45

21
5 8 15 19 34
10 40 43 45
12
0 38 42 43
19 38
40 45
40 45
24 40 45
5 15 22
20 40 41 45
2 5 11 15 20
12 43
19
36 40 45
5 9 15
1
3 36

12 40 45 46
10 47
21
1 6

46
10 21 39
5 15 27
32 44
10 27
5 15 33
4 13 30
5 10 15
8 24 40 43
8 9
25
5 15 22
12 30 38
26 49
1 41 43
2
43
30 36 41 44
40 45

20
5 15

12 27
5 7 15
21 38

17
28 47
8
3 5 12 15 34 40 45
29 40 45 48
5 18 48 49

5 15 31
37 44
39 40 45
41
3 29 35
5 15
6 22
5 10 15 33
40 45
7 11
19 44 49
44
3 5 15 26 28 47
34 40 45
5 15 32
3 4
10 40 45
1
40 45
7 13 14 35 46
0 28 49

3 11 13 25 48
18
15 18
3 15 27 32

40
1 2 5 15 20 22 41

8 29 38
36
20 38
40 45
5 15
26
27 35
18 26 28 33
29

5 15 40 44 48
16
25

5 12 15 44 45

5 10 15
5 15 26 47
42
15 40 45
38 48
27 35
48


17 29

15 47
4 5 15
9 36 40 41 45
5 15

46

0 21 30 33 34 40 45
1 5 15 24
5 6 8 15
25 33

42
5 15

11 13 19 22 39 40 45
1 3 4 19 27 34
5 14 15 17 48

6 34 40 45
0 13 45

5 15 29
20

16
33
40 45
5 15 27
19 40 45
48
1 17 26
37
40 45
40
47
5 13 30
5 15
28 42

5 6 15 34
20 33
41 42
32 36
0 12
27
10 30 39
5 7 15 46
20 31
17 46

0 8 17
25 33 40 45
33
21 31 40 45
0 49
14 30
14 45
6
17 37
0 9
21 24 48
2
19 25
0 2 36
17 27 40 45
6 11
35
5 15 47
33 40 45
9 10 14 20


6

5 10
18 22
29
0 5 15 23 31
35

38
1 24
40 45
26 38 40 45
5
42
16 40 45
13
2 17
5 15 27 35 39
11
19 31
5 6 15 20

19 38
12 33
34
5 15 47

0 31
1
40

5 14 15
5 15 33
32
13 26 30 49
23
10 17 40 45
26 34
23 40 45
10 17 44
37 40 41 45
42
13
20
46
17 32
34 37 40
43
42
40 44 45
10 22 33
5
40 45 46 49
0 7 13
12 13 40 45

13 44
30 47
18
5 11 15
7

14 40 45
26

26 45 49
21
4 21
39 40
13 31 40 45 46

16 39
12 21 25 40 45
5 15 46
16 30 42
20 28 33 36 40 45
30 31 40 45 46
13
5 15 17 49

40 45
26 40
5 15
18 41
0 1
8 23
7 40
4 17 25
26 39 48
20 27 40 45
0



40
4 5 15 22


28 47
7
3
3

0 29

48
5 15
5 15
5 22 28 38 48
5 15
5 15
8 29 33
8 16 22

40 45
40 41 45
20 22 40 44 45
7 30 40 45
26 44
11 12 27 44
5 9 15 32 35

44
5 13 15
1 40 45


0 11 14 47
26
3 18
2
28
0 1 16
29 40 45 48 49
1 13 31
5 15 45
12
8 16 40 45
27
40 45

40

35 40 45
33
5 7 9 15
26 28 40 42 45
30
10
22
22 28
5 15 25 27 41

45
38 40
39 40 45
24 28 40 45 48
40 45
40 45

7 35
40 45
40 45
31 33 47
5 15 24 39
34
17 35
31

3 7 20
14 23 40 45
17 41
7 32
44
34
3 6 19 34
42
15 24 48
0 6 28 39
5 15
19 40 45
36 43 48
5 15 33 44
10 28
46
47
10
17 23 44
0

40 43 45 46
37 39


2 31

7
4 5 15 18 38
27 37 40 45


0 42
31 40 45
47
2 6 10 38 40 45 48
4

17 37 40 45

22 28 42
19 35
10
42
6 45

18 19 46

5 10 15
27 28 42 49
34 40 45
5 15 40 49
49
2 21
3 39 40 45 47
26
14
5 20 29 33
38 40 45
40 45
0 1 14 23 24 44
36
40 45
7
5 15 30
29
16 21
10
18
4 5 29
40 45
5 9 11 15 25
20

17 18 40 45
2 7 8
30
3 46

10
1
2
34 35
5 15
18 42 48
34
15 30 40 45
25
40 45
25
12 30 48
32 40
5 15 24
2 16 25 40 45
34

15 33 40 45
31 34 48
10
5 7 15
5 15 39
40 45
4 7 41
19
1 5 15
10 22 31 40 42 45

18 24 25 26 41
10 34

5 15 20 26 34
8 35
41
40 45
15 28 40 44 45
44

8 10 46
4
1 8 18 29 42
8 40 45
19
5 33
10
5 19
34
14 30
5 15 25 26

19
12 45
32 44
2 5 15
38

18 37
3 29 40 45

21 22
43
5 15
42 45 47
40 45
5 15
12 14 23 37 41
44
1
33 42
26 36
5
1
41
45 48
40 45
31
7 10 11 46
5 9 15 25
35 41 42 48
12



15 18 23 27
6 21 39 40 45
1 40 45
2 12 15 40 45
5 15
36 42
22

7
12 13 19 21 40 45
10 36 40 45
33 37 42
40 45
9 27
5 8 15 20
19 26 41

26 28 43 48
5 15 46

6 20
8 9 13 40 45 46
15 40 45

17
1 34 36 40 45
10 16 20 38
44
21

5 15 47
33
0
36 40 45
5 15 39
5 15 21 27 36
5 15 25 47
11 46
3 37 47
5 9 15 45
1 5 40 45
9
5 10 15
1
9
2 16 18 34
13 16 23
4 15 23 31 38
28
20 33
5 15
9
20 28
40 43 45

11 40 45
40 41
25
6
5 15 19
3 8
9 11 40 44 45
1 3 27 33
6 47
5 15 27
5 15
5 14
28 40 45

4
4 15 43
5 15 19
4 5 15 29 46
20 33 38
5 15
26
13 22
25 38 40 45
10
12 30 40 45
13 40 45
11 47
3 22 37
32
5 15 47
4 19 36

44 48
20

5 15 45
14 40 45
6 46
23 25 40 45

5 7 14 15
40 41 45
1 30 40 45
41
5 15
26 29

9 17 40 45
2 39
2 4 5 14 15 16 39

24 28
27 40 45
7 12 22 30 40 45


44
5 15 30
12 47


30 32 40 49
22
13 20 35
9 16 27

2 28
40 45
5 6 11 15
18
5 16 18
35 40 44 45
33 40
14 38

26 33 34
22
29 40 45
2 18
6 19 26
45
10 40 44 45
13 17 23
18 32
1 6 13 41 48
5 15 29
5 15 38 43
31
5 15 24 36
7
8 40 45
40 45
5 14 15
9
24
17 37
0 6 16 31
40 45
30
15 27
5 15 40
37 40 42 43 45
14 17 21 28 32 35
7 28 36 40 45 49
40 45
25

15
40 45
23 37 40 45



1 10 28
30
11 36
39 40 43 45
2 5 15
29
5 15

3 48
31 35
11
48
32 40
27

12

12 20 40 45 49
10 11 13 15 19 40
15 47
42
29 33
8 33
2 5 35 49
17
16 30
17 40 45
5 15 35
9
4
21 40 45

40 45

13 20 42
8 12 34 40 45
43
5 15 35
10
1 26 37 43
8 12
10 11 15 38
5 13 15
5 15
29 42 48
12
0 19 23 37
18
0 1 35 47
15
8 22 30

5
5 9 15

19
5 8 15
23 30 40 45
19 44
15

5 15
1 26 46

5 15
36 44
5 33
24 40 45
14
25 42

31
10


34 46 49
6

0 2 7 33 43
29 32 40 45
14 27
23
40 45
12 21 24 26 28
5 13 15 45
14
2 5 7 15
40 41 45
8 16 40 45
33
3 48
40 45
28
20 36
5 15

12 26

4 30 36 42 46
35 40
7 24


5 15 40
28 46


3 11 16 35
1
28
5 15 23 32 41 44
4 5

5 11 13 15 16 35
31 45
5 8 15 17 31
5 15 41
2 5 15 35 41 43
5 15



5 15 20
40 48
24


3 42

5 15 38 48
10
40 43
10
24

9 18
5 15 24 30
47
42
29 30
15 17 39
10 37
46
13 42
9 11

7 22
3 17
46 47

18 44
30 42
5 15
20
5 15
5 15 27 36
15 16 36 38
1
1 5 10 15
12
7 20 40 41 42

33
11

17 25
11 31 32 33 36
9 47
37
5 13 14 15

7
5 15 35 44
28


41
5 15 38
25
35

47
20 32
37
47
16
5 15 18
35
32
15 42



32
39 40
5 15

1 21
5 15 33 38
12 36 47
8 18
39


10 23 25 44

5 15 47
25
1 12 14 34
23 49



27 44


2 5 15 18 36 41 43
4 15 35
38 39
5 15 30 41
39
0
10 48
3
2
2 5 13 15 26
2 10
5 8 15
23
5 15
5 15
3 40
5 9 15





41




40

38

29 39
8

22
15 19
30
13

0
5
4
13 41
5 15 16 39
5 15
21 23 30
7 11 15 35 38
1 16 33
5 13 15
35
8
30
5 15 18
5 15 19
16
5 21 45
9
15
5 13 15 46
2 40
3 5 15 30 43 45
28
17 41

26 42
7
2 25 43

25
21
11 16 18
0 10 12
47
5 15 29 38 39
49

22 24 30

40
16
4 20 26 30



32 33 34
4 17 26 28 40 47

4
20 37
4 17 38
31
24 35

27

0 25 30
10 23 29
46
28 42
11
39
26
36 48
19 38
3 39
18
6 37
20 22 37
34
4 18 25
3
39
15 42
38 47
6 9 31
5 16



44
24 28
44 45
1 3 34 49
38
23 43
9

19 37
16

9 21 22 49
31
33
34

16


36 40
7 45
33
10 48
42
35 40
26 30
13
1 13 16 43 48
34 36
14 15 21 37
31
26
10 14
45

6 12
30 39 43
14 38
2 4 35
10 27 29 33
5 16
12 49
31
21 24
16 26
20
32 36

24
8 21 38
7 26 27 40
0 18
5 13
12 41
42
15 24
6 28
0 15 42

26


5 23 35 36

9 44

1 42 48

7
1

47
1 4 16 30
24 46
38


18 33 38 48
21
45
25


32
33 34
1 19 27

17 38
12 23 46
19
4

11
9 16
29 30
22 46 47 49
4 41


17 29 36
47 49
9 33 43 47
7 46
33

43
13
33 45 46

25
3
18
5
44
2 32
38 45
9 27



24
16
16 22
15
4 47
37
35 36

29 40

45
42 45

17 47
16 17 33
1 3 4 27 33 45
0 9
12
10 19

48
37
36 46
8
21
0
36 37 44
4 34 45
12
13
5 7 12
3 14 23 47

20
19
4 6
4
27

10 19 24
19
1 29
39
15
9 22 37
16 27

8

7 33 44
20


20
6 19 37
31 32 36 38
10 24 38 39

47
1 7 29 31

13
6 10 32 48
25 28 29
21 35 42
30
46
15 32 41
7
43
11 39 47

45

9
34
17 18 42

4 25 49
2
27
0 3 16
42
47

7 18
8 38
37 44
12
41
15 17 40
11
20 33 36



30

9 44
6 25
2 16
9

43
8 23
29
2
5 6 37

8 21
2 18 26
25 28

5 43 45
6 43


7 20 25 39
15
17 18 33
10 31
2 43 48
14
32
3 6 12
11 15 40


6 18 46 49
8 28 34
47

17 27 45

5 8 21 25 34 46
8 18 23


22 35
7
34

17 23 27 43

21 28
3 33
39
18
15 42
26 36 45
5 13 35 42
28
13

8 31
6 12 19 37 41
25
10
42

34 39


28 30 42
17 24
33
1 5
14
1
34
3 21 26 33

17 22
48
22
30
45
0
21
8 27
31
8
10 41

4 13 27 31
27 32 44
38

4 19 48
48
19 36
42
14
3 8 24
33

1 34 36
1 2 9 17
28 29
16 28
4
41
27 29
31 48
31


12

40
8 29
31
31 40
36
38 42 45
24 29
27
11 27 45

11 45
15
15 44
28
43
14 17 34
20
14 35
28 39 46
23 31 38 46

14 43 44
30 31 39

4 10 13
2 44
17 43
2 49
20
14 38 41 43
0 11
13 42
5 26
5 20


49

27 30
6

31
26 32 39
14 29 30 40
10

37
26 33
23
44 48
3 12 25 42
23 47
29 31 42 43
30
6
14
25 47

41
3 7 46 49
0 23 49

0 3 35 49
39 45

13 46
22
3 7 21 30 45
6 24 32
1 13 21 25 32 48
2 5 35
12 26 27
8
34
36

4 45

3
12 29 30
1 24 26
0 2 33 35 39

21 25
0 45
0
27
22 31
18 30
8 41
21 49
6 32 49
4
42
4 44
3 27
13
13
38

45
1 44 48

0 2 9
1 13 27 30 31 36
3
15 29
3 46

6
16
47

22

31
47
28 35 40
47



3 42 45
23
28 36
6
15 38 43

28

5 12

10 44

25 31 46
1 16 29
17
29 47
7
29
46
6 39
37 44
14
13

0 30
39
24 25
12 18 19
15 16

0 22 45
15 38 44 45
9 17


6

0 10 15 38
18 21 28
13

33


45
3 30
1 6 42
25 44 47
8
30 36
36
12 26
8 9 43
6 24
36 45
2 11
36
8
3 9 32
5 44

42
1 12
33
13
5 23 28
31 42

30
16 44
20 39
13 20
2 11 42 44
16

1 21

49

0 23
12
9 16 29 35
35
24 28 31
16 31
9 29
17 26 40
8
32 38
41
12
32

34 49
17 18 30 40 45

41
7 24 29
31



5 24 45
6 14 29 30
28
17 24 40 49
39
5 16 34 43
33 37 40
2 16
28
6 14 36 40 44

18
39 44
14 47
15 18


41
19
4 9 25

16 36
27 45
20
19

16 22 25
13
4 20
8 16 30 31 33 35
48
43
13

29
41
4 37
46
18 40
14 19 26
11 16 24
10
26
32 43
20 49
16 18
21 31
49

27
5 6 20
32
20
19
37
5 9 42
1 4
10 24 46
37
4 48
25 46

21 24
25

5 6
6 18
22 34
31
18 44 48
11 20
35

1 9 20 28 37
35
49
34 37

7 27

4 7 32
21
19
42

7 36
47
4 8 19 45

22
9 10 42 46

2
11 23
6 41


6 38
49
11

25
48


31



0 29 35
30
2 16 25 30 42
4 25 28


5 49
27 35
29
8 10 19 39
43
10 19
20
18
11 49
17 34
2 18 41 46

2
0 21
20
11

18
25 47
2 17
12 22 24
23
10 41
25
45 48
22

19 49
5 29
31 46
9 17 33
0 20
22
7 33
8
8 35

40 41


8 14

2 48
33 34
23
38
15 34 42
17
22
0 28 41


46
37 39 42
20
8 13 20 27
17
24

2 13 40


10 37 42
6
5


2
4 7 41
1 9 32

19
2 23
33 35
38
0 34 41
5 47
1 3 21 39

3 14 31 49
11 35
10


15 49

43
1 24
26
4 46
31
3


23 26

25
14

17
6 8 47
27 33
21 34
5 21 42 43

3 16

10 11
26


48
17
8

17
37
48
7
12
27 29

45


10
37 42

21
6
10

28
9 32


19
31 32
32 35
2 4
14
34 35 41
14
38
13 18 44
5
10 25 30
36
31 38
21
6 49

18
32
0 8 37 41 49
18 49
29
25
28 36
40
38
14 16 24
4 11

15

31
12
40
47
20 25
16 22
12
33 34
40
2 40 47
16 32 47

29
3
1 24 33
8 21 30
11
10 15 30 37

46
48
16 29 32 38
43
7 17
11 35
4 28 47
19
24 30 43

6
14 32
38 40
34
15 23
34
6 18 29 39
19 42

8 11
26 27
23 26 32
38

1 38
32 34


5
4 19 29
11 29 33 40

0 2 27
45
1
11
20 38
29
29

12

10 19 40
42 49
0 31
11 13 14 36 41 45
14 49
2 10 16 22
18 40
32 44 48
13
10 45
12 18 24 41
18
14 36 41
38
9 19 42

27
7 22 48 49

0
35
13 36
27 30
5 17
0
42
39


1
42

32
21

18 38
16 31 45
36
25 41 49
21
47
1 37
19 29 41
9

48
46
33

17
14 38
5
26 28
2
39 43
15 28
33 36
12 32 45 46
28
10 19 20 36
18
14 20
27 35
8 41
12 18




49
24 37
12 46
4 21
3 4 15
9 21 22
9 12 40
20
12
25 30 36
26 39
2 36
40
1 25

28
23
5

9 17
21 33 38

23
20 45 46
30

4

10 33 38
37
18



42

7

6 37

10 42

13 18

29 47
4 47

18
16 19 21 37 40
3 17
3 34
40
16 17 43
0 25 32
12 16
22
20 45
2 29
39
0
31
27
10 20

10
9


23 34 47
17
14 23 46
7 15 39


21 24
4 7
11 21
4 5
18 39
36 47
0 27

35
1 4


19

18 26 49

6
13 27 40
9
43
14 31
8

9 10
1
41 43
17 37 43
2 32
44
39
24 47
41
33
21
0 12 47


16 22 39

15 17 25 33
0 9 40

24 29
43
41 45

39
0 40

45
6 35
9 19

15 30 42

3 25
4 45
10
2 42
8
0 19 25
31 34 41 49

14 18
16 31

8 20
38
40

6 7 27 39
28 38
7
39
11 14

0
34
20 35
1 9
25 40 44

13
10

20 44

23
7 23 26
25
1 37
20 32 37
6 36 39
6 48
32 34
8 13



22
22
43 47


22

19
5 28
23 34 37
41
16
35

45
36
46
17
18
7
22

15
4
47
31 35
18
35 41

28
20 28
27 35

3 21
31
13 42
25
9 38 46
12 20 45 48
29
27
21
48
20
21 41
19 30 38 45
24 34 41 45
34 47
12 22 31 46
22 45
16 24

0 1


15 21
19
28 44

7

32
15
0

27 39
20 46
35
19 37
31 34
17 30 49
47 48
44 49
8 29
4
6 15
14 23 31 49
43
3
2 4 38

24
30

37
31


47
0 16
5

18 34
5 8 14 15 31

12 30

0 4
33
26
17 41
0 30

5 19
23 34
20
18
18 24


37
44
20 24
5 20 33 36 40
15
27
27 37
8 18
0 32 38
27
2 6 19
11
45

15 46
13 48
5 15 30
8 30

10

6 28 32


28 33
6 15 33
11 18

38
9 45 47
24 25

1 4 44
37
6 37 46
6 21 39 47
23

14 18 27
25
5 8 11

8 34
8 13
9
9 26 28

6 14 18
16 26 32
6 21 43



9
34

12

13
5 25
34
12 27 39 43
7 16

25
12 15 49
21 37
6
34
12 18 45

2
1 22
2 49
11 32
11
18 36 46

25

2 13 14 22 47
11 23 28 41 42
3 24 44 47

5 28

14
26
33
16 41
2 39 49
41
0 29 33

3 9 48
48

15 17
34
1 12 36 43
11 29 45
3 7 44 47


44

31 44

17
0


10
1 10 17 18 32 49
34

1 32
13 36
21 41 45

6 25
49
1
18 31

17 25
1 4 37
5
32
24
15 48
9 49

6 15 35 44 45
7
2 42
42
21 22 48
22 30
14


23 28 39 47
21 22 46 48
39 49
13 48
12
1 25
7
42
21
39
9
46
16 19 36 49
2
41
31

12 15 28 35
46
1
35 37 39


12
27 35
3 37
11 13 26
8 25
17
8
25
38 46
9 15 31
3 8 19 37
8
35
43


18
48
43
14
16 37 40
12 20 48
23 27

26 28 46
23 38 41 42
17 22
32 42
6 37
25 36

8 9 31 43
33 35
24 44
5 10
2 34 38
21
8 32 48
0 9 37
33
13 32
47

37 40
33 39
3 14
0 8 49
5 43
41
9

27 40
3
43
21
24 31

6 18
23 35 41 46 49
5 14 35
7 22
21 31
2
25 26 29

18


29
1 23
8 34
28 44 48
43

15

13 42
29

8
35 46
13 18 20
21 30



21
37 42
39
14 44

21 30
12
38
23
18
18 21 32 49
48 49

22 25 28 46
47
34
0 4
24 44
24
46
16 17 24 26

19 41
4
11 25 36
32
29
20 30 36 41
4 6

10
29 40 42
11 18 21
10 35 36
1
11

18
42
16
2 27 34
34
12 17 30


1 14 20
3 22 32
39
32 47
3 9 20 22
24 30 38

49
36
14 25
15 36

2
32
36
48

44 49
0 11
33

13 21
11 17 41
22 45
16

32
45
6
7 8
43
4 11 43
22 23 31
16 34
35
15

11 46
22 48
6 43 48
39 47

1 43
2 21 35
30


5 10 25
24
28 30
36
27 49

0 10 17 37 46
43

33
2 49
14 22 32



22
43
41


0 40 46
17 28
24 33 34
15 38
6 42
31
27 33 35 42 47
27
11 16 18
1
22
3 8 28
19
7 12 36
16
48
12 43 46 48


23 26 34 37
13
22 44
43
14 43
32 34
3 33



25
43

12
26

26 31 40 48
23
5
29
6 49

13 24

15 43
19
8 26
2 48 49
11
8 25
4 10 29 37


4

16 25 49

6 8 29
27
19 23

32
13 31
24 28
30 31

29 38
6 16 17 23 27
19 35
24

2 5 31 47
13 19
20
36
24 31
5 27
3 19 25 41 42
15 26 32 33 46
34 40
40

3 32
3 34
11 18 30
35
18 29 33


34
3 6 7

5 24
0

44

11 41

8 42 46
30 45
14 32
38
7 12 38
24 32 33
23
2 13 23 25 36
15 33

17 18 41
8 13 20 36

12
2 11
35
5 21
5
20 34 36 48 49
44
5 23 26 28 47
44
31
3 27
8 12 46

8 18 46


6 35 46
14 29

0
14
32
19

13
7 14 24 27
14 40

35
7 41 43
15 17
1 20 39
11 41
11

29
8
0 43
36

18 25
3 15 30
32 43
9
8 39
42
6 9 46
21

28
24
7 31
21 32 37
0 40
0 9
13 45
0 18


37 49
11
20


10 26 29 33
25
23
5 37 41

14 30



2 44
4

40
8 23 32
6 23 25 33
23 42
39
6
11

6
42
18 32

0
7 20
32
19 34 49

11 12
4
16 24
39 41
22 34

2
18 44
8
4 9 10 30
13 19 49
10 13 35
18
32 35 41
24 46
1 24

24 27 34
13 17


18 35
45 48


37

21
20 42
35 40

14
19 25

1 42
0 10 13 19 24 38
26 33
3 5
42
20

26 45


41

8
6 37 49
46


8 20
5 10 34
45
19 24 40 48
18 26
3 15 34
26 39 45 46
11 18
44 45
18 38


16 33 48
35 36
48
3 20 43
35
15 38
0 17 30 34
13
29 46
49
18 41
1 2 3 39 46

17 23
13 23 47
11

17
10 26
25 27 39

48
11 28 41


41
45

43

13 26 46
22
15 29 32 45

11
29 38
22 30 39 48
25 41
10 36
40
14 22 38

0 11 21 39
11 13 46
36
2 48


1 13 30

0 10
37
43
1 20
29 31
48
9
26 40
27

16 35 47
30 44
6
7 11
28
22
47

29 30 41
13 15 31 35 48
45 47
29
3 14 48
31 44
29

23
25
3


26 28 33
25 42
0 42 47
22
26 31
36
9 45
33
46

40
48


6
1 12 43
9 19 21 28
15 18 49

47
0
4 7 49

11 48
32
20 26 35 37
49
1 28 40
22



7 49
18 23
39 49
19 42
9 18
46


14 25

32
13
31 36

43
8 13
7
16 17
18

10 25 38 48
2 41
30
4 18
17 24 30
11 23 35 36
2 10 35


0 39
21 37

41
4
12 18 44

24
33


13 36
16 25

46
4 35
6 12
10 12
7
11
19 30
28 33 47
33
13 19 44 45
16 34

2 13 15 47

42
43
4 6

47
28
32
1 24 39 40

14 47 48

8
17



0
43
11 29

46

7
2 41
2 7
14 48
9 24
18 43

7 19
14
20
25
25
21 31 43
0 36

1
0
40
32 33 44
6 34
21 31 39 40 49
32
1 47


14 45 48
9
7
12
20 43
16 25
15 45
17
5 10 45
2 12
10 13

20 29 44

24
33 37 45 48
1 8 30

25
18 43
30 31
8


21

18 34
0 14 47


48
42
29
1
33
41 45
34

8 38
44 45
44
14

14
1 8
18 20 24
16

17 22
5 15 40
0 29
23
8 37
11
23
5 44

6 8
18
7 38
16 26 35
35
3 7 11 18 41
25 42
1 20 42
26 41
27 40 47
33 38
43
18 29 32
15 21
11 13
1
3 6 48
34


7
2 6 13 22
39 44 48
26 31
5

0 18 37
12 36

35 43


17 40
1 14
14 21 43
19 20


1 40 46
5 29 30
47
19
19 36 44
4 14 42
3 48

1 8 10
15 24

4 28 44
2

18
13 35
26
36
26 28

14 37
6
48
47 48
20
32 47

4 28 39

39
8 27
16
11 47
13
4 20 43
3 4 16 18

1 30
2
21 28
42
29 33

28

20
30 34 41
41 43

29
16 42
13 14 16
24

2
23 44
35

20 37
16
43
6
19 33

20 38
18
11
22

11
0 5
48 49
5
22 28 36
27
45
32
0
13 40
19
4 11 44 45 47
7 22
8 15 29 39

10 38 44
16
26
12 41
48
19 21 36


10
40
42


20 44 45

24 26
12 36 38
46

0 20
13
12
13 15
30
5 17 20 43
42

2
27 45
0 48
15 21 38
6
39
47

22 36 46
46
1 27
11
5
0

34
5 15
16 33
5
40
8

35
4


7 38

38 43
1 10 36
17
12 13 23
32 48
8 9
30 42
11
5 13 46

14 16
33 40 47
24 46
10
44
4
9
23
12
17 43 46
8 28
29 32 42 43
9 10 11
3 20 23 26 30
9 28 35
4 42 43
15 30 33
31

30

0 15 46
1 24

16
7
22 34 44

15 45 49
49



26
6 25
40
2 3
27 39
16
30


3 34

2
8 15
6 32
11
38

45
38

20 44 48
17
4
3 21 31
5 19 22
17
12 16 29
32 34
47
14 28 40
2 3 20 30
4 14
11 23 43 47
2 5 30 31 35
20 42
48

1 35 36
27
13 33
37
13
8
47

12 32


7 18 21 49
16 29
18 41
44
38 41
8 14
18 27
9 25 27 33 40
28
46 47
14 28
7 45

1 44


8
20 25

2 10 13


8 9 10 20 33
0

16
33
24 28 40 48
14 20
2
11 19 25 41
45

36
49
6 10 11

21 34
7
30 46
37
14
47
12 32 35
10 18 28 36 37

48
15 22
44
26 27 37 38
0 29 41 46
14 38


14
14 17
23 27
7
0
38
16 28 29
13 38 48


17
3 4 15
7 49

40 45
16
8
15
4 18 28 49
31 47
31
26 39
33
21

25 39
22
10 31
22
8 28
45


30

28 32 33 48

14 37 48
6 20 27 28
14 21 28 40
30

10 11

45

16

32

15 41
4 17 21
10 13 22 31 33 49
7 10 13 15


9
31
3
12 40


10 25 40 41



22 32



35




21 38 44
2 26 30
44 48

36

18 38
8 19 40
24
9 34
9 44
10
7 13 14
18

23
39 41

8 10

6 14 22 38
18 39
1 8 40 47
10 22 29 46
9


6 24 31 42
31 39

30
44
15 16 31
12 44
40
34
37
2 30

46
0 14 38
44
10 13

6 31 34 42 45
36 38
11
2 13 40
24
0 13
30 39
46
24
22 42
12 20 21
4 5 6 42
6
16
0 41
16 32 38
24 47
16 38
5

46 48


2 27
11 44
10 43
0 6 19
14 31
3 28 41


31
18 29
13 44
11 20 21 38
14
3 4 31
27 46
17 20 26 30
10 32 44
22

39 46
17 26 35

4 43
0 1 45
0 8 37
43 45
15
9
40
2 12 32
49
8 21
11 26
13
31
3 23
10

6 8
3 5
9
3 5 8 46
33
24 29

13 18 19 36 41
21
22 27 30 36 39 43
9 23 33 35
46

41
3

28 34
20 35
35
6
9

0

11 45

6 43
45


3 11 46



14 22 43
46
28
9 14 30
16 25 34 39

27 45
11 21
7 19
41
14 19
6

0 40 49
3 24

15


17 33
12 22
36 47
2
10
42 47 49

27
45
21 35
1 9 14
5 12 13 26
36
10

35
11 17 36
47
18
3 30
11 25
31 37
3 10 25
42 43
3 5
30
18


42
41 42
46

19 48
28 44
26 34

5 7
2 31 37 42
5

0 39
13 38

35
42
41
18 37
28 34
19
7 21
35
26 46
3 48

20
3 9

17

36

20 38
3
2 44

3 27 41
9 15
0 2 41
17 25
24 27

48
26

2 12 13
33
22 39
1
1 19 21 49
27
11 16 39
3 47



33 38
30
23 41 45
6 14
27
36 39

3 19

6

35 47
45
19 34

11 12 28 29 37 40
3 34
21
8
25 26
10
0 21 49
21 41
11 35
40
38
0 19

12

8 29
0 2 30
19
31
10

28 43
12 15 31
4 17 48
15 17 38


12 21 35
6 10 12
29 33
9 34 43
11 17
6 33 46
9 22 38
2 32
2

48
36 40

38 39


3 31 47
14 37 45
4


31
3 49

27 37
7
8 22 40
3
28


1 14 27 46

37
14 29 40
17 33 47


19
49

5

48
20
11 13 25 46
13


5 17 47
14 27
40
12 20
8
12
25 27 30
3

12 32 45
16 34
0 4 23 31 34
1 28
23 31

22
39
43
27
40


2 34
34
41
11 41
41
12 21 22 30 36 39

20 22 23

4 21 34
43
5
45
0 1 32 46
37

28 42
0 30
6 20 23
37
17
18 31
29
46
9 20
22 49

14

3 14
5 9
32 37
43 49
7 36
31


14
6 8 28 45
6 23
26 32 39 45
8 10 22 48

26
32
29 31
2 35
7 45
28


33 41
2 17 29
29
22 32

2 29 39
30
7 43
21

13 26 45

5 34
16 18
34
32 36
34 43
12 32
23


29 45
10
11 41

6 12 17 26 39

6


7 26 36
12
42 48
10 12 13
0 13 18
31
8 23

45
24
22
28 32
20 32
38 43
0 7 43 48
9 29 42 44
10
2 16 38 44
42

11 33 48
37
17
35 48
12 29
0 6 33 42
16 17 24 33
2 4 15
19 40

40
46
6
11 35 36
18
24 40 41
15 18 24 27 41

28
13

46
47
24 31 34 38

37
15


4 49
22 28
8
16 26 45
45

36 39

47
1
10 20 29
38
2

44

17


19 33 38 43
44
3
11 47

3 48
7 40
0 3 15 25 38

7 19
9
5 18 49
19 36 49
27 47
2
34 36 42
22
2 45
13 40
17 42

47
9 21
22

4 25 28
32 46
35
12

31 44
4 41 48
11 37
21

10 14 25
8
4

1 18 23 49
20 42
0
18
19 23 28
24 38 46
6 17
6
27 28 29 30
6 15
7 15 28 40 46 47
7 30 41

4 28 47
19 44
6 17
20
41
10
16


10 19
46 49

15 19 44 48
18 39
39 44
18 48

28
13 17


36 37
4 12 17 22
14 44

0 5

4 28 42
25 29 35 45

30 39
10
0 13
22 43
11 48 49
10 39
39
27 44 45 46
4 32

1 4 39
13 21
3

31
0 1 10 48
10 22

40 42
9 46
12
31 36
6 25
20 49

9 39
18 21
22
22



39 47
26 29 31
8
25 37
18 19 22 26 41
42
32 41
7 13
7
12


11 49
12
10 15
12 38
18 40
33 45
18 49
16 24 27 33 45
24 38 48
5 11
39
18
5 40
8 9 13
8 16
4 5 25 34
3
7 23 29 41 46 48
6 13 31
6



16 39
30

35 37 38
18
18
48

35 49
0 31
19 34
20 36 45
30
46


2

13 36 39
3 41
47


7
12 40
46
12 18 49

5 8 23
15
4 11 14 34 35


30 43
8 26
4 17
0 13 30
13
1

44
20
2 11
38 44 47

46 49
39 42
45
45
13

13 36
0 45
14
21 23
39
17 38
19 49
8 21



30
35
31 40
15 27
13 42
9 32
18 30
9 33
12 47
5 29
15 44
0 1 48
18 39
0
7
5 19
0 24
23
16 36

44 46

2 13
14 16 17 38
38



8 22
35
3 35 42

43
5 7 33
6 7 21 28
12 28 45
1 22
30 49
27 36

12
32
19
10 12 24
14 25 45
45

3

12
9

3 20 31


43
45
3 4 8 45
25 49
32
46 48
43
22 23 49
20 46
25
6
0 3
0 24 25 46
8 38
20 26 33
3
1 34
7
37 48
15 38
34
30 46
16 29 33
4 39
22 44 48
18
15 49
2 9 36
25 31
31
10


16
23
13 46
7 26 36 47

2 9 45
3 12 35
19 23 39
11
6
0
37
19 21
10
30
3 14 18
25 30
10

11 17 41 47


5 9 30 41
47
4 20 22 49
6 26
49


3 26 30
24 30
1 7 27 28 43
24

7 31
8
29
17 36
16 30 48
11
7 13 15
0 13
31 43
12
34 35

34
12
38 40
30
6 47
1 27 40

8 18 31 40
4 5


3 9
4 13 34
33
0 45
1 28
34
7 49

20
5 13
4 16 23 27
6
19
25 35

43
34 41
8 48
21 46
34

2 17 20 47
11 18 40

19 29 44
47
27 32 35
4 45
4 11 30

8 33

28 32

15
18 42
5 18


4 10 18


21 32 36

5 43
38
1 18 37
2
12 40

9
0 31
33 46
27 38 39
7 15


10 31 33 36
38 44
16 41
25 26
30
42 46
21
5 20 30

18 20 47
17 45
34 36
1 6 21 37
5 32 46
4 15 25 44
20 25 26 49
4
13
37 43
20
21
17 40
38 47




48
32

4
1
3 25 43
43
25 29 32 37
31 32
21
49
34
4 35
13 41

12
20 44
4 44
31 33
14 17 42 45
7


23 42
36
47

0 38
0 1 40 46 49
3 16
20
12 18
6 32 36
39
13 35 48
11
0
1 21 27 42
44 46
49
6 31
48 49
2 37 47
4 18 25 35 40 48
3 20
4 5 31 41
15
13 16 38
10 13 30
10 14 26 46
27

2


43 44 45 48
19 40
35 49
1 37
3 34


7
8
6 36
9 38
9 25 32
8 16 24
26
24


15 18 29

10

45
40
12 18
22 25 27

15 45 47
9 16 32 37
28 44
7 14 21 22
7 18 29 46

16

17

27
13
2 16 49

26

6
11 22 28 29
25


9
24 26
36 42

16 40
6 37
7 9 17 19 20 29
8 45
12

20 26 48

37
3
3 20 22
13 41

37
2 8 15


31 36 37
37
26
21

29 36
11 18
7 17 35 45 46
41
10 35 37

7 24
4 8 20 27
18
27 38
2 6 16 47
19 32 48

31 43 46
1 27
33
3 17 32
17

19 30 32
5
47
15 28
11 35 46 48
0
15 22
32
25 35
16 36 40
19 30

46 48
23 46
25
17 18 19 32
8 30

4 7 48
46
21 37 45
15
43

27
39
9
36 41 48
49
33 44
29
15 32
34
0 36
27
5 20 37
14 32
13 33
30 31
14 20 42
32
16
46
5 6

29

38 49
8 28 35
41
11 46
13 23
1 11 41
6 16
12 22
11 36

7 42

35
12
4 13 14

23 35 45
5 8 10 33
16 18
15 27 42

47
43
39
10 17 35
20
45
5 9 25 41
24
32
40
24 48
27
30 31 43
0

33 40
48
47 49
5 26
16
8

34

19 31

16 27
25
32 47

8 10 19 35

41
20 46
2 7 12 14
8 29 46 48
7 27 36

7 47


8 17
26
13 17 23 47

19 45
41
16 32 44
38 42
31
5 12 26
2

32 43 44

0 12 40 41
5 16 20 29 42
24 30
1 10 17
15 44

5 36 46
6 10
40 43
1 45

3 11
0 5 7 17 30 44
5 29 30 33 44
25
22

30
8
34
5 42
8 18 25 38
8 9
25 29 46
35
27
13


0
17
6 13 24
12 27 32

21
17
44 49
47

8 42
33
29 32 48
3 27 37
9 15 19

19 24 48
0
9 13 28
6 21
1 41
15 38 39
32
18 41
24
44
5 11 16 21

2 16


5 29
21 25 37 38
36 43

44
24 44

16
13 25 40
3

6 33

31 41 47

35 46
12

14

4 44

18 25
26

47
3 10
12 14
10
19 30
16 43

17 21 31
23
24
15 42 43

25
31
17 35 45
9 20

29 41
21 23 40
23 34 41
13 24 43
4
10
19
8 15
23 33
19 27 40
8 19
9 33 44
28
22
3 27
17 43
14 46
17
18
8

21 33
41
4 6 11 25
2
27 42
23 47
1 2
30
19 28
19
31 42
26
2 23 28 45
13 37
1 2
29
4 7 41 44

13 16 32
8
7 20 30
9 47

14 42
11
4 14 40
31

43
7 26
31 39


35 47
8 48
39
25 45
31 35 48


24 45
27 45

13

30 41
32


27 29
14 29
15 24 40 44

19
26 36

42 49


3
17
31 33
10 18
30 45
18
9 10 11 48 49
41
40 41
34 37
25
18
12 21
34
25 40

3 24


10

20 23

24
1 34 42
34 42
8
33
4
1 6 32

14


12 13 26
25 30
41 43
42
7 16
31
11
6 22 24
18
18
6 14


20

48
1
16 39
20
25 35
5 6
34
24 47
24 46
48 49
1 3 10 17 34 36
18 27 36



35 41
34
1 26 37


11 12 43
31 34 42
31
31 46

21 49
20 22
28
18
16
42
2 24

6
23 25 28
8 15 25 37 38

22 44 47
38 43 45 49
36 46
43
11 14 40


3 8 40

10 33
26

0 1
2 26 29
0
8 42

43

25 45

17
0 18 44
49
40
31 37
2 4
7 31
6 11 22 36

36

0 4 12 25
5 6 9 18

3
41
14 35
15
10
8 23
17 31
39 43
10 23 46

31 42
30
12 36 37 39
14
5
23 24 37
16 28 30

2 17 29 30
25 35
16 36
39 41
15
23 49

39 48
12
39 45
26

48

0 28
19 41

45
4 28
6 42
32

4 34 38 49
29
6
16

28 49
37
17 31

40
0 5 9 15 26
4 15 28
3
49
1 17 44
22
9
27 30
30
7 10 15 20
10


4 11
10 33

16 35 37
16 20
41

15 25 35
27
29 48
6 22 34
33 46
13 26 30
8 29 31


33 42 49

39 41


3
32
36

20 28
17 21
1
17

18
1
6 46
2
14 29

41
8
27
8
3 37 47



1 29 34



9 22 47
17
27 46
11 43
3
43
5
5 30 32
13 14 43
36

10 11 28
26

18
8
10

6
8 11 24 26
8 20
12
10 17 34
31

8 27
25
24

40

15 32

31 38



12 22
8 25

3 16 21 41
32 36
12


46
23
1 26

19

19 27
13 43
11
5 6
12 15 25
4 9 34 37
10 26

14 30

17 45
1 9 32 39

2
5
27


0
31 35
32
6 42 44
37

33 48
8

3 25 39
26 34


49
42 43
29
1

13 23
29 39 45
3
1 24
19
30
37
24 29

17
16
38 45
8 13 28


42 45
34
39


3 12
7 28
42
30 41
10 20 24
36

33
4 23 37
26
2 20 25
14
7
1 16
15 29 38
48
17
8 9 13 20 48
9

31

18 38
42
30
4 14

26
11
19 33
0
27

45
6

26
24
22 32 34 39
35


42

8 19 33
16 18
25
16

21 28 32
14
1
22 36
27

14 17 38 43
44
27 42

17

30 31
3

39
47
7 40
34 36
15 17 49
7 36

3
1 30
12
17 28 43
8 47 49

1
19 31 40
29

39
30
37
28 43
18 32 38
36
16 17
19 28 29
22 27 45
29

41
12 27
16

27 29
2 4 23 27 31 45
22 36
47
18
24 43
22 40
25 33
4 28 29 32
40
28

33 42 44 46
15 28

26
34 42 43
11 12 22 23 39
40
13 37
45
6 30
15 36 49

2
2 13 14 25

12 15 42

30


22
20 21 42
16 20 44
8 18
18 25
5
15 48
30 43

1 17 29
3 12
28
38
27 30 49

21 34
4 18
1 38
16 38
18 27

30
8 44

25 33
28
27
49
15
29
26
10
15 23 25


10 49
18 19 24 41
26 44

0 3
46

21 27
14 25 28
44
34
20
34 38
34
35 37


17 25 39
23 40

3 40
25 39 49
5 9 40
12 29 48
21 46
40

3 12 14 43 46
21
3 22 35
4 12 14 26
42
11 19
16

45
1 3 30 32
34
6 24 39 44
18


28
37
10 17
10 37 38
1 6 16
7 31
35 48
29 40 42
16 31
0 16


0 29
19
17
6 7 10
44 45
38
19 27 49
1
0 4

13 33 39

8 48

12 18
25 46
39 41
23 28
33 35

5
17
9
32 36
41
25 44
10 17
21 23 34
4

14
13

1

1 22 41 44

16
47
6 30
9
22 42

8 35

21 39
0 35
12 33 40 48

23
45
30


2 40

16 37
5 29 46
13 15

17 22
26 28 37
44

5 8
0 22
5 10
4 12 22
22 38
24 40
5 6 17
12 26
39 45
17 32 40
15
2 43
14

21
5 9
4 34 40

2 25 33

47
35
3 8 24
24
22 38
6

15

14 47

31
9 11 35
0 7 41
47 49
0
46 49
13 49
7 37
2 8 16 40

34
29
5 12 28 40
10 24 25 33
3 29 30 45

16 47
22 30 41
13
21 48
45 48
12 33 37
14 25 28 30
38
21
3 17 26
32
22 31 41 46
11 48
26
5 14 48
46

2 16
0
37
6 11 36
5 6

37
25 28

49
9 13 45
14
15 26
28
0 24
3 18

4 21

23
16 23 26
15 46
12 24
5 34
42
22
40 44




20 37
7 13 41 46
7 30 35
1 39
31 38 44

5 11 28 30 36

5 20 30
15 22 39
5
0
34
39 44
14 22
11
25 27
12
44
7
11 29
34
3 25
5 27
32

0 38
8
8 31
6 8

20
22


18 34
17
18 33
1 21
8 35
20 21 25
21
42
46
38 46
35

10 14
0 14 35
4 5 44 49
22 29

17 23
6 19
24

9 16

19 22
38
40
4 17 18 26
5 26
30 44
39 41
13

6 30 48
18
14 29
19 32
6
1 43 47
10 40

36
3 39
8 16 25 46


45

17 33

10 32
32


33
30 34
5 33 39
16 46


7 47
46
8
26
42
31
30 37
8 21
32 43


4 19
4
7
6 12
46
16 19
21 25



20 21
18 30
41 44
14 15
27 32
47
47

25 35


3 10
1 39

10 14
18
10 38
33
39
19 21 26


31
19

3 19
33 48 49

27 39
14 15 41 42 47
11 34 48
37
9 20 38
37 38
7 8 48
6 41
32
29 46
12
16

17 32
25
36 41
14 22 27
34
43 46


45
5 31

14 32 44

1 34
13

0 33 43 49
22



44 49
41
33 37 42
1
9 28

29 49
25
8 17 33 41 49
15 32
19
46

22 43

17 26
18 20

23 48
14

16 36
20
14 41
21 27
30
27
6 14 40 47

16 30
25 45
15 44
33
8 14
2 4 10 28 46 48

8
3 49
26 29

16 27 31
12 18 39


22

17 28


5 14 21
2 5


7 23 27 48
7 29 31
2
12
22

2 22 26
8 36
37

22
42
7 23
18 22
30 46
4 11
4 13 39 43


18 29
5 11
3 18 29
37

14 44
8
4 15 25

25
3 12 29
15 33
9 49
2 23 28
16
24
12 46
14 35 41
0 11 49
38 42

17 37
14 15 44
10 48
45
26 39 46



26
0 10 20
36

16
49

21
29

14 15

16 47
39
35
1

13 19 39
25 31
0 11 17
15
16 17
49
6 7 12 34
16
14
36 40
4
19 28
22 32
10 32


7 22
16 29
8 20 23 41
10
44 47

19
26
44
15
46
0 37

5 11 41
39
3 34
12 39 47
18 41 45
5 7 32 41 42
14 26 29 45 49
10


16
13 17 22
21 44

22 30

15 44
25
15

11 26

11 20 29 43
7 23 32 40 45
20 36
25 33
36

4 9 35 48
2 12 17
10
45




10 17
26
1 13 42

1
16 18 43
6 7 25
17 24
10 23 37
27
9 32
6 47
2
21 45
14 45
2
16 46

6 14 15
7
3 34

2

21 26
20
6
43
30
7 31 47
44

13 18 32
14
19
38
13 28
29


3 9 37
24
29
12
7 25 30 36 43
2

4 14 21 26
21

12 45
2 49
40 42
39

25

0 21
6 19
47
33 35

41
0 19 39
43

33 45
20 49
35
32
23 31
14
20 24
5
30
45
16 31
5 31 49

9 24
1 36

17 43
21 37 43
0 10 49

5 18 39
22 29

0 10

9 10 26 32 46
20

5 18
37
9 17
17
32

26

12 15 22 34 47
37 40 43
28 48 49
10
18
1
1 2


0 47
1 6 28 39
1 36 46
4
25
7
20
6 14

13

11 39
33
12
3 23 24 46
8 18
39
25
29 36

48

37



16 40
33 36
21
26 33
10 25
29
31
8 23
12


7 46
43



22 33
27

10
3 8
9 49

8
47
22

13 14
14 45
30 43

21
11 37 49
15 27
19 26

16
34 48
19 25 34 39 45
16 38
10 45 49
8 18 21

4 42
22 23 34
29
36 48
24

23

35
8 38 46
10
31
0 22 37 43
4 35 38

42
25

20 33
27 45
6 15 32 38
4
29
7
20 23 34 38
1
22 37
4 8
49
13 28
26


35


14
37
1 44
25 39 43
19 46
35 48
8

24 38
37
9
13 44
10
1 49
20 31 37

45
32
5
32 45
1
18

5 18 40 42
3 30 37
5 27 36 38 42
28 47

33 46
27 39

0 46
47
26
1
10
2 9 26
9
19

9
42
23 40
1 21





27
18 46

16
36 39
28 39 46
23 26
1 10 41
15 19 27
32
45
2 11 18
3 13 38 47
10 28
37
49
41
13 22
8 46
25 28

10
23 47
7
0 26
12
42
23
5 41

2 16
17 41
9 24 27
13 34
23 34 49
6
0 13
3 48
31

17
6 9 28 30
1
3 40 43
3
22
8
29 46
26
20 46
14 20 39
33 35 44 46

2 12 19
46
19
16 33 46

15
2 12 23
11 48
10 47
12 47
10 12 48

38
17 38 43
16
2 9
19 26

25 49
38
14 17 36
14
20 35 47
8 37
29 48
36



9 11 38
13 38

17 23
2 31
0 37 38



12 21



22
41
29 47
5 32
32 37 42 46
32 40 42
47
33 47
26
3 9
45

3 23 30 37



22 25 49
12
19 36
49
29 31 41
32

12
7 39
15 19

0
6 15 28 45
13 15 27 40 41
8
6 43 46
12 17 20 29 37


16
1 13
40
30

3 14
37

3
2 39
0
30 49


40
3 37 48
1
0

45
2 22
34 48

0 5 20
1 35 48
3 16 20
8 45
24 33 34 36 48
16 24
10
19 23
44
6 13 44

26 37 38 46
45
5 43
0 10 21 30
3
12
15
7 15
2 5 35 39 48

33 49
16 29
12
39
10 25
25 46
24 27

27
8 10 45
39 45
36

1 11
26 42 46
25
5 15 22 45
1
7 49
10

3 38 45
45
11 18 30 35 48
21 29 32
37
28 46
15 39
24
40
45

5
0 29 43
31 46

7 17 38 44
1 6 15 43
2 22
41
49
9 27

12 16 29
8 10 16 29
28 32 37
3 10 37
21

39
2 26 30
8
0 21 22 37
0
17 24 46 49
49
37 48
23
10
34 39
31
0 6 25 44

18 27 46
19 25 32 35
24 38
10 16 34
8 24 40
33 44
9 15
42
3


13
7 18 34 41
4

21 26 28 30

12
24 26 37
26 33 36
33


8 27 46
23
18 27

13 32
2 13 24
41 45
42 49
43 47
19 32
7 17 44


24
30
15 30
17
32 45 46
23
4 46

7 34
18

28 45
46
7
3 45

3 6 10 24

34
20
47
16 18
15

14 47
3 19
0 18 45
7 43
26 48

15

34
24
23
37 48
16
14
24 39

12
32 40
2 8 13 27
11 12 27 45

15 43 47
22 44

25 42
42
4 41
26
18


10

22 47
0 31
2 9 12 37
1 4 18

20
35
29 47
10

1 14 18 41
4 32 49

32
21 45
6 14 37 39
12 44
37 44 46
28

19
10

40
4 36
5 48
21 48

10
3 6 9 18 33
9 31 33
11 26 32 48
44 47
10 33
41 49
22 27 29
16 19 20
0 20
6 27
5
0 3 36
18 19
12 13 29


11 13 18
39
4 8 25 28 44
0 28
26 38
25
38

24
35 37

0 5 35
2 29
37

4 10

23
42

19

20
18 33
7 11
14 25 34
31 45
1
11
33
3
4
15 24 46
2 4 19
4 23

10
0
21
17 21 27




19 21

13 48
7 34 38 40
30 43
35 43 45

32
1 9 44 45
7
10 24 38
33 49
36
19 22 36
26
3
3 19 28 35
5 30
22
8 10

19 39
2 12
25

35
19 48
21 46

19
32 48
6 11 27 39

3 20 44

6
18 41 45
10 35

4 14
17 37
19 49

3


2 15
9

0 36
15 20 27 30 46
31
29 38

1 8 37
27
4
14 39
47
8
2 34
28 43
10 12

20 27 48
18 36 38
6 13 23 38

27

34
1 22 27

6 21 37 42
23
18
10 17 46

24 27 28 38 44
4 18 19

21 34

12
31
11 22 31
0 43 48
1 13 17
8 12 15 40 46
19 46
13 26
10 16 17 19 29 34 38
21 43
6
7 41

0
0 10 27
3 5 22
39
0 2 24 38
3 27
7 15

1 8 21 27
13
24 26
38


18
24

27
38
20
21

45
1

14
18



16 45
35
23
46 48
12



34 37 39
32
42
4 19

1
12 19 27
40 42
5 18
46
38


25
8
45 47
13 22 30 33
2 17 20 25 35 40
24 42

4
33
8
0 25
25
13
10

2

2 35
12
19 47
46
4 6 13 39
12 38
23 37
6 7 33
22
28 45

0 33

18 20
32
3
8

3 25
1 15 37 38
0 25
2 5

13
30

3 7
11
5 20 23
24
11 19 43 44
3 8 23
6 17 23
35

22
1 9
24 44
4 49
22 31
8 9 33
12
19 24 28

18 29 34
27
20 36
23 49
3
44
5 42 47
20 25 44

36

49
3 7
2 12

40 43
40


2
25 34 48
5 33 41
44

22


5 21 23 40
47

29 37
36
3 26 35
31


19

27
7 21 44 49
49
20


19 30 33 36
5 49
21 40
28
3 5 20 24 47
29
7 9 40
23
24 25 47

3 33 39
10
39 48
11

18
10 16

2
17 24

22
24 45
24
45
18 28
26
36 46


14 33

21 28
23
10 33 39
45
4
6 29 36

0
1 35
7 9 34 46
49
13 23 36
43
23 26 44
15 36
37 41
9 16 45
49
16 28 43

47
18 32

11
5 23
12 26
19

20
19
42
17

21 49
11 23
3
13 30 33 37
39 41

42
5 21
4 42
29
39
35 43
23
33 46
12 23 40

4
17
42 44

29 33
25
6 35

18

14
25
18 19 23
0 18 43
9 23 24
10 31 35
37
3 31 40 48
28 29
14
7 11 49
20
32 42
34
43 48
12 34
7 30 48
30 44

4
38
6 24 25 43


9

16 31
9 24 38 41
37
4
29
4 16
2 20
6 36

29
18

14 23 26 34
9 28
26 29

1
3 19
6 19 32
40

19
16
6 48
9 28
18 24 26 27 42
48
7 40
21
27 49
8 20
3 5 33 41
4 39
3 23 26 28 32 44 48
11 21

3 15
36 46
2 31
34
23
23 28 47
1
17 20 49
21 47
10 24
6 10

17 34


6 41 49

38
8 36
18 22 38 40
5 11
40 44

30
49
5 39
17 26 34
16 48
36

17 43
24 36
8 36
34
46 49
16 49
14 44
17 36

16 22
7 43
41
7 14 47
2 46 47


22
1 40
4
27


11 13 14
30
1
11 12 20
0
5 9
7 10 28
36 49
43
49
9
0
4 19


6 13 18
2 6 21 36
22 23

2
18
24
26 34
26

41
2 46


17
49
7 44
24 31

42

0 31 45
6 10 25 35 37 47

8
11 12 15
20
44
32 34 47
21 30
3 20
47


48

5 26 49
0 4
22 25 48
27 48
42
47

20 29
13 20
40
11
4 26 38 42


7 17 23 38

6 23
12 24 47
18 38 45
21 23
48
21 45 46
16
9 22 45
22
22
4

21

47
4 7 11 48

11
18 31
24

4 27
23 28 46

16 43

25

48
31 40
32
29 41
40 49
4 13 40

7 49
18
49
22

17 30 40
41
17 37 46
12 24
29 44
20 25
42
24 25 34 40
45

5 13 18 38
26
1


49
5 10 44 48
48
8 16

23 27

15
8 42
11 22

40
4 34 35

24 34
30

11 12
10 22 34 35
41
25 36
20 43
28 34 47
5 22
14 49


23
14 26
38
35 38
10 45
3
43
20 24
7 36 49
6 9 15

7 47
1

9 15 34

1

28
22 36 37
33
15
3 4 7 8 16
2
16 36
1 22 37
20

1
45
36
11
7 45
7 24
6 41
6
23
40
1 29 38
1 15 48



23
15
8 9 36 45

0 13
16 21


15
2 17 32 46 48
47
49
16
8 29 42
20 34 49

3 20
33
6 28

10 30
1 3 10 21

9
2 25
19
43

13 39

33 34
31 34 46
0
11 15
10 27
12
9 35

1 6
1 12 27 29
12 14 24 33

11
11 21
9 25 31
34

38

7 39
40
15 35
19 28
47
23
17 45
1 15 27 34
33 37 40


14
7
46
2 17 26
45
0 13 23 40
29 38 41
9 13 45
14
12 22 43
32
34
18
4 42
31 36
2 15 46
4 8 18 19 49
47
11


18 37 47
41
17

6 37
9 18

12 25 34 48
0 23 42
0 34

31 44
11 38
0 35 45 49
26
3 37


36 46
34 42

38 44
11 14 25 48
39 42
17

16 29
0 35

16 22
23

34 44
5

22
12
2 6 45
12 15 21 33
3 41
48
23 24 47
45


40
29
21 25 43
10 19
2 4

1 11 35


31 37 47
9 20 33 47
17
0
7 21 36
45
16

31

33 40
7 17 29
45
40
47
29 32 33 40
2 43

30
20
14 29 41

2 32
28
16
4 39
24
36 43
7 21 32 48

48
5
10

37 49

9
9 40
24
0 34
21 42
16
5 9 13 28 46

44
6 7 29

12 13 17 35 36
26

11 19 21
35 49
16
47
35
9 19
2
0 15
1 48
49
7 43

15
16
11
5 10 41
3
9 32
1 46
9 43
29
6 12 18 25
19
22
19 20 43
22 36


21 27 38
6 24 44

11 27

10 42
40

24 46
28

15 22 40
34
30 32 39
38
6 14 15 44
12 49
21 26
33
42
46
43
46
21 24


26 28
3 15 40 48
4
14 34
17
29
31 40
5
16 35 41
0 2
27
33 34
8 12 31
27 45
31
23 46
24 36
7 18 23 30

26
11 29
18 27
21

13 14 39
10 28
24 37

14


23 26
4 29 33
15 26
6 16
46
29
12 35

28
17
37
33 37 48
18
46

26 30
25 36
13 36
2 25

4 17 34
2 10
11
29 31
3 9 19 22
4 9 18
10 32
21

15 34
26
1
1 33

8 26
13 49
45
21 27
14
30
22

8 10
17 48
17 41
0 44 48

3 6
4 29
48
36
46
5
27 41


2 37 45
9 18
9
22
11
33 42
2 16 22 25

4 49
10
11 16 25 29 41
42
9 12 44
16
11
0 29 49
5 17 26
41
8 24
2 48
35
29
11 16 25 48
23
12 44

44
1 18 19 36
41
14 38 40
40
39
15
12
20
19 40 45
20 21 49


26

19 25
29
0 8
28
7 23 34


3 33
4 41
41
26 30
31 37

15 42
13 31 32 43
35 36
8
4
30 41
8 31
3
5 17 49
7

5 38
40
10 22

2


5 28 47
32
23 44
7 10 12 24

12

23 48
1 49
2 6 36 44
20 46
7 27 37
30
10 22
2
49
19 45
43


34
31
4
2
1 3
0
16


26 44
9
10 43
24 35 49
7 34
2 7 19 36 45
21
41 42
5
31
13
3
27
43
12 13 33
39



9 17 32
46
44 46
9

26
1 10
6 24 32
14 22
17 29 35 46
6
28
2 17 29
13 19

23
8 40
16 44
3 7 10 15 17
4 24

10 11
17 49
19 26 34

47
42 44
27 41
12 24 27
4 34 36 39
49
4 12
7 27 48
12
6
30


4 40
6 7 38
2 27 49

2 19

20
28
16
1
18
22 23
6 47 48

25 26 28

13
10 12
8 22 48
29 42
22 30
25 32 43

27
20 29 38
15 34 35
43


40 45

8 35
49


20 29

4 5 32
20
2 33
45
49
44 45

49

29

9 28

31
6 41 42 43 48
11 17
6 21
32 38

28 30
25 47
8 34
4 28
3
16 40
33

1 22 38


8
43
13


13 48 49
48

24 34 40 41
1 13
26
47
10
5 10 14 31 47
9
33
45
12
12 14 48
0 41 44
21 35
22 30 34 36

20
1 35


25
9 27
33 36
13
8 26 39 42


4 11 27
7
1 3
18
13
5 25
12 14 49
8

20 42
36 41

47 48
48

8
9 29
32 39
31
39 46
0 4 12 20
4
48
9 24 30 35
9

28 45
18
14 48
14 26 38 48

27 45
30 40 48
6 11 16 38 41
30 32 39
14 37

12 43
5 19

28 44 47
6



9 15
33 43
18 42
14
0
26
15 35
17 32 44


8 34 43 45
12 22 32
44

28 48
12 14 36
25
16 41 47
30
41

3 7
22 34
8
21
10
18
16
14 22 28

4 14 29
36 48
15 28 33
24
7
20

3 42
4 23

1
20 25
16
16 24


9 14 31
23
28 44
2
12
6 39
30


9 14 28 29 41
41
10 24
32 36
10
16
7
26 35 44
0
6 9 29

35

18 41
1
34
47

5 7
20

26
15
30 37

31 45
31
9
13 32
24 30 35

12 20 45

7 18 27 36 49
12 14 15 20 41
9 12 18
5 34
16 23
3 15 46
1
6 15 49
47


43

45
6 37

26 32
34
1 18 40
21
10 16 32 38
33
10 25 41 47


7

18
10 14
9 16

47

22

38
1 3 33
41
12 13 15 37 40 45
15

20
22
31
36


24 45
1 2
3 33

24
1 29 37
16 45
45
39
0 2 47 48
16 24
21
5 46
2
19 38 42 47
29
41
11
16
39


10


3 17 35
36 49
7
35
12 22 23 39 40
4 33
19 38
23
32 38
2 14
4 43
5
31 36
6 32
45
43 48

14 15 20 27 34
2 34
3 14

0
46

36
4 45
16 37
40
12 13
48
25
9 13 32
4
6 28 30 41 49


12 22


3 18 33
13 14 44
30
19

10 31
19 48

30 41
16
26
46
47 49
9
7
20
15 49
5 17 33
27 33 39
12 33 39
2 34 45
24 46
27 42
5 24
5 16
9 21
29 30 33
19 25 46
21
21 34 37 47
22 47
2
11 19
3 4 8 33
46
45 46
6
13
25
49
6 19
31 36 41
2 29
26 46
40
14

29
6
12 44
18 29 30
30


39

1
11 41
26 39 42
17
23
1 39
16 19 23 25
16 45
19 27 39

9
29

32 33
1 5 21 30
12 30 46
26
30
5 11
27 29 41 42
5 38
4 22 44
9 23 48
14 28 30 43
12 21

10 20 30
31
16
8 22
12
4
8 39
20 24 28 48
16 31 42

7 18 28 46
13
7 41
18
36
22 34
0
39
10 28 36
13 14
28 42
14 32
30 45

18 39


23 38
13 40
41
0 41
0 15
6

5 30

42
4
0 1 17 45
36 39
5 27
37
38
42
2 24 48

22

32 40

10 22 32
10 11 35 40
0 36 49
25


21
44
1 32

3
9 49
18

8 14
10 46
7 18 36
20
41

46



47
2 49

5 27

9
17
23

22
8
35
7 27
17 43
38
5 49

43
41 44
45 49
24 25
17 41

7 20
7
23 41


6 7
34
11
0
18 42
43



49
21
32
30 45
12
21
10 19 20 43
3
47

28 30 37
28
14 31 34
47
29 44
46
9 11 27 42
38
2 13 41
25

11
24
12 29
9 10 39 41
22
0
18 20 22 31
37
35 38
0 19 38
5 19

12 23
16 38
0 7 34
26 44 48
7 9 40 49
26


28 46

18 30

18
15 16 23
21 27
19 29
6
13
35
23
18 35
3 24 27 46


45
17

42
0 15 36


36
10 11 19
2 6
34
23
9 34 40
20 38
28
34 35
49
13
22

15

19
4 16
12 31
16 18 34 38 42
27
18 26 37 43
11 31 46
30
26 34 35
33
11 13 43
23
26


12
45
30 41 46
5 11 29 39 48
26 28

49

27 38
11 23
23 26 34
19
3


15 31
41
2
19 29
20
7 26
0 7 24 32 36

9 39
8 34 39
11
43
8 24 25
2 12 29
9 49
22 28 49
7 43

28

27 33

25 27 29 40 46

5 7 24
2
12 14 31
7 22 34
4 9 30
10
12
16 29
31

14
2 48 49

9
21
13 35 47 49
34

12 21 48
8 19

36
9 44

16 39

0 38 43
30
17
8
22 43
3 24
13
12
20



40
2 31 40
15
15 35
31
23 24 33
27 40
28
10
18 25 28 29
37 44
8 33

10 12 23 49


4 20 26
17 41
5 45
12 23


4 6 39
5 7 15
24 26 29 33
3
5 37
18 47
14
29
12 43

32

17 22

44

7 20 23 34

49
43
39
13 15
27 45
1 28 48

0 21 23
14 32 35 44
18 40 44
7 33
39


5 14 19 28
25
2 35


8 12 20 26
32

19 33
0 23 28 48

35 49
18
46
0 31

22 47
28 46
11 35
10 22 37 38 41
22
4 29 41

10
26 37
19

19


4 21 46
29

45






40 43

44
37 47
12
16
11 31
15

47
10 46
33 34 41
5


1 9 26 43
0 10
34 49
26 44 48

8
20 32 43

25
13

36
29
0 2 29 37
10 27


4 16 24
5 14 41 42 45
43
6 10 40

4 5 14

35 37 43
5 14 38
39

1 2 8 29 42
10 40

38
26


44
13 34



28 32 39
34 46

5 6
16
7
5
17 36 41
14 20 42
5 25 42
3
6

9 29
2 38
0 7 49

3 38 45
1 34

1 11 20
3 20
5 6 28 39
3 6 45
21 33
47
6 23 26 29
17 29
35
8
6
4 31

11
17 24

11

36
16 24 39
45
29
2 37

13

10 40

0 32
6
13 23 42
39 43
25 27 28
13
27
32
43

4 27 29
11 26
27 28
48
5 8

3

42

45

5 8
40
41 46
22 29
2 26

40 47
36
10
22 34 48
33 48
5
42
37
45
7 17
14
10
27
24


4 39
26 29 49
39 47
3
44 48
31 44
3 6 20 49
25 45
13


19 48
38

10 23 24 44
14 22 39 48
15 24
20 42
30 46 47
2 3
10 43
10
28 42 45

16 30 33
35 39
6 32

42
35 39
23
4
49
22 32
41
1 3 15
33
45
5
20
6 34 35
6 49

0 47
8
24 46
31 41
16 30 37
8
45
9 29
46
46
0

8
16 18
41
41
4 45
38
32

37
8 19 30
8 23


12
0 8
2 3 4 18 33
14
19 34

2
5 33
15
7 37

15 24
21 42 44
22
2
0 14
31
4 15

5 12 29
30 37
1 9
49

35 37 40
19 31
29
18 29
9 22
29
4 21 42
25 32 35 36 41 46 49
5 44
21 32 49
22
0 1 15
25 48
3
36

5
32 34
4
1

1
15
20 45
8
39
13
3
21

45
10 45
7 33
18 46
19
13 20
15

39

39 40


37 45
5 13
15
19 30 46

0 26 43
29 39 47
25
43
17
15 43
5 14 38
8 36 47
28

20 23 49
9
4

18 31
7 40 47
6 12 38

26 32 38
4 13 26
7 35 36 38
5 6

14 29 48
11
21 41
31 32
8
15 44


47

25
14 17 37 49
18 20 34

10 13 43
19

34
49
6
27
16 32 34 37
10 35 49

20 24
11 27

36

4 18 47 48
16 35
24
31
15 43 49


15
25 40
21 32 40

16 26 34

10 45
49
18 44 47
35
45
27 29

23
1 45
46
2 29 34 41

19 25 34
20
9
9

10
13
13
33
23


44
16 22
6 7 26 29
16 33 35
8 18 47
33
47
7 30
31
24
31
5 21
33 44 45
9 41
0 6 46
21
12 42
4 7 31
3 25
39
3
4 10 37 44
23 32
19

22 48
8
5 15 24 43

8 9 18
25
14 29 37
35
49
16 21 45 49
47

5 18 37 45
24 44
16
5 44
22 28 31

3 22
37
35
44
36
33
37
24 45
7 23 28
0 19

13

27
4 19
9 19

27
40
13 33
44
43

34

33 41
17 38
3 41
49
2 7 16 42 48



18 32 43
9 41
8
34
19 24


20 29
28
5
5

25 33

12
38


31
5 31
1 18 19
8
1
16

49



11 39 45
5 13
6 21 30
49
8

23

18 32 35
21 30
12
23 38 39
16 44
4


18
11 25
20 23 44
2 25
0
24
42
21 42
21
27
2
28 49
1



19 34 39 46
4 38
5
32
11 44
39
21
1 22
4 18 34
3 21
16 20
39

0 1 24
4 19 29 34
1 9
4
25 31 35
2 16 45
32

18
4 17 40
44
40 47
49

2 5 26 47
6 24

9 39
18 29 37 44
14 27
11 14 37
33
46
22

9
7
41
3
16
2 42

21 28


8

6 36

2 5
13
17
4 29 34
17 33 40 42
7 35
23 27
15
35
9
0 12 47 48
35
28
48
33
11 46
0 48
28
1
32
39 46

18
6 18 49
0 34 43
8
7 16 26
41
7 19
1 27


20 48
18 35 46 48
38 41 45
24
37 49
0

22 39

21 27
19 30


22 49
35
18 38

5
26
47
5 25
22 44
1
45
38
9
49
39
8
41
21 30

37

37 42
34 42
7 41
39
24
28
26

36
43
47
19 32
19
42
2 47 48
18 44
17 21
40 48
28 48

46
30
46
43
11 14 18 21 22
26 32 49
5 37
37
6 38
13 17 44
4 14
5 13 18 33
3

15 20
1 18
22 46
1 3 21 29
7 35 44
25 33
12 15 20 30

7 36

43

1 28
34 41 43

44
19
5
22
1

46
18 19
18 31
8 17 33 43
47
32 36
15 47

6 9 27 29

18 22
3
5 9 17 22
5 17
12


23 41
13
41
2 4 33
34
30
10

36
6 39
14
17
21 24
30 49
2
10
15 31
15
7 27 33 44
19 33


37
36
19 31 49
3 19
17


3


15 31

31 36

44

19 38
0 46
3 10
24 30
14 27 43
1 32 44
45

16 34 46
12 20


36
11 26
21
17 40
8 47
15 21 29
2 22
21 27 33
47
13 17
18
42
3 4 21

45
37

31 49
25 32 41

12 18 19 27 32
15 28 38
18 27
5 24 45



18 26
9

42
16 22
1


5 7
14 37 47
1 16 34 38
2 9 17 31
15 23 33 34 37
33 34
18

43
0 24
12
15 32
1 2 4 6 25


47
8 44
20

11
49
6 17 23 38


48

39 45 48
41
48

45

46
2 48
40
3 33

32
12 30
6 10 39 41
40

1 16 34

29 45
7 29 41
38
31
43
30
8 32

12 27
9 11
21

5 43

17 32 34
22
11 25 47

9 19 26
15 31
9
33 41 48
11 18
9 49
39
44
5 6 37
2

9 48
19 37 38
20 28
6 18 35 36

8 12 35 44
36 38

10 23 33 46
3
6 23 39
25
42
9 22
4
25 28 41 47
3 15
6 31 34
27 34
30


15 46
42
26 30 35 38 39 40 49
25 45
9 33 44

13
4
5 15 42
14 18 43 47
24 38 43
17 36
16 37 48

3 38 42 47

20 21 23
16 46
46
7
26
42
4 8
4 10 27 37
1 5 13 31
13 15 40

8
4
12
14 36
9 11 13 31 37



4
48
29
36
22
18 27 37 38 46
38
6 23
5 9 32 40
24 30
15
15
28 38
26
7 34
37 47

23 27
26
25 29
37
34 39 43
40
6 16
32 36 43
22

15
7 31
3 12 20 29

1 11 37
13

15 34 45

24 27 29

13 43
29 45
32 36
42
44

4 42

47
22
1 40 42

43
12 25 39 43 45
20
4 16
7
28 48
19 21

28 49
5
15
21 29
16 19
32
32

8 15 18 48
30 35
1 5 31 46
32
8 17 46 48
21 30
2 4 15 16 19 20
1 31 34
29
25

30
28
32
43
1 3
49
21
32 41
8

42
17
35
7 45
19 25
25 45
18 49

30 35
36
4

21 34

23
15
30
0 18
25 42

4
15 17 33 48
38
34 46
2 10 14 16
34 41
27 34 42
22 24
3
0 5 16 48
7 22 23 32
35 46

18 24 32 49
20 34 41

31
24 31
40



29

17 19 30
5

45
7 13

6 43
5 16
7

21 42
14 17 30
14 39 42
16 43 46
5 18
1 16 19
4
1

11
0 17 20 30 49
3 13
22 36
8
4 35 49

17 25
12 39
12
1 2 5 24

35
32
10
5 12

10 11 20 39
36

5 11
1 8 47 48
10
35
5 13 21 45
29


22 47
0 37 43
17 27
14 30 32
15
0 33

8
43
10
12
33 48

9 10 16 27 41 44
1 48
11 35
19 28
19

23 41
9 30 47 49
16



29 48
38 47
6
32

11 23 27 35 45
18
42
38 47
42
21 44
28
26 39
10 27
15
15 18 31 44 49


7
25

31
0
34 39
21



3
3

0




34 43 45
4 38
28 30
20
9
38
43
10 22
3
47

36
2 33
38
3 40
13 17 25

30
3 40
2 46
9
49
5
39 41

20 33
34 35 36 42
1 13 32 41



37
44
21 45 47
3 11 18


49
8 28 40 41
29 37 49
16
26 40
5 36
16 20 42 48
13


41
10

20 32
37
3 12
9 32 34

23
4
13 24 31
7

3 27 35
19
21
4 38 43
4 38 48
5
22 34 35

3 23 27 32 47
6

32
28 32
48
33 48

47
35

0 33


16


14
44
8 12 28 48
31 43 49
29
19 30 47
33 47
17


25 32


6 16
39 46
5 8 26
19 30

48
41
7 33
25 43

37
46
38

27 42
20 44
15
0
27 43

5 12 15
19
44 45
44

31
12 33 41
5
14
13 30 44
32 47

45
37
8
12 13
10 14
8
22

4 33
38
15 34 45
27 45
46
37 46

2 5 13 27 37
1 44
1 5
15 21 33
3 31
31 33

6
7

34

12 25 42 46
45

6 42

2 5 19
24 47
23
4 17
14 38 40
7 26
5 30 31 41
29
3 9 15 32
47
5 17
31 46
44
1
13 40
39 48
9 22

17 18
5
6 18 21 35

33 35
47
12 30 34
14
6
1 29
6 23
22
3 20 39 44
44
17
13 41

17
16 33
48
26 33 41

17 18 30 45
3 45
17 19 27 32
1
3 28
24
16
24
29
5 40
21 44
24 32 33 37

21 30 33
36
46
3 8
0 25 30 39 42
2 14
1
0
5
18

12 38 46
12 34
19
34
46
0 27
6 36
39
8 21 22
23 48
18 30 47
38 39
28 34
12 20

37
0 1 42 48
15
39
37
6 20 28

12
18 28
25
6

1 22
33
6 8 20

13

3 30
2 4 8 27
2 28
5 37
12 17 18
2 28 30 31 38 40 45
36
41
15
11 15 28 48
3 11 29 36

4
5 21 32 45 47

1 41
19

30 38
10
1
1 4 9 33
4 8 10 16 35
29 30 48
11
10 22
10 47
8 19 41
46
38
30
30 41
25

49
20 37
14 23
16
33
27
4 26

1 18 21 43
31 32 36
46
15 46

1 8 18 44 49

0
42

4 40

4 19 43
2 26 48
4 17 29
11 44
19 42
49
1 9
15 34 38
17 23

13 35


47
15 22
10 14 16


0 22
16
16
12 45
32
9

5

6 49
17 23 44
39
3 7 40

31 46

15
13
16 40
7
39 43 49

37 44

3 7 20

5 8 32

7 10
0
16 22 47
28 49
20
9
17 31
20 41
45
14
21 28
0 6 28
3 37
9 14 26

32 43
42
15 25
0 8
25
29 47

26


33
10 28


15 42
4 26

15

33 48
14 21

34
1

26
12 25

22 39 42
8 45

8 29


6 13
14 29
36 38

16 25
14
21 36
19
21
2 15
25 45
8 12 16 42
48
5 26 31 32
28
2 17 26
14 23
49
21
30
17 32 34
4 23 48

10 25

10 28
2 19 23

17 34

13 14
5 44

40
10
33 40 41
6

3 12
42
28
13
16 31

22
25
29

2 43
33
34
3 44

23
1 3 14


32
33
11 14 20 26 34
25
46

16


12 44
4 5 18 36

46
4
7
9 16 26
36
4 39 45
6 10 29 38 45
6 31
38
8 35 47
25 42

4
1 12 32

0 2 6
2 21


8 43
37 42
28 34 46
23 26
10 25
46 48
21 28 45
5


33
0

6 10 28 31
0 4 44
7 10
26

31
28
5 35 38 46
2 12 23 25 38
5 7 22 25 41
8
4 12 19 43
0 28 35
14 32
24

19


2 19
14
5 37
17 33

24 37
11
8

28
38 47
15 30


35 47
18
49
30 46
26 28



38 42
39 46
32 42 48
19
33
7 8 30 43
28
1 25 39


21 38
27 44
18 39

4 19 47
12 44
21
11 20 38
14 43 45
6

41 42 45
4 23 33 45
9

29 44



19
25
2
26 33
14 38
16
15 32 43
3 9 18 46
6
17 36
10 49
41 45
42
12 21 29

49
8 13 19 21

26 36 45
28
2 13 29 46
5 37

5 33 36
7
29 34
22 37
10 30
11 37

12


6 38
0 36 43

36
4 43
2 8 9 37 49
2 28 44
1 6 11 25
29 45
19
3
39
27
35

13 20
0 8 15
25 36 41
30 37
30 45


28
9
49


7 23 26 33 41
32 34
2 11 15
25

9
15

8 41
43
37

2
2 19
8 28 42
22 27 48
18
15 39 44
17 22 44
5 23 41



30

13 21 47
43

6 11 23
5 45 46
33 37

20 44
8 22 33
31 45
19
22
18 29
9 19 36
4 24
7 42
2 27 33
22
5
20 27
29

11 49
9 37
27 34
36

32 39
36
11 12
7 20
21
34 41 42
5
16
11 21 43
11 13
22 41
28
3 13 41

8 49

15
5 25
35
4 45

7 24 41


11
23
26 46

7 21 33 35
41


5 32
8

5 24
24
37
18 32
24

9 23 24 35 42 44

8 49
31
39
3 45
3
16



27 36 43
34
27
32
30
47
28
3
43

8 32
8
4 14
14 46
42
46
1 34
27 36

6 17
2
38
26 35 40
24
20 40 49
35 39 45
9 29 43
14 34
22
5 45 48
19 30 45

6 7
13
21
36 47
29

15 37

4 43
16
18 32
8 26 27
7
1 19 40
4 12

15 18
5 33
30
34 47 49
24

4 14 23 47
0 6

6 36

10 11
49
35
14 41 42

40
19
1 39 40
4 6
31

44

1 43
17 20
11
10


48

37
12
35
5 23 30
37 42
29
13 19 37
28

45
35

27 49


18 24 42
2 4 33
4 8 46
44

26
5 34
15 31
11 15 42
19 25

15 39
29


25
9 22 31 37 43 47


0 10 31
8 42
20 28 34
27
10
41 42
26
12
0 10 27 35 42

7 43
33
5 48
8
10 13 43
37
12 42
10 34 38
31
9 32 35

20
48

14 34
9 20
26
26 28
37 42

4
32

13 46
0 8 9 18 24 31 44
36 48
8 10 29
46

10 13 17

31 37
5

7 9 15 20 29
24
13
0 4 33
0 1 4

1
8 13 49

12 19
3 47

30
46
34

19 33
23
20 23 45
37 43
24 43
3 33
8
3

6 7
20 37

2
30
49
10 17

6 43 44 47
14 24 35
11 31
29 47
1 22
28 42 49
22 44 49

29
35


3 6 36 38
10
11 23
48


9 49


5 36 38

2 19 39
40
2 24

35

14
41
22

2 30

35
32

22 48
2 3 8 38 46
23 45
35

7 35
44
5
17 37


32
22
34 40 47
19 23
45
49

40 46
15
30
30



8 32 44 49

2 31 39
11 15 29
7 17 37
28 37
6 12
5 24 39 42


5 9
37 39

24

4 21
33 47

29 38

3 33

9
20 21 38 49
35
22 47
13 23
18 33
0
19 26
20
42 48
10
4 18
9 11 46
10
19 45
6 8 33
4 6 23 26 39 44

22 32

23 31
26
6 15 16 23
6 20
10 12 13 29 31 33 36 37
43
20


5 19 21
27
0 8 14 19 33
7 11 24 25 32 39
5 14 29

16 25
2 8 46
42

36

19 24
11 20 28 35 41

35 46


9 17 29
19 34
2


43 44
10 11 24
12 19 38 41

3 34
0 27
29
3 5 37 44 46
18 23 49
5 43

36

7 18 19
7 18 36 45


18 30
29
31
14 45
20 23 34

13 28

43
20 34
20

27 41 48
38
6
0 13 33 45 49
16
24
12
7 15 22 30

23 32 45
1 44 47
22 43
7 11 35
19 31 48
21 23
44
15
3 22 37
2 3 19 21 46
7 42
33 46
12 25 46

40
0 41 45
25
3 42
5 6 10
18 25 42
11
13 19 44
17 22
6 22 44
27
1 16 19


30
41 45
10
26 32
3 20 24
32 38
27 35
48
23
10
25 44
6 31 35
12 21


8 39
34 41
33


20 48
41
20 30
16 28
23
4 48
21 49
13
30

15 36 37
4
27 41
8 31
6 15 25 41
4 38 46

29
2 17
36 40
18 42
8 14 25 26
7 16
12

36
1 13

40
31
27 32 49
39 42


19 35
19 26 43

20
12 25 42
18 49
7 12
3 45

2 4 43
16
2 18 34 47
45
4 8
27
15 28 37
1 10 29


33

30
6
5 26 44



14
17 27
32
32
1

6 11
38 42
44
6 28 37
28 44
2

43

2 33
20
38

21
27
13
8

3 14 30 40
16 19
3 31
2 34 41
17 41
42
24 43
37

3
20 35 39
20
0

1 12 20
33 34 43
21

12 27 40
18

30

20
4 8 26
20
49
37 38
4 7 26 44 47
44
27 42
34 45
41
30 37
4 40

23
13
6 15
0

19
8 35 47

2
31 41


11 29 31 40


3 46
36

24

6 8
40 43
45
5 20 31
29
40

31
38 41 48
22 36
18 49
30
18 43
27
31 37 39
8 39
18 44
0 14 17 32



37
3 33
0 5 42
23 26
21

31 32
0 7 26 34 44
46
26 44
0

3 37 41
41 47
44
30
1 2 38
20 40

11 46
8


24

30

21


9 36
33
14 21 26 44
7 17
11 36
35
9 46
31 47
17 18 44 49
13 48
30

42
7 22 32 36
4 49
44
24 41 45
37
26 28 33

13

17 29 42
23

30

28 32
35
33 46
29 33
10 28
19

14 33
22
0 35

19
7 16 28 41
34
37
34
16 24 30

17
5
42
0 39
44
16
40
19 38
18 21
13 14
48
7

6 31 43 47
19 23 25 40
16 37
0 36
10 15 18 20
15
2 24 32 45
34
19 30 33
33
14
47
39
6
44
28 34
35

20
2 7
16
10 49
40
19
12 13 17

16 30
30 32 34


13 26 38




31 37
6 11 33 39
49
19 26
20 33
15 32 33 44
15
38 40
7 26
34 40 41
11
15 28 37
10 26
32 34 49
39

2 34 46
39
40
16 26
9 15 25
3
13 14 48
9

28
1 6 40
18 24
11 46
0


2 35 40
19 30 31 37

42
16 31 35
5 9 14

22
26
1 9 36
7 26 41
48

7


25
0 4 8 12 39

28

14 18

11
5
18 39 44 45
20 29
15 33
35 46
39
34 40
9 17 38
7
6 17
18 35
5 7 10 24 42
4
6 37 49
35
43
10 17 20

18
0 7
4 10 48
18 36
30

42
22
43

31 39

24 32
8 12 40 46
35 48
36
31


19
5
10

40
23 37 39
42
21 31 37
8 22
14
44
16 28
44
36
1 11 34 41
42
10 12
2
15 49
29 43
7 15 44 45
1

1 7 16
27 40 48
10
35 43
6
0 13 16 25
7 18 19

16 34
26

1
7 27
24 47
20 43

1 2 8 25
43
7
12


3 23 46 47
45
7
40

30
15 19 49
38 48
44
3 4
8

7 9
13

0 8
2 11 35

25
22

17
18 32
12 17 26 35
8 29 36

32
21
33 46




27 37 48 49
26 28 37 40
33
27

4 14
22 47
41
2
26 40 47 48


49

14
38


11 32
24

0 1 6 24
43
21
45
2 47
18
10 38
2 10
35 41 42
14 38

2
14 24 48
16 42
24

1 14 18 30 43
9 21
10 14 20 39
4 31 40
10
29 40
20 27 40

14 16 25
35
4 26
19

4 8 36
1 39



4 7 26 43

13
10
6 9 22
28 38 49
30 40

2 12
27 42 48
41 46
13 26
30 34



25
7 28 29

25


15 20 34 42
47
10

5 30
3 14 16 26 38
3
14 34
0
11
42
13
42
49
48
12 17
3 6 7 26
42
14 24
12 32
10

2
2
10

29
20 27 45
9
7 25
35

15 40 48
9 28
35
0
26 43
0 26

12 32

32
1 9 43
8 17
45
23 36
18 49

45 49
5
19 26
44
22 32 40
4 11
1

18
4 16 20
17 21
5 13 27 39
11
12 45
4 22
13
40 46

23 40
20
0 31

40 42 43
0
47
4 25
1

22 28 49
29 41
7 8 26
20 25 28 35
17 24 35
2 9
29 40
9

13
6 12
14 47 48
35
4 40 44



38 40


3 23


41
20 32 35
14 21 42 47
20 30
7 20 31 34 41 42 49



1

35 45
40



35
4 35
0
49
28
26 44
8 44
0 9 42
4 29

6 19
40
10 15 43
31
9 36
4 6
44 46
5 11 25
6 31

1 24

35

49
20 25 32
0 1 2
20
20 22
20 33


33
18 43
15 18 21

34 40
38 43
1 26 44

21 22 28 38 43 48
7 43

11
4 14 31 32 34
2
2 25 31 41

1 36 47
17

40 46
47
3 49
7 26
36
14
49

4 47
9 26

35
21 25
17 34
9 12
6 7

39 40 44
0 38
2 33
23 31 33 40
23


12 39
5 13
12
10 16
4
22 41
9 15 17 24 36 45
31 45
32
37 40 48
16
10 20 32 37
3 26
12 32
12 18 33 38
1 4 24 41 49
23 32 44
12
38

29
7 8
13
0 30 36

32



13
9 15
24 25
14 32 44
32 39
27 39
19

37
29 35 42
16 28 31 46
13 15 37
4 18 48
28
31
11
47
18
14 30
19 49
0 14 23
5 30
12 14 28 32 48
9 14 26 33 38 45
49
36

3 40

29
15 40

22 34
0 35 38
2 16
5 24 47
24 41

14 32 39
2 45


36
19 23 34

9 11 13 17
33 36
8 18 26 38

6 26 27 34 36
1 9 10 15 28

15 20 21 40
36
30 36 42
0 3
3 38 39
48
1
2 42 48
26 30 44
20 41
19
9
29 34 49
3 47
35
17 18

37
2 13 18

1
29
22 27 31 38
7 30

14 29 34
47



9 13 16

23 39
9

23 37
5 25
29

1 32 42

6 12 46
29 47

2 5 44
5

7 15 33 44
23
7 12

25
4 10

25
9 39 43
6
33
5 8 37
24
48
31
4 34
12 18 24
29 44
7
29
43
8 19 35

9
3
10

18 34
31
19 21 26 47
15
1 15 32


30
1 22 44
4 24
20 22 26
17 21 42 44
49
8 40
0 2 12 14 20
43
28 41
12
10 16 47
9 39
0
2 23 43
45 48
18 39 46
45
40
42 47
14
7 12
5 36
24 26 33
14 22 31
22 44

37
22 26 28 30
24 27
11 29 49
0 33 42
5 36
7
3

30
0 24 46
13 27

20

31 41
19 22 23

3 26 27
1 2 21 37

2
8 17



0 31 38
43
46
39
9 17
42
18 20 49
22
15 30
31 45 47
14 22 43
0 18

29 34
38
37
10
15 18 45
6 12 17 30
25 33
13
2

5 20 31 38
12 36
45
1 42
12

18
45


20 44

40
38
18 28
36 38
10 21
9 42
16 29





1
27 38
26
38
35

35

31
5 41


5 12

0 32 39
31 49
16
19
15 43
0
13

7 10


18
17 39
7

2 3 11 28 48
43
43
13
5
16 18 39
16 29
0
30
1 40



49
4
1 12
4 16 45
5 7
4 39
18 26 47
15 41
3
36
3 12 18 33
6 18 31
16

5 15
48
0
38
7 12 28 49
4 24 38
36
4 21


17
6 17 36
9
11
40

24 34 44
3 21 22 27
1 44
30
14
9 39 46
12 14 19
25 32

7 15
30

46
46
3 37
3 29
24
4
45 48

20
10 46
2
27 33 37 49
1 32 42 47

16 19

5 25 45

32

34
3
2 7 13
4
18 25
19 35
0 48
10 29 37
3 8 42 45
31
33
9 20
7 13 25
7
26
28 38

20 22 37
41
10 19

4 39
19 45
10 17 20
12
20 22 30
13 30
3 15 46
31
7 8
16 47
15
18
10 24 27 34 43
0 23 44 47
22 36


11 30 41 45


13 19 29 31 36 44
30
5
13
0 34
16 45 46
20 22

8
46 49
14
46
7 11
11
37
22

26


1 7 18


29
9

3 16 19 25 38
2 21 32 41
3
0 19
39
11
8 29
14

31

21 32 41
29
48
5 44

49
16 28 39

17

12 16 18
0
23
37

11
16 44

0 9 26
23 29

32
29 30
28 41

37
13 22 40
0 6
30
3
13 21 23
2 7 48
42
5 6 13 29 44


26
42
4 23
14
14 21 42
15 34
23 42 46

29 44


0
20 39
27
7


14 22
0 18 37 48
9 49
9 16
21
6 7 36
35 41


5 8 21 36

17
14 44
27 37
4 17
3 43
7 19 29

27
14 35
31
30 37
12 26
3 34
32

8


39
3 23 30
37
39
27 39
13 27 29
5 14 36

12 45 46
22
33 34
0 15

0 1 3 23
5
6

12 24 29 39
18
17 25 48
10

10
33 43

2 5

15 35
32 34 39
32 48
23
5 23 35 44

19 43
10 12 36

26
24 34


10 15

11 28
13
17 29

4 20 35
1 21
13 30 42
11 16
20


49
11 46
21 45
0 21 34

0 2 5 8 45
34 46
34 42 44 47

5
45
26
0 9 26 40
7
3 26
12
37
22
25
12 20 25
5 6 10


12
49

4 20

8 15

3 26 48

16 25 41 46

36 37
4

9 14 20 33 48
17 29 30 40
10


24
32 37
28
5 31
29
16 17 39
11
37


31
12
21 25 35 38
34
35

7

12
19

14 40
18
10 24 25 34
0 4
29 41
44
2 17 34
37
30
26 42
37
4 36
25 26

21
10 20 49
0 19
10 30 41
1

36 38
35
43
28 37 39
2 26 32 48
28
42 46
18

34 37
5 48
25
20 27
18
11 18 40
0 4 49
36
32 41
9
6 29 44 49
26 33
3
11 18
1 25 31
18
49
22 46
1 15

1 5 44
30 41
0 2 24
13 25
2
23 30
2 24
16 47
8 15
10 39
46
48
13 17

45 47
21

15 19
6 26 42
0 5
4 6 35 41
7 32 38
26 29


40
48
4 16
2 30

33
28
41
3 29 38
43
17
11
28
20
9 45
10 27



20
30
45
4 28


22 25
13
3 14 40




7 25 26 27
44

19 37 41 42
3 9

6


26 35 47
11 17
38
23 36
9 37
2
39
3 34
42 48
4 21
1 7 21 35 40

44 48
18 30
18 31
48 49
27
9 16
37
25 35
14 23 25
0 21 23
19 45

7
25 45
47
0 30
13
48
28 35
13
37
36 37
19
2 34
10
27 29

29

15 18
35
23
0 36 39
37


3 31
40
2 4 35

22
34
40
4 32
0 19
29 40
6
24
42

37 40 46
33 35 42

20
1 2 13

9 26 45
47
16
24

19 38
12 15
17 24 40 43

13 20 34
7
4 7
17
36
1 8 28 29 37

25 32 35 40 44

23
47

1 29
10 14
22 45
22
33
23
1 2 28
10 11 38


7 40 46
9
3 32
11
0 6

1
6

8 33

45
20 38 49

1 3 28
3 24 31 39
29
2

8 42
14 39 45
4 5 10 35 38
11
3 35

19 38 49
3 30 32 45
30

21
14
49
27 36 37 40
21
20 23 28 30 49
37 43
34 35
17
6
13 45
37 40
3 25
17 36 45
28 39

18 26 35

9 48

10 16 26 37
45
40
29
44


18 26 39
8
13 32
13 49
16
7 27 35
29
22 23
17
11 22 30 33

0 5 21 25 43
0
11 26 30
26



8 12 24 45

2 10 27 28 36 49
5

0
28 43
4 34 47 49
19 26
12 19 48
6
35 39 44
11
9 41
20 27
18


15 48
5

34
0
32


7 26 30

0 7 29 30
7
12
24 47

0 45 47

4 10 11 49
33
20
25 34
6
15 37
1 48
4 12 20 34
15 48

4 27 42
33
13 14 22 33
1 11
36

20 28 29
0 13 28 43
25 38
49
37 40

2 4 27 35
2 38
12 23 34
3 40

40
9 49
2 30 48

6 25 37 49

8 26 37 43
31
3 25 43
5 30
6 14 22 25 44 46
15 18 22

0 4 35


7
31 34
23 45
24 27
18 45
16 44
18 22 47
34

1 13 44
24 34
11 25


9 16 19 45

16 23 38 40
11
26 27
35
38 46
0 45
41
48
31 35


1
7 14
29
2 23
22 25
25 34
22 38
23 35
0
4 18 21 28 42 49
19 22
15 37 41

12


10
20 33 40
39 42 44 48
16

22 37 44
7 14 48

39
42 44
5 10 21

22 23 27
38
2 10 45
0 4 34 39
15 25 27
18 20 38
1 23
18 30 41 46
17 36 47
49
10

38
10
8
9 45
19 22 27
5 24

9 24
2
14 48

1 5 21 49
3 40
21
28 43
39 45


2
10 48
40

30


40


29

1 42

17 41


0 1 15
24 45


31
9 25

11
3 8 14
17 37
39

35

44


7 18 49
26
33
20 26 30

40 44
40

14 43

4 36
14 24
22

12 15
7
19 23 33
47

10 19 42 44
18 23 44
20 32 49
3
32 38
2 4 18 23 41
22 48

5
35

39
9 25 41
22
13
0
8 19
24
19 37
18

13 21 25
33
29
9 20

8
35 42 49
0 9
1 32
14 41
48
31 47 48
7 20
28

33
20 49
8 23 47
44
21 26 39
20 28
7 45

3 12 20 32
28 49
16 19

34
4 13 26
14
1 3 28 31 33
21 49
4
23 24 48


45
37 41
42
27 34 44 49
30 32

44
18 22 47

8
15 39
28 44
27


10
13

39



20
23 43 47 49
7
24


14 36


4 10 21
33

42

37 47

3 10 34 39

29
37 43

11 20 37 38
22
14 36
12 21 22 37 44
7 12
32 40 41
26
3 22
43 46
41
43

10 34

32
16 43 46 48
44

4 21
35
3
44

8 23 43

23

14 35
23
11 15 16

41 44 46
41
