
0 33
33 47

1 23 35
16

40
9 17

12 28
33 38
39 42
25
32 35
7 16 36 38
1 2 16 31
12

37
33
7 39
45
42
7

3 8 41




1


2 24

17
24 32 41
8 28 31

1 9 16 30
43
7


25
25
9 19


7 12 30 44
4 8

41
2
36
43
0 7 42
9 27

6 39

18 46
9 24 35

16 24 37 49
42
9
3 17 23 27
6 17 46

19

11

4 12 16
22 37 39


5
33
44
13 24
29
4 37
11 21 43 44
35
8 23 24 35
4
5 46
6 12
45


24 26 43
17 39
9

15 40
29 30

1
3 25 30 34
3 25

1

19 46
25 26 43
34
15 37
18
4 28


44
35 42
12
0
2 23 31 44
11
8 16 47


6 10

38 46
11
23 30
12
20 34 43
6 8 24 31

19 26 33

8
7 28

5 18 38 42 47 48
10 41
28
0 48
3 30
4 41


17 31
10 41
12 14 24 44
24 49
1 2
9
7
30 38

38
2 49
44
23 34
4 46
24

18

10 15
15
46 47
11 39 46
14 15
6 41 48
46
3
5 27 28
3
18
34 36 45
33 48
19
13 14 38
44
43
31
12 22
0
11 48
6 46

17 28

10
20 39
35 39
17 22 39
6 49
18 19 37
18 44

1 15 16 32
40
0 1 6
13 25 39 45
43
8 10 15 39

7 22 30 39
18 26 29
7 14 26
8
3 17



11 35


40 49
10

16

32
5 20 35

46
4

31 41 45
11 27 28 32 43
8
44

8

1 8 9 18
21
5 21


3
39
39
15
4 31 35


0 44
1 13
16 36
2

10
46
46
0 16
44
31


0 4 26 35 44

10 14 29
17 20
19 23 49
12 30 39
28 37
0


25
21 33
0 46
4 42
46
18 42

23
8 33
2
46
27

28 35 48
6 11 14

3 7
18
27

4
15
18
7 9
32
10 12 16
19 32
37 48
31
36
20
3

17
13 16
30 33
3
16 20


14 36 48
38
21 26 41
3 15
9 14 23 28 41
0 11 27
47
12 27 38

7
9 27
4 12 20
23 48
2 32

31 38

16

45
17 43
9 14 15 17


15 20
7 10 41
33
0
26 46
6 30 49
2 37

8
18 45 49
7 11 22 27 48
12 22 27 45
20 23 39
0 4 28
11 43
34
2

14 15 27


9 35
5 27
14
7 11
6 24 32

1 35
23 47
8
6 34 37
23 24 42
30 31 38

8
29
4 31 37
40 47
49
5 17 25 42
0 20
34
30
19 44 45
11 19 39
15 36
33

15 30
5 14 28 34 35
33 35
13
47

22 28
12 18
29
4
1 15 32
23 28



19
15 24
13 14 44
9 36 41

11
3 21

8 44
7 36

7 23 35
21 48
20 44
16 18
13 17


10 26 42
2 13


7
10 39
18 21 41

31
43
42
29

28
28
1

9 26
10
10 29
42
7 20 45
10 18 25 35
1 24

27 36
3 22 24
7



29 35
18
9
4 10 18 22 44 47 49
0
18
11 12 47
5 7
2 11 36

12 40 42
1 15 18 33

27
26 38 46

21 39

12 21
1 11 20 39 45

19 32 34
2 3 31 32 46
0 42
8 15 46

39
5 7 15 26 29
2 13 17 23

4 10

18 21 29
22 42

8 14 28 40

12
21
5 9


27 44
35

3 42
16
8 19 40
49
23 29 31 35 46
11 45 47
41
4 5 32 42

27 41
15 29
37
12
19
38
1 11 31 34 41
47
12 32
16 24
1
1 34
25
4 49


37
14 21 27
41
19 32 35

21 47
20 38 41
2
6 9
24 41
5 22
22
39 40


2 27
36 39 46 47
17
12 30
10
0 12
38
19

4 10
0 17 47
36 40



9
5 8 27 44
31

5 47
46
41


46
40 44

33
45 46


10 27
7 25 26

14 30

38
16
19 21
3 41
43
18
14 16 38
10
4 18 21 40
0
14 44
19 24
17 48
32
2
9 10 13 16 20 47

18 33
11
24
8 35
13 27 31
16 46 48 49
39
34
29
2 14 35
8 34 43
0 1 5 11 32
38
17 22 23
16
13 17 37
17 40 41
34 39
4 13
6 10

25

3 42
5 16 40

49
24 38
22
31 37 49


7 20 34 38
5
8 13 27 31 43 44
12 46
17
19


3
12

14 17
29 42 44 46

0 13 17 19
6 31 40
5 38
7 29 40


36


8 26
5 23 27
30 31
5 18 23 46 48
4
2 30


15 16
10 16 44
16

16 20
32 41


1 20
18 25 30 42
16 28 31
42 49

43
0 16

18 23
24 26 32

28 34
26
2 30
0 21
5
2 28
2
3 4 18
23 43
26
2 8 11
18 29 30 42
29 33
22 38

1 3 9

0
10 29
5 27 48
10 14 29
26 44
34
12 31 34
17 34
6 15
19
36



48
2 19
5 16 20 34


28
10 13 44

17
42
36
15 49
4

4 34
20
12 40
5 7

33
9 18

44

17 23 36 44
44
24

40
1
47
46
27 42

30 32
14
32
10
13 18 32 39
11
21 23

18 28
29 44

29
22 44
41
10 16
29 32
31 37 42 47
5 25
37


41
41 43
19 46
14

16
9 13 23 31
36
1 23 42 48
21 26 34
44
9 23 28
35 44 49
49
12 35 47
29
7 13 38
6
19 40
44 48
1


19 20 47

30 34
46

45
5 34
8 19 41 48
21
5 6 46 49
3 17
16

1
31
20
8 47


6
12 22
40 46
46



29
1 44
22 44
11 41
3 10 46 49
14


21 22
10 18 31 40
27 40 44
7
47 48
31
25 41
28
1 35
27
4 26 30 41
30 38
45


23 45
37
28
16 22


13 19
10 23 44
28
24 39
10
43
0 24
29
35 41
4
13 29 32
22
28 32 39 49
12 48

18 25 42

12
17 22
29 32
24 35
37
15 18
0
2 41
36 42
18

18
21
3
9 14 38

41
5
19 37
2 23 26 30 38
8
5
8
15 16
34 38 48

10 14 48 49
38
7 25 43
43
34
6 38

1
9
6 41

0
7 16 21
2

8 14
42
32 33
40
24
39
27 43
20
46
22
9
40
15 18 37
24 28 37


3 4 27
49
7
27 46
7 18




15 42 49
9 22 35 38
17
46

10
34 46 47
28
3
42

0 22 24 29 37 42
25 39

37

6 16
8
22
15
35
3 15 40

38
6 14 42
7 23 47
42
44
7 17 35 42


6 7 37
4 18
14 16 28 32
14 29 48
43 46
34
2 20

16
6 8 49


1 17 27


27 49

11

38 48
21 26
23 48

38
6 17

9 16 37
7
4 11 25 42
3 4 6 17 22
10 19
21 31 32
1 25
17
37


30
1 13 24
5 47
7 28
27
17
23 30 49
9
21 33
42
18 19 34
29
17 23

18 20

14 33

4
19 28
33
18
16 18 36 40
43

24 49

1 12 29 32
10
22 49
15 49
13 16
15 26 46

39
12 45

8
9
9 35
19
6 27
9 37
5 22
2 42 44
30 46


21 31 41




2 3 10 11 21 23
10
36 42
1 33 36 42

30 49
1 2
3

28 30 40
29

19
4 25
32 38 41
10 37 45
37 38 49
14
23


24
28
20 35
19
7 15 19 25 33 37
39
29
10

31 44
29 30
16 42
8 10 22 24
31
30 34 46
12 48
2
25 29 35 37
29 36 41
2
2 15 48
4 22 33
17
20
45 48
0 8 43 46
34


42
48
21 24


0 44
15 42
17 26
8 17 32 40
43 45
19 23 43
3 12 35 44

6
3 22 38

26 44


16 24 43

47
20 32 36 38
0
21
0 22 27 28

14 33
20
0 37
9 14 48


12
42 46 47
16 25
8 44
19
1 11
1
14 35
9 26


3 17 26
5
44 45

48
25 27

44
37
3 22 40 41
23
22 43


33 35
8 12 31
41
6 11

3 21 26 38 49

30
9 11 28
38

27 39 43
22
8 40 49

25 44
10 22 39 43
12 22
18 23
40
45
37 41


7 19 24
6 27
17 33


10
2

43
28
8 42 43
24
23

2
11
46
16 19 33
9 14
0 12 27
14 16 23 29
8 38
12
16 18 23 30
49
12
1 22 38
9 16 34
40


34 44

22 31
23
14 15
16 38
10 44
17 28 38
6
31
15 27 43
11 45
11 25 40
20



29 38
44
3 41
9 36 49


39


18 38
49
31
8 24 45
4 47
17
23

35
23 24 31 33
12 13 14
23 25 38
10
16

13 28

37
2 13 34 45
9 34
18 45

22
30 38

37
18 48

26
3 40 49
7 39 49


4 37
14 32

18 40
47
0 25 43
40
24 28
8
4
0 40 44
49

12 15 49
3
4
35
33 38

37

4
26 42 45
7

30 48

49
47
9 33

0 13 26 31
47
47
4 35 46

28
2
23
3

1 28
31 36
25
25 41 43



35
6 12 34

11
20 39

49
0 12 23
3 32 34
16

19
18 26 27
4 16
35


2
5 43 44 47
42
23

18 22

1 5 20 31
14
28

3 37
11

46
40

30 47
0 19
44
5 10 45
42
16 24 28
23
2 18 25 26
23 29 31 36 37
17 40 42
12 22
5 27
49
0 10 20 41
42
14 23 35
2

22 31
2 16 21 24
22

26 34 46
5 14 15 39
14 32 44 48
36
39
1 16 24
1
30

10
13 22
42
32 39

44
34
32 33 37

38 47

23
37
0 28
1 12 15
28 42
4
33
31
2
48 49

8 18 26 45
15

1 15 23 37
39
2 12 23
24

30 35
0 5
42
13
45

12 28 32

47
16 20
8 26 38 41
35

11
26 38
8

7 23 30
19 39

18

36 40
11
20 27 38
10
20
14
47
20
14 16
4 15
36
34
49
3
2 35
14 27 48
25 37
6 13 36 43

20
29
7 15 28 38 45
28 34
46
45
47
17 21 42
28 36 49
19


32
13 22 29

40
9 20
19 46


23 32


4 7
35
26 34
4 14 28
9
10
9 48

42
49
34
2 26
13 17 47

21
2

43
30 32

37
1 17 45
46

2
0 16 42 43
14 25 42
16 26 36
29
30
24
13 20 49
21 46
37 46

1

25 29
9 18 30
2 36 43

13 21
45
3 12 26
17 44

5 40 49
2 45
21 23
26
3
25 45
0 23 36

7 41
1 49
30

33
12
26 38
7 19
13
10 20 38


22
37

14

3 24 29 40 48

17 42
27
20 24 41 42
3
27 28 35
19 38 45
2
7 14 34

1
3 29 30
15 23 44
15 23
10 35

20 21

7 34
20 39 40
46


19
14 20 39
14 26
4
7

25 26
11 40
25 30
30 31
12

45
19 37
31 43
40

24 45
10 20 49
5 18
14
8 36
5



3
11 24

6 7 39 40
34

7 22
22

17 38
5
2 10 22 26 31
49
0 21 28
37 41
10 27 38 47
15
17 25 32 38 48
26
42
0
48
6 34

11

3 20
20 34

14 18 23 47
0
16 21
40
36 41
17 38
5 38
23 35
23 42 46



48
21 32 47

9 19 28

0 1 20 40 41

15 36 49
25

25
15 19 37
44
33 40
43
38
4

2 34

10 33
3 10 18 32 36

22 29
4
12
26 47
8 46
29 32
3 15 40 43
28
48
33
14
18 21

42
36
16 27 29 41

37


4 28
3 35 47
30
10 13

0 12 22 23 43
2 37
1 44
44 48
0 14 30
26 39
27
10 46
41
11 16 44 45

3 6
5 11 41 49


4 10
10 47


30 37

15 40

4 40
32
37
9
6 17
16 27
26


47
13
34 38

30

39
40
39 47
6 47
44 49
0 6 34
29
44 49
7 33
17 35 47
31
37
17 24 48
1
46 49
12
19 41
19
7
49
10 33 35 45

26 31 49
30
31
38
3 18


7 8 46
2 9 11 21 25 34

43
10 43
22 29
4
4 5
5 11 13
49
6 9 29

15 40
0 41 44
42 43
2

27

7

6 8 29
33
23 36
22 25

6 13
8 13
14 19 28 44

43




2 19 30 32

39
31 38 44
3 46


10
12 14 42
13 19 40
45

37 44 49
5 45
46
7 8 12 16


45
27 35 45


33 45
3 22 47
19 22
23
3
20 25 32
2 7 10

33

32
3 5 10 42
13 48
25 48
15
29
11
13 16 29 40
3 46
8 28 49
13 29
27 41 45
28 32 49
3 6 34 35

24 31 35 40
15


14
3 21 38
4
12 27
30 41
19 21
6 36
4 22 29 46
4

8 18 26 45 47

16 42

47
11
17
40
11 32
35 39
25 48
48
3 29 34


12 29 31 38
27 44
9 45
48
35
9
33
7 42
5 47
4 5 33 34
31
4 10 14
24 47

2 6


6
0

29
2 43
28 39 41

18 49
10 30 35 39

21
33
0 3 39 42
22
28
3 19 21

40
3 23
9 24 30 39 41
15
34
4 20
25
29

6 13
7 35 41 49
6 12 25
6 35

4 17

8 22 49
21
26
16 28 41
5 18

26
9 32 34
5 20 38
26 40
37
32
18
2
49

7 26 34
35
38
3
7 36

12 23
8

27
25 33
30 49
28
3 30 31
14 18
22 38 43
8 42
34
15

11 18 39
14

5 18
13
16 41
21
16 20 36 37 38 47
13 22
30 34
29 45 47
4 11 36
2 32 48
29 46
17 33 49
39
6 11 28 43
13 49
13

12 31 48
45
15
14 15 23

8 36
0
49
9 33 35 40

5 17

2 8
8

10 35
8 40
49
14 46



22 30 37 38
34
33 41 42 44
25 34

20 27
44 47
13 44



20
20
20 27 39
14 29 36
15 44
19

8 44
15 27
29
28 33 43
7 27

26 35
15 21 32 41
9 29
24
18 33
17 49
34
8
21 27 43

1
21
24
23
4 14 29
17
10 13 14
43 44 47
1 12
7 39
6

15 30
28 36
23
15 18 21 28
33 39 40
30
38 45
34 42
14 17 21


45
13
17 37
17 32

49

35
4 11 25 37 49

34
17 31
9
8
5 18 31 42
6 27 31
7
2
10 29
6 39
6
7 9 11 16 38



2 19
46
27 49
45
34
18 24
47 49
27
45
3 36 38 41
24
0 27 44
44

41
32
24 35
17 33
2 35
24
5
8 42
28
21 27 43 46
5
28 39
2 5 27
31
25 30
48
28
33
37 44
15 25 31
39
2 12 39
1 10 22
12 28

49
13 18

34 42
3 14 42
25 26 47


22 26 32 45
31
3 11 23 42
3 40
3 10 29 34
16 36
9
9 17 27
48


9
41
3
48 49

21
34
33
19 24 27
40
3 46
10
17

13 30

35 47




0 45

7
33
48
32 34
30 46
28 41
46
33 38
8 15

11 21

30 31

12 26 31 34
0 49
43
24 34 44
24
15

43
24 31
20 42
5 21 40

2
41 49

22 38
23

47
3

16

13 22 44
31 36
46
34 45
37
6
28 36
47
39
3 7 37
10
1 23
4 28
0 1 10 32
3 16
18 30
36 38
33

30
38 47
2 30
22 46
23 27 49
40 48
20 39
2 24 49
13 29 42
10 46
2 34
21
3 9 40
8 19 27 38 43
26


34 37
1 9 12 23
17
26
13 37
31



29
5 9 12 17 39
2 8
13
18 47

47

39

9 19
25 32

48
21

44
7 36 43 47

15 25 42
20 42 44


5 7 30
45
6
35

32

20 49
28
4
4 10 31
26
30 40
37
13 31

4 13 45
19 27 37
7 25 37
4 20
36
6 15
1 2
35
46
39
10

32
10
34
23
9 44
37
48
2 4 25 47
16 41

19 38 45

4 35
5 19 27 39
15 18 26
13
0 21 46
21 35 37 45
21

41 45
45
9 11 30

1
38

4
10 17
18 48
0 11 31
37
36
15 17 35
5
14 17 22
1 6 13



34
31
7 35 43

37 39
15
14
35 44
35 46
6
1 8 29
4 8 14 24 25
27
9 33 35 48
10 20 22 47

25 41
6
35 40 44 45
29 48
39
0 17 35 36 43

21 33
1 3 7 26 42
5 7 44
8 29 42
35
46
18
34

19
20 25
3
21 23 35 36 48
12 25
20 28
9 30 39
19
15
45

38


31 35
9 36

2
7

4 6
13 27 29
7 9
37
10
44

3 44
16
14 24
19 27 49
3 22 44
3 17 25 26 46
16 43
24
20 36
12
47
13
30


4 10 33 39 49

30 34 39
9 20 31 41
33 38
28 36
24 49

47
2 19
11

16 21
0 16


40
0
14 38
48
10 37
25 27 33
7
23 28 31




32
16 27
12 17 20
11
27
22
47
11
34
25

34
36
28 34 42
11 27
14 16
16 24 49
6
22 42
21 37
20 27
0
1 3
4 25 39
34

18
13 24 37 38
27
36
23
38

17 33
24
29 40
0 8 26 41
25 38
25 32
43
1 2 14 15 21 47
2
32

1
10
9
8 10 25
44 49
17

15 43
23
4 34
35

44
24 46
7 12

44
31 34

10
25 44
11
14 17 44
1
3 15 16
11 24 28
24 40
9 37

45
11 30
15
9 11 17

3 21

49
14
38
15
22 34 44

39 44
17
10
0 9 35
26
0

47

5 12

11 23 43

30 43
9 21 33
21 30 31
5
4 24
29 49
0 6

6

7 38
29 44
8 25 27
11

12 47 49


25 46
13 18 21
11 47
27 30 34

26 37
7 16 17 30 37 46

17 32
13 20 30 37
20 32
7
21 33
4 8 13 31 45
19 26 33
45
10 25 46
25
12 17
7 13 14 21 40
21
23
3 42

8 16 23
8 14


9 11
28
0 34
1 33 46
25

21
47
37 49

30 39 45
0 45
23 42
24 40
0 23 36
0 7 24 31 34
4 22
44
21 47

0

17 29 35
12 46 48
4
7
2 29
26 30 33 48
35
34
18 25 26 43
6 33 49
19 43
27
39
26 45
5 7 24
5 6


14 18 24 39

15 19 24
34 40
18 36
44
13
41
38

16 45

30
1 17 26 33 44

33

29 41 42
10 36
16 44 48
42
24 32
7
30

43

3
22
14 45
16
38
7 18 42

36
16 28 44
20
49

21 27


15
42
10 20 29
3 13 41
8 19 20



13 24
37
43
11 15
14 32
42
22 24 26
27

1

39

5 18 26 36
22 26
1 7 15 17 34
10 20
16 27
6 24
6 24

1 2 10
23 46
10
48
1 16 26
10 23 42

5


23 42
20 40
13 49
2 37
9 10 13 18 29
14 28
22
5 34
16

5 6 22 44
17 48
4

12 49
44 46

0 27 33
4 37
39
6 32 35
19

18
48 49
41

38
28
16
30 32
1 26 42
7 33 44
0
5 22 26

2 20
0 15 38 39 48
8
8 23 24 40
21 44
15
39

18
5
8

44 47
3 30
16 20 25
4

46 49

36 46
4 11 15 27 29 45
3 24 32
15 28 30
37
25

46

46
16 27 42 43
4
0 41
23 27
48
34 48
31 39
22 38
36
3

4 14
17 27 28
19 36
18 39
6 30 44
26


23
24 47
0 3 5 26 36

5 23

25 33 39
1
2 16 27 31

21 41
6 16

16 19
14
44
33 37
12 14 23

46
27
22 36


18 31
5 13
23 28 35
35 43
13 15
33 47
41
16 39 45
2 43

7
43
24
47
23 35 41
2 10

26 35
5 6 14 43
43 49
13 23
26
45
2 3

26
1
13 14 18
0
5 35 46
5 35
31
38
22
16 46
16 31 47



8 35 44

16 22
20
10 20 45
1 10 48
1 27
41 48
8 15 39
14 23 32

16 28 49




38

0 26 27 36
12 30

15 37 39 40
10
17 35
43
12
11 26
11 36
20 46 48

0 48

0 2 8 25
5 7 48
5 25
23 33
6 10
25

27
37 40 42
12 27 44
10
1


28 34
6 27

6
13 49

40
11 48


11 28

22
3 8 38
34
40
14
10 18
23 40 47
45

27

20 22

32 48

4 47
11 38
8 25 36
5 14
31
8 12 24 28 45
27
0 29


22 39
12 30
9 28

34
31
10 22 29
4
33
25 38 41
14 20 23 37
9
3 48
6 23 25
9


13
25
5


2 16
35
12 27
20 28 31


16

39
6 19

21 35 40
18
10 28
34

34 43 48
25 33
17
39 43

1 26 38

46
3

45
3
11 12 20 29 33


38
22
14 17 49
4 6 13 32
28 46

7 23 36
3

13 48
3 13
21
40


15 37 44
28 46
6 23

9 28
19 31

1
34
45
10 39
6 21 31

19 25
9 31
23 38 46
1 14 17
7 11 36 44 47
10
10 21
4 14 25 31 32 47
23 43
26 31 36
24
46

1 8 34
29
29 39 43 46

13 21
28
18 22 25

32
30
27 34
29
11 23 27 31

27 32 43
21 29
1 28 30

13 27
22

17
3




6 22 44 46
15 45
36
33 41

7 26 46

16
34


0

31
15
12

19

2 48
25 32
5 44
6
8 38
2 31
6 12 23
6 16 22 27
26

24
8 29 45
1
18 37


39 49


6

13 29
10

9





25 26 43 46
42
31
4 41 49

13 19 26 31 37

0 24
15 18
20 25
13 35
10 41
32
2 22 47

4
8
9
8
0 34 38
30 33

7 36
4 9 37

17
25 32
28 48
6 18 44
34 44
17 30 45
33
22
6
4
8
0 11

0 14 15
22
18 40
6 39
5 22
2 17 31
31


28 38 44 48
4 35 37 46
6 10
29 47
19

11
9 11 28
5 8
44

2 34 40 41
12 26 37
39
8
26
42 44
3 15
6 33 45
44
46
3 23
36
33

9 18 31
43
18 22 30
23

34
10 39
9 17 28
7 27 46 48
44

1 15 17 38
7 38 43
26
19 35
28
9
8
46


44
35 46
4

2
16 22 28

48
32
6
17 38
8 30 32


30 34 39 44
42

0 21
46
28
1 19 47
49
41
26 41

31 32

33 34
0 2 29
13 15

49

17 47
8 11 26 49
5 37 46
6 12 20

9
2

4

16 18 32 39
2 12 32
20 29
27 37 42
8 18 38
24

18 19 35
2 10 33 35
6 34
3 4 7

27
5 14

5

48 49
15 28
28
5 23 38 41
3 12 43

29 46
2 10 16
4 5 22 44
6

11 15 22


9 26 28
31
32 33
20

47
13 47

16
39 42


3 33 43
45
22
6
8 21
27
7
14 30
4 19
18
45
4 18 35
23 24 26 40 41
45
48
15
20
10 19 31
18
1 45
7 34
3 43

15 20 27 36
40
33
29 36
4 17 35
2
43
22
7 22
19 27 35

22

48
43 47
13 26 27 49
14 19 46
28 47
25
24
6
1 9
32
13 14

3 44
11
10
43
41


10
9
3 49
23 30
18 23 37

24
22 31
17
4 45

12 35 48
3 11 22 23 24 45 49
11
49
25
5 25 30
35
14
38

39
2 4 6 36
13 16
2 19 24
4 5
12 27


7
18
7
8 26
37 47
14 31

6 47
0 23 29
8 17 20

29
49
4 5 29 32 36
34
11 19 30
17

18 41 44 45

13 21
12 47
8
33

26 29 46
19 40 48
10 17

27
1
36

18 23 48
19 49

20
1 4 23 36
6 17
13
4 45

12 24 32 46

43
12 20
7 12

21 30
32
21
30 47
24 28
2 35



8
9 41 46

40
30
48
47
10 26 38
2
19
6 11 20 41
32 43

23 27
35
9
33
9 11 21 22 24

37
28
45
9 24 36 42
24 43 45 49
1 28
12 14 36
20
37
26 37

21 47
0
19 25
38 45
40
1 12 39
48

4 20
18 41
18
0 16
9 23 44

1 21

4 17
27 49
20 21 29
13 31
11
6 12 17
5
31 36

0 7 31 32
17


4 10 24
19 21 39

29 30
43
25 32
32
7
34


37
2 9 28 38 47

5

6 45
32
3
2 16 20
13
15
9 15
18 41 43
3 15 21 32
5 14 24 42 46
42 43 48
7
20 40
19
2 19
45
17
11 36
13 29
26 31


26 34
12 17 36
24
21 23 37


11 12
12 17 24 41

3
11
13 30
7 31 44
32 40 43
6
13 24



18
0 8 24 36
8 42

7
21
15
15 26 36 47
23 42
17 40 48
10 12
32 49
2 14
7 49
18 35




8 12
23
47

25 29
34


16 30
2 16 18
16 25 33

20
17 32
7 11 42
11 37 46
48

12 33
8 42
2 40 45
2 30 45 49
0


41
4 5 8 28
8 38 41
6
47

0 40
3 20 22 31
34 41
3
5 13 46
12 41 46
18 46
1 24
30 36
21
36
4 15
11
17 18 29 40

40
8 20 22


9
16 21

14
3 17 29 42 49
43

19



10 21
48
20 21
14
24 44

15 24
2 40 41
4 9 14 26 38
18
8 12


26
4



22 40
48
36 42 47 48
5 48
7 11 16 27
47
0 15 29 48

49
35 36 44
22 36
27 33
7 14


22 33


3 29 31
11 19 28 46

31
38
36

4
26



1 10 11 18
8
19 42
31
17 39 41

37
21 24 44
4 16

33



37 46

2 6 41 46
29 31 43 48
12 28 32 34 43
27 45 46
10 40
37 38

25
24


12 16
11
34 35 43
29 44
13

36
11 33 44

4 14
38
32 38
11
46
41
15 48
32 42
1 34 39
6
45 49

12 29
25
45
16 45 48

5 41
25 32
11

3
37
27
17
30

48
29


45



46
4

1
33
37
7

9 27 42
25
38
20 45
24 28
5 44
6
0
29


5
2 46 49
9 20
10 48 49
8 23
34 44
28 44

12 20 23 24
9

0 22 23
49
7 47
48

12 14
44
19 35

33
9 19

7 44
12 31
38


12


7
0 14

16
48
17 26 45



17
19 26 48

44
6



13 24
25 46
45
17 48
29 34
25 30 39
48

15
9 32
30 45


29 44
35
6
29 34

9 27 38
27
14
6 7 9 12 37
25 30

25 49
0
37
23
30 45
15 28
13
12 47
17 46
2 34 41 43

5 45

36 43

23 32
6

21 24

11 18
31 32 47


8
40
5 10 39
17 20 39 48
3 21
16 28 41


48

27
7 48
0 32
4 6 8
28 41
23
1 5



27 42
20
3 4 42
11 16 25

8 13
18
22
12 17
31 32 37
15 31
8 49
6 25 44

41

45
1 15 19 20
7 41
41
15 20 26 48
33
23
6 11
5

35 44 46
1 5 6 27
8 13 24 40

47
0 21 29 41

12 33

9


41
9 11

2 25 30
13 17
29 35 41
16

31
27 28 31
3
31 43 44
35 39
28
16 47
28 40 49
14 22



21
8 20 33
5 43
7

8 30
0
32
34

21
0
15
1 32 41 42
7 26 31
44
31
34
18 26
23 39
2
38
38 46


5 33 43
6 10
4 33
39 46
17 28
18


6
49
38
27
30 47
10
14
22

27 33
14
42
9 47
21
5
26 48
19 28
41
1
18
20

29 40 44
35
3 18
11 16 34 48
25
29
36
41
6 7 25
5 48
1
0 6 47
25 35
6 17 34
2 48
46


35 43 48

17 18 25
14
29
2 30 38

33 34 45
18


14 30
36 38 44
22





12 43 44
24
3 33
3 16 24 47
6 17 28
20 29
22 38
22
18
31 35
10
16
9 32
9 19
10 49

15 41
27
25
35
14 39

5 15 18 41
38
27 28 35
5 8 18
5 15 16

29 46

10
34 40
3
13 46
10 12
20

1 34
30
11 31

9 41
4 34
13



17 41
2 9
38 42
0 25
33
33
45
5 15 27
5 15 41
15 26 27

6 49
9 31 44
4 5 15
5 8 10
7 29 48
3 7 11 19
15 49
46
7 48
46
10 16
39
47
22 30 31
4 5 12 15
0 5 15
5 9 15
38

5 11 15
0

32

44
12
5 15 38
25
41 43
6
5 15 20 47

10 33 43
1 30
3
5 15
5 15
5 15 33 39
15 20 40

5 15
2 19
5 15 16 27 36
6 25 35

21

43
44
5 45
11 25 37
34

5 15
0 20 36
19

23
4
5 15 38 47

9 27

40
3 5 15 18
37 38
5 8 15
10 34

23 44
4 17
5 15
5 14 15 49
48
5 15 36 38 45

5 15
9
5 15
14
10 24

17 47

4 12
3
1 11

28

27 45
1 31 44

9 22
5 15 33
28
9 35 38
27



0 22
0 18
5 15 33

14 48
5 15 34 36
5 6 18 21 36 44
25 45
4 37 46
10 27 37
5
31
22 28
1
7 35

25 27 32 45
0 27
26
3 13
1 27
6 38
35
18 28 32
12 39
6 12

14 17 26
16 17 25

38
49
27 35 46

8 35

5 15
5 15 34 47
10 11 44
11
22 43 46
1 13 40 45 47
40
20 31 36
12 40 45
0 40

49
12
6
16 26
22 25
5 15 16 46

43
4
1 2 33
10 19 40 45
15
20
48
40 45
5 15 31 47

27 30 40 45
4 5 15 27
5 15 18
5 6 11 15 37
3 4

27 33

23 41
9
20 40 45
9 15 17 18 33
35
5 15

4 37 38 40 45
18
9
30 45
30 40 45
24
24 40 45
5 15


8 13 25 37
6
5 19 40 45

6 11 43
40 45
2 3 24 45
16
6 47

45
24 26 41
20 25

40 45
8 46
4 5 15 30
5 15 27
5 15 21

42
34
0 3 48
5 15 41
26 40 45

30 40 45 49
1 20 46
5 15 37
0 32

13
17 26 29 40 45
40 45
3 25

9 18
22
2 40 45
46

42
4 32
5 15
5 15 16 28 41
4 37 40 45 47
8 39
22 42
5 6 15 18
5 15 21 49

28 48
3 4 5 11 14 15 20
22 30
4 10 43
11

0 5 15
20 23 25 48
46

8 30 31 40 44 45
17 20 30 49
45
5 15 23

12 28 40 45
44
47
0 21 24 30 40 45
27
28 40 45
22
33
0 2 27
11 26 40 45

5
20
11 23 30
15 47
9 45
48
39
20 33
15 33 40 45
3 20 32 44 47

41
18
40 45
31
33 40 45
32
1 18
34 40 45 47
5 15

5 15 35 48
14 16 35
40 45
40 45
6 27 46
14 31

28 42

5 8 15 36
22 36
0 25
6 24
10 24 40
20 40 42 45
5 15 31
15 27 40 42 45
8
5 13 48
5 15
9


17 32 36 40 43 45
4 14 31 32


10 13 33

15
41 42
2 9
5 15 41
5 15 28

5 15 28
28 48
1 6 30 38 42 44

5 13 15

39
2
8 39 41 47
5 34
8 22 40 45
3 5 15
11 40 43 45
5 15 47
7 40
31 40 45 47
40 45
14 28
5 35
21
5 15
1 5 15 18 27 29 40
28
44
22 25 29 30 40
22 42
26
40 45
5 12 15

12
11 28
40 45

2
5 15 44
29 40 45
37 40 45 47
42


12 37
40 45
3 20 43

11
1

33
14 40 45

40 45
6 26
5
0 17 45

37
5 15 16
42 46
0 9 15
19 23
1 2 5 15 48
20 40 45
36


0 7 49
18 40 45
5 15
5 10 15 34 37

4 15 49
23 33 47
5 15
17 26 46
40 45

2
5 15

43
11
5 15 49
1 2 25 42
4 5 15
8 23 28
5 15 25 32
5 15 19 25
13

3 17 39 40 45
9 21 32 42
5 15 23 43
9 20 49
20

12 18 20
49
40 45
5
29 35
13 38
4
8 40
44
20 33 35

5 15 40
27
40 45
5 15
38

4
0 5 15 27
18 21 42 45
17 34
38
5 15 33 44 45 47
22
16 20 40 45
2 34
29
0 5 34 38
45


0 5 15 26

4
19
7 15
40 45
11 25


17

35
5 15
10 46
2 40 45
5 14 15 47
30
10 39
2 40 45 47
28
33
47 48
27
8 22 40 45
1 40 45

34
5 15 18
36 38 48

20 48
35

5 15 27 33 40
38
4 19
27
40 45
16 21
36
16
40 45
5 15
31 47
9 30 37 40 45
35 40 45

7 15 38 43

5 13 15 32 36 39
29 42
28
15 33
18
40 42
2 24 37 47
7 35
10 14 24 40
13
5 32 40 45
40 41 45

5 15 26
28
1 16 37 40 45
5 15
12 40 45

40 45
12 40 45
17 35 38
9 33
40 45 48

4
0 5 15
4
0 33 38
40 45
11

5 15

40 45
4
17 48
5 14 15
5 15 16 18 23
24 40 45
5 15
3 5 15 17 24

2 9 47
5 15 19 25
40 45 46
5 15 46
5 15 40

16 32 33 40 44 45
9 13
48
24 40 43
27
5 15 27 38 49
26
7 10 40 45
0 22 32
15 36 40 47
12 19 42

5 12 22 34
1 40 42 45
28
1 14 21 39 42
9 23 33 44
5 8 15
3 17 25
19 40 45 46
9 14 38 39 40 45
9
5 15
41
28
36
5 15 16 23

40 45

32
6 40 45
14 38 45
32 33
36 40 45 47
9
21 46
39 40
21
22 25
38
5
44
5 6 15 33
2 16 40
24

4 35
17
6
5 15 29 34
7 25
5 8 15
0 10 14


9 25
23 41
5 15
21

4 22 38
19 24 39
2 42
13 41
14
20 37

12 16 31
3 40 43
5 21 40 45
12 15 24 40 42
5 9 15 38
10 27 40

22 32
15 31 35 40 45
1 14 43
19
40 45
40
15 17 27 31

47
40 45
43 47
7 30 48
36
5 43 46
1 31
5 15
20 47
13 38 44
13 40

0 11

35 40 44 45
13 14 26
5 19 23 33
2 29
22 39

0 4 5 15 17 25 46
5 47
5 10 15
15 40 45
5 15 37
45
45
11
9
1 7

23 28
28 43 48
16
3 49
5 15 48
40 45
40 45
5 6 8 15
10 29 40 45
40 45
24 34 40 45
5 13 36 38 39 48
36 45
22
18
24 26
21 29 40 45
8 10 40 45
30 40 45

30
0 45
2 27 41
0 5 15
16 47
9 27 31 40 45
43
5 29 30

29
5 15 26 30 46
42
5 15
14 45 46
37 42
5 13 15 35

26 32 38 40 45
10 40 45 47
40 45
14
1 23 30
5 29
3 25 31
5 15 22 41 47
22 33
5 40 45
5 15 24 36
21
39
23 36 48
29 40 45
5 9 15
22 41 45
3 5 15 25
6 46
0 5 15 17 32

5 15
2 40 45
40 45
5 7 15 17 43
14 16 20 40
4
6
1 34 44
5 15 23
32
25
40 45 48
34

5 7 15 20
40 45
20 23 43

5
40 45
17 38
9

36 40 45
40
24
26
41 47
18 40 45
5 15 37

8 9 17 19 38 40 45 46
5 15 20
24 35 48
7 9 18
17 47
42

40 45
23
39 40 41
5 15 31
10
5 15 32
38 40 45
49

1

18 22 34 40 41 45
40 45
9 39
15 40 45 49
22 25 42
2 17 31
5 20
16 34 40 45
7
3 11
4 11 16 36
40 45
40
40 45
5 15 21
26
16 23 41
1 15 40
1 32 36
22
0 30
22 42
11
23 29
6
5 15 20 30
12


6 40 45
10
5 15
5 36
0 26 36 48
5 15 47 48
11 28 41
11 48
1 2
21 40 45
21
43 48


5 15

5 15 18
5 15 40
9
16
7 18 32 46
2
19
1 11 30 40 45
5 15 33

4 35 40 45 47
5 15

5 27
14
5 12 14 15 25

1 20 35 40 45

36 40 45 48
0 40 45
2 5 15 42
20
5 15 22 45
44
20
2 5 7 15
5 15 23 25 46
5 15
13 42 47
7 17 18 35 40 45
5 15 37
9 40 44
38 41
31 48

5 8 15 29 32
40 45

5 15 22 26


10 17 40 45
40 45 46
33 48
25
29 40 44 45 46
17 40 45

12 40 45
26 28 41
23 42
32
18
40 45
10 27 38


28 36 40 45
2
5 6 7
40 45
23 40 45 48
5 13 15 23 34
31
9

22

11 34 40 43 45

37 40 45 48
17 40 45
18 21
10 14 40 43 45
1 33
36
17 40 45

10 14 40 45
5
8 38
0 19 40 43 45
19 30

40 45
14 40 45

6
14 40 45
5 15 26 28 30


40 45
42
49

5
25 26 37 42
21 36 37
5 13
9 45 48
5 15
0 42
5 15
36
17 31 46
11 40 45
1 9 40 45

40 45
1 13 27
30 38
28 39 41
5 15
40 45
7

17 20
48
0 13 20 40
2
1
5 15 48

22 23

38 40 45
5 15
5 15 25 26
5 14 15 33
2 40 45
5 15
9
5 15 21 23 37 39

5 15
9
5
7
35 45
5 15 22 24
5 15 33
33 35 49

16 35 40
1 11 13
2 3 12 20
45
15 46

13 38 40 45
5 15 18 24
8 29 43
24

5 15 45
5 15
13
3 27
5 15
15 41
9 40 45
10 21
11
25
5 15 44
5 19 21 31 36
3 25 40 45
1 40 45
40 41
22 29 40 45
5 15
0 5 15
2 13 23
1 33 37 40 45
22 37
4 17 22 24 38

5 15

1 24
24 40 45
5

4 22 27 35
6
15 48 49
47
0 4 5 15 21

1 2 8 40
48
5 15 43
5 15
16
5 15 38 46

11
30
7 17
37
9 40 45
4
3 28
44
5 13 15 47
10 34
24 40 45
11 41
5 15 36 45 47
0 6 24
38
4 13 40 45
36 40 45 46 49
8

15
9
4
5 15 24 43

28 41
5 15
4 5 10

5 15 49
23 40 45

8 40 45
0 32 33 38 40 45

42 48


9 17 30 36
0 5 15
10 23
22 25
7 9 40 45
40 45
2 5 15 42 43
27 29
43 45
17 40 45
23 40 45
35
25
5 9 13 15 46
2 34 40 45
22

43
47
1 18 22
40 45
22


39
5 8 13 15

45
0 5 15
37
4
39 40 45
4 5 15 44
5 13 15
49
26 41
9
5 15 18 21
7 9
40
13 32 34
8 14
16 47
21 26 33

32 37 46
42
5 15 19 29 42
1 5 15
6 31
11 23 41
1 23 31
40 45
46
5 15 22 44
5 15
6 9 37 44
22
5 7 15
44
5 15 37 49
20 44
5 15

6 25
9 44

16 36

42
22

7
16 22 46


23 26 40 45
20
3 21
16

17 31 44 47

0 11 14 34 42

5 15 25
5 29 40 45
32 46

8
4 35
3
11
37
31
26
0 25
16 40 44 45



21
14 17 28 35
26 29
5 13 40 45

21
37 43 48
9 13
37 48
28
5 14 15
2 4 5 6 15
26
7 19 40 45
5 15 32 33
5 15 40
4 40 42 45
21 38

16 17 43
2 14 17 32 40 42 45


29 37 40 45
12 28 30
12 36 40 45

35 36
1 7
4 46
11 40 45
5 25

6 40 45
40 45
10
38 47
4 21 22 24 43 46
16 33 46
16 32
5 20
8 12 15
5 14 15 40

5 36 40 45
39 40 45
9
4 5 15 24 31
5 15 37
40 45
9 30

2 24 30
12 40 45
17 40 45 46
38 43

15 41
37 49
6 20 44
0 12 33
27
28 48

5 15 20
9 16 17
23 38 40 45
44 45
37
35
18 21 23 27 28

45
3
28 42 49
15 37 46
5 15
25
3 5 9 44
17 40 45 49
24
15 23 35 36 49
21 26 37
5 32 35
12 30
3 40 45
16 25
28
22 40 45
3 24 32
9 30 43
13 26 33
33
43

9 22
12 24 31
11 26 35
2 21 46
5 7 15 17 38

5 13 15 17 22 30
13 49
16 18
4 16 39
4 29 30
19 40
15
17
42
22 27 28 33 40 45
10 12 40 44 45
47
5 10 15
10 36
5 15
20
2 5 6
23
33
41
40 45
27 40 45
33 49
26 30 31
20

41
13 44 46
14
30 40 45
5 8 12 15 36
24 35
16 27 30
11 33
30 33 46
31
14 40 45

5 15 39
48
40 45
2 36
6
21
29 30
0 20 30
34
14
1 11 15 22 29 46
33
4 28
5
40 45
5 15
32 40 44 45
32 40 45
18 30
7 24 25
9
9 22 34
13
5 9 15

41
3 10 49

18 36
16 18 42
31 40 45
10
44 45
5 11 14 15 28
1 9 18 40 45
1 6 47
13 45
30

5 10 15
7
3 5 12 16 40 45
1 25 39
12
10 40 45
10 22 40 45
5 14 49

8 13 18

1 49
6 46
0 44
10
3 6 10 48
18 25 36 48
48
6 24
33
5 14 15 36
15 42
5 15

5 15
35 46
30
0 7 33 40 45

18

11 13 14 23 28 41
14
5 15

5 15
43
35


5 15
22 33
16 28 40 45
28
5 8 15 43
21
9 35
4 15 28
2 19 27 40 45
18 35
19 22

19 38 39 42
5 15 38
4 8
23 27 46
2 33
5 30
35


39 40 45 48
26

40 45 48
3 40 45


11 40 45
5 15
16
5 42
40 45
5 40 45
5 14 15 45
25 33

36 39 40 45
41
37 40 45
7 40 45


49
39
11
14 20 31
19
15 40
24 29 34 42
15

22

5 15 39
24 47

32 35
36 47
27 36 40 45
40 45 46
8 35 38

35
22 38

5
4 5 15
23 33
5 7 15 17 24 45

1 15 43
9
7

10 12
6 17 40 45
17 22 49
18
36
5 15 40
43




4 7 28
18 34
15
3 5 15 40
5 15
10 40 45 46
3 30 40 41
5 15
32 44
8 23
0 49
33 40 45
12 32 33 37
40 43 45
12 18 40 45
3
40 44 45

5 14 15
10
5 6 15
40 41 45 46
17
38
6
7 19 30 33

5 12 15 48
4 43
1 42 47
20
5 15
26 40 45
5 15

44 46 49
12 17 37 46
20 22
24
6

9 40 45
15 22 37 43
5 15 39
10 17

28 49
32
35
5 15 22
5 15 32 35
31 44 46
6 18 48
7 21 40 45
7
40 45
5 15 31
37

38
35
6 46
25 28
4 46 48
1
5 14 38 39
38
11 24
19 40 45
7 40 45
5 15
42
18 39
20 36
44

3 9 45
23 36 40 43
40 41 45
19 49
2 25 40 45
45 47
8
20
40 42
28 40 45
5 11 15 21 25 28 47
20 42

5 7 15 28 37
1 5 13 15
13
7 12 13 14
5 15
13
5 15 31 41
8 34

12 24 40 45
32 46
36
5

5 15 22 26
4 40 45

19 31
40 42 45 49
0 5 15 27
5 15 25 35
5 15 19 35
5 15
26
47
0 3 49
7 32
4
40
41
5 13 15 23 29

5 15 20
24
24
8 24
30
15 31
34 39 40 42 45 49
16 31

23 40 45
5 15
20
5 14 15 17 22 27
40 45
19 40 45
12 40 45
8
40 45

3 38
38
40 45

22 38
2 40 45

12 16 29 35
5 9 15 35 38
4 9 40 45


29 33 40 45
4 5
31
1
11 32 49
5 13
23
24
40
13
4 15
7 37
20 23 25
11 31 39
1


29 43

33 44
40 45
7 32
42
9 10 24 28
23
7
12
11

26
25
7
5
18

19 39 45

48
21

31
8 23 38 40 45
5 15 16
42
49

5 15

27 34
17 23
0 24 28 40 45 46
35 40
5 15 16
4 33
33 43
21 40 45
6 19
3 40 45
5 15 30

40 45
12 34 47
5 15
11
27
5 15 20
24 32
5 21
7 20 29
27
5 19
22

16 18
40 41 45 49
0 47
25
10 17 33 40 45
15 40 45
40 45
16 42
40 45
34
5 15
40
18 47
9 20 38

5 11 15 41
18 38 39
5 15
5 15
5 7 15 29 31 37
20
14 40 45
19 24
5 15 30
12 47
40 45

20
8 37 40 45
6 7 42
5 15 44
5 15 46

13 30
0 16


7 8

40 45
12 40 45
9 49
5 15 22 44
40 45
40 45
36
40 45
17 40 44 45
5 15
21 38
1 18
24
20 44
4
10 21 40 45
5 14 15
2
5 19 32 46
22
21 43 47
5 15
9 13
29
9 40

9 13 46
0 5 15
5 15
39
36
11
15
9 13 40 45
5 15 23 44
32
5 39
14

23 41

0 5 11 43 44
40 45
30

5 16 29
10 12 41
5 15 36
5 14 15 31
29
5 15
23


11 15 18
15
30 40 45
39
5 15 32
5 15 21 25
3 40 45
10 17 34 39
12 40 44 45
39
17 25 40 45 49

5 15
5 15 24
42
40 45 49

7 45

1
39 40
38 40 45
5 15


8
12
11 28
25 40 45
27 30
40 45
13

2 5 15 30 40 47
40 41 45
14
5 8 15 43
6 34
48

32 40 45

0 5 15 25 49
22 25
40 45
4 36
40 45

5 8 15 20 29
8 22
15 30
18

34
6
24 29
40 45
5 15
0 48
18 31
39 41 44
23 27 39 40 45
20
5 15 20
28

5 11 15
44
5 36
32 40 45
14
15 40

9 25
42

12
40 45
4 5 15 17
22 39
36 40 45
45
16 30 41
0 10 21 46
9
5 11 15 25 41
40 45
5 15 33
46 47
15
5 15 33
15
5 15
5 15
0 7 16
10
5 15 19 23 49
2 5 8 15 41
15 48

37
41
5 6 15

22 35
23 37
5 7 15 27
8 34 46

6 23 39
21 40 45
9

27 30

40 45
25 43
5 10 15 42
21 25 47
46
7 46 47
5 13 15 47

39 40 48
43
43 45
5 15
20 40 45

23 40 45
3 10 35 40 45

7 27 46
5 15 48
5 15 32 40
15


9 35 36 40 45
21 38
33 46
35
14 45
8 9 16 26
5 15 30
42
5 15
17 40 45
40 45
3 16 24
34 40 45
5
2 6
4 16 40
18 37 40 45
21 24 45
9 16 18 28 40 45
2 4 5 15 38 42 47
2 18
1 16
21 38

23 24 34 39

3
1
5 37
5 15


45
35
20 21
5 13 15 43
0
44

29
9 25 33 40 45
28
7 16
14
5 15

10 40 45
3 5 15
5 15
5 14 15 23 24
7
40 45
0 23 28
22 36
40 45
9 13
5 6 14 15 44
34 40 45
5 15 26 41
3 40 45
5 15 31
27 41 47
39
2 5 6 15 29 43
5 24
40 45 49
9 34 49
8
5 15
29
5
38 40 45

17
24 40 41 45
31 41
4 15 17 31 44
5 15 18 20
27 29 31
46
5 15 30
7 24
18 48

9 40 45
21
39 40 45
5 7 15 39
40 45


5 15 41 42
18 19 26 40 45
20 33
6 40 45
1 23 24
40 45
0
37

5 15
3
27
4
14 27
8
16 25 40 45
37 43

6 41
6 40 45
28
22

30 40
16 22 31
40 45
9 36
3 5 15 39

22 31 46
14
23 26
5 9 15 46
9 33 40 45 48

3 36
40 45
34
2 23 35
40 45
0 31 32
5 15
34 40 45

20 45
14 15
40 45



34
27 32
19
5 14 15 31
6
5 15

40 45
30
10 25
9 38 40 45
5 15 30

27
2 40 45
40 45
39
4
3 40 45 48
5 15 21
13 46
8
42
12 21
17 18 40 45 47
5 9 15
14 40 45
40 45
15 20 32 36

5 7 15 20
40 45
5 27 28
9 21
40 45
6 22 40 45
26
2
40 45
10
21
0 5 13 25 36
19
24
1 5 15
22 26
9 16 39
23

22

5 15

13 22 28 35 37
6 8 25 37
21 44
16 27 34
34 35 40 45
32 40 49

8 22 23
12 38
0 30 40 45
10
2 11

5
29

5 15
27
15 25 35 49

38 40 45

45
7 34
20 28
5 15
13 25 36 40 45 48
5 15 39
18

21 39
42

17 26 47
5 15 26 36
5 15 31
0
5 7 8 15 48
20
29 40 45
5 13 15 17

7 15 41
7 34 42 47
15
8 22 40 45 49
5 15
14 33

12 24 27
1 34 40 45
18 39 43


26 32 36
1 30

8 9
2
38
0 20 26
5 15 49
5 34 35 43
5 15 32 37
40 45
0 5 15 40
29 47 49
41
41
37
5 15

13 40 43 44 45
31 40 45 49
27 40 45
32 41
21 40 45
5 15 16
10 33 49
14 40 45
7 34
23 43

32 48
37
34
14

6 47
7 15
33
23
40 45 48
5 11 15 25 49
8 14
40 45
2 8 37
19 26 34 43
41

5 6 15 37 42
13
25 49
16
16
6 35 39
6
36 47
1 34 44 49
32 40 45
40 45
14
40
40 45
14

5 11 15

5 44
5 6 15
19 26 46
48
27 41 46

5 14 15 28
5 26 32 33
5 11 15

34 44


0 17 40 45
44 46
3 25
12 26


40 41 45
30



16 36

14 17 27 46
33 36
4 40 41 45
5

5 15 16 21 40
5 15 48
2 8 21 29 31 40 45
35 42
29 49
11 39
0 3 5 15
13 25 26 40
15 27
5 17 40 42 45
5 15
5 15


3 12

40 42
23
2 12 21 27 30
43
9 31 40 45

5 15 18 35
20
5 15 21
10
8 38 48
3 20 39
37 40 45
32 40 45
5 15

14 29 40 45
30 36 43
1 5 8 15 48
34 39 45
39


15
6 7 23 40
3 37 40 42 45

32 43
3 26
11 16 42 44
39
2 33 34 40 45

40
2 28 38
28 30 40 44

16 29

40 42 45
25 40 49
5 7 9 15
12


6 29 40 45
3 9 38
5 15 25
11 31
12 37
5 15
5 13 15 20
4 6 28
16
6 42
4 5 15 30 49
5 15 21 29 44
5 15
13 18 28 40 45

23 29 40 45 47

18 21 46
15 40 41 45
40 45
14
0 22
7


1 40 45 47
7 24 26 28 31 43 46
20 31
40
29 45 49
42 49
25
41
6
17

7 35 38 40 45
5 15 21
35
12 26 29 37
11
4 13 25
5 15 34
25 37
4 5 15 17
32 40 45
26
34
21 27 40 45
28 49
6 17

28
40 45
15 31 32
6 8 27

8 46
5 15 19 23 29 32 38
2 9 46
5 15 17 46

16
5
10
5 26
5 15 16
40 41 45 46 48
9 35
5 15 25
5 10 15
32
5 15 18
42
22 38
43
3 40 44 45

6 29 40
4 40 45
45

27 41 45
19 28
23
11 40 45
32
10 49
10

20 40 45
1 37
28 40 45
11 27
0 39 42

5
17 39
28
5 15
5 15
40 45 49
28 31
5 15
10 32
20 43 45
19 23 27
10
5 15 45 47
26 32

16 18
9 40 43 45
7 36 40 45

13 43
4

14 43 48
16 40 45 46
5 24 43
14
3 37

13 38 48
29 40 45
5 15 30 33
0 33 40 45 46

19
25 40 45
5 15 39 48 49

22 40 45
5 15 39 45
0
1 13 14

4 47
25 27 38

1


0 39
4 33 37 38 48
12 40 45
6
0 4 10
11 48
30
4

10
9 31 38 40 45
16 29 41
5 10 15 25 40
37
5 9 12 15
5 15 43 46
4 7 48
5 15
3 18
22 40
5 15 28
24
35 40
18 47
9 14
5
13 37
32 42 43
10 40 45
19
14
40 45
6 25 36
5 15 32 40
12 20
12
0 5 15

17
7 23 37
25 26
8
18 38 42 45
44
31 40 45

39 40 45
1 9
5 15 25
6 40 45
1
35 36
48
25
5 15 38

5 13 15 46
40 49
2
14 29
5 11 15 40 41

4 14 33 36 40 45
16 19 23 29 38 46

7 27

22 27 42 45 49
8 16 26 36

5 7 19
6 14 40 45

45
30
36 49
14 16 40 45
21 40 41 45
31 34
46
2 7
2 3 40 42 45
32 40 45
38 40 45
0 2 15
30
40 44 45 48
32
41
2 5 13
22
16

7 31 33 45

29

40 45
49
19

0 11 14 35
10 40 45
37 40 45
14 40
26 28
5 13 15
0 31
4 20 30 43
7 17 35
17
32
3
26
43
10 48
15
5 17 40
13
18 31
25 45
5 15
40 45
17 33 40 45
5
13 20
19 21 25 45
8 30

26 46 49
5 13 15
25 34
6
15 18
4 35
23 42
5 15 42
43
12 47
30
17 29

5 15
40 45

10
27

40 45
8 43
7

16
28
23
7 35


34 40 45
16 29
5 15
24
9 42

36 45
5 15 49
8 30
27 38 40 45
12 44
47
4 39

1
3 22 36 48
5 15 21

5 7 15 18 31 35
11
5 10 14 15 16
23

2 3 14 27
30 38 40 45
14
40 45

5 24 34
14
5 15 16 42 44
27 39
2 5 10 15
21 40 45


4 5 15 33 42
5 24
24 40 45
15 16 21 39
42
5 15 16 23
6
33
20
10 15 17 37 40
2 15 18 43
47
24 28 33 40 45

40 45
2 37
23
23
5 13 27 40 45
2
10
2 29

5 8 15
28
5 8 15 16
33 40 45

26
37
4 19 40 45
29
9
12 40 45
31
8 12 36
40 41 45
0 5 15 29
40 45
3 27
4 5 13 15 21 29 32
9 18
8 18 24

5 18 22
7
5 15 36 44
5 6 41
5 15
27
5 15 28
49
24
39 48

22 34
14 40 41 43 45
1 18 31 32
34 38 39 40 45 49
14 23 41
3 28
23 42
37 48
16 19
7 9 27 30
0
26
5 15
29 35
15
40
4
16 21 40 45

8
10 20 23 40 45
19 28
4 6
1 27 40 45
34 39
40 45
13 27
29 34

34
20 26 34 37
9
6 11 18 35
22 38 40 45
0 5 15
30 40 45 49

0 16
40 45
0 33 40 45
18 34 40 45
17
5 15 19
16
5 9 15
18 22 33
2 6 25 40 45
1
45
14 29

33
15
28 37
10 30 40 45
41
23 42
46
30 46
13
5 15 28

5 15 36
4 17

37 39


5 15 23 40
1 49
5
11 47

5 39
10
35 40
40 42 45
5 13 15
40 45


6
1 16 30 44 48
5 23 40 45
40 45
11
33 41
15
5 15 47
8 19 40
27
2 5 38
40
34 45
6 17
40

39 40
36 40 45
35
33 40 45
13 16

18 49
36 46
2 12 16 34 35 36

40 45
1 22 23 34 37
19 29 49
1 15
45
7 8 28 31

15
15 26 48
36
19 40 45
26 40 45 48
6 35 39


2 13 39 41 49
27 40 45
37 42
40
19 22
5 15 16 42
5 15 26
5 13 36
48
3 11
5 15
38 43
11 12 18 36
16 33

0 13 17 20 45
32
19
5 15 20 27 36 49
0 45
38
43
5 33
17 37 40 45
25
44
42

10 40 45
5 11 15 39

5 15
9
5 9 10 19 35 40 45
2 18 32
18
3 40
21 44
8 32
5 15

1 28
6
12 37 40 45



5 15 43
0 8
5 15 40 44

5 15 19 30
1 5 15
17 34 40 45
10 40 45

18 44
5 15
3 11 15 21 24 36 41
0 28 40 41 45
22 24 49
11 17
5 19
12 18 40 45
4 40 45

39
0 4
17 33 40 45
2 5 15 42 49
20

5 15 18

2 23

8 22

32
5 15 45
31
5 15 31
40 41 45
5 15 39
17 35
15 30
26 32 39
1 11
4 39
31
30 39
28 41
40 45


8 40 45
5 15 31
5 15 43 48
34 40 41 45
5 6 10 15 33
28 40 45
7 22
5 15
5 14
3 40 45
15
15 19 22 47

19 40 45
11 22 26 30
1 5 15


11 28 40 45

6 40 45 49
21 32
40 45
23 43 49
6 46
10 30 49
40 45 49
10 37
43
8 31
0
41
40 45
11
25 33 49
5 32 34 40 45
0 23 40 45
3 22
20 32 40 45
5 15
5 15 17 45
21
5 15
27 33
40 45
5 15 19
20 42
5 6 9 15
13
5 15

31 41
34

21 28
40 45
5 12 15
47
5 15 19
5 15 34 42
16

38
25
34 40 45
8 17
33 47
22 27
4 15 25 33 40 45 48
4

47
5 15 38
4
40 45
3 22 46
39 43
14 19 39
2 25 43
13 49
33 45
40 45
1 3 36
40 45
4 5 6 27 40 45
10 13
14 43
33 37
5


6
6
5 11 27
46
27 44
7 40 45
41

9 11 17 27 36
26 45
2 15

6 40 45
31 33

2 23


5 15 30
23
20 25 33
8 18
17 30 35 40 48
3 39
5 15 32
28 30
9 39
5 27
40 45
25 47
1

5 15 18 31 43
46
5 15
2 34 47
5 15 30
14 22 35
5 15

22 40 45 48

20 32
5 15 37
16
29 35 45
6 9 14


24
8

15
6 37

5 14 39 47
23 46
11
5 15
13
12 48
1 46
17 29 43 44
2 5 15
24 39
30
5 7 15 23
0
26
28
41 43
2 32 40 44 49
15
5 15
5 15 20 32 38
0 11 25
13 24 39 40 45
20 40 45
28
4 49

5 15 22
32 40 45
32 44
39

8 23
31 34
45
23
8
2 42

5 40 45
21 25 40
5 15 33
23 37

12 40 45 46
0 11 27 38
5 15 22
5 15
0 12 25 43
7 20
24 40 45
8 14 49
1 3 37 44

4
2 23 33
15 22 35 45
18 40 45

5 15 32
29 30 31
5 7 15 21 38
8 43
6

5 15
2 5 15 36
3 37 38
18
23 40
42

19 26
11 40 45 46
5 11 15 21 28
5 15 22
21 30

10 15 40
46
1 32 49
5 15 48 49
6
11 13
7 44 45
40 45
39 40 45
5 10 15
10 40 45
40 45
5 11 15 29 46
3 40 45
40 45
0 42
5 40 45
4 11 17 25
9 29
41
26 48
21 41 44
36
17 19
5 15
11

1
5 11 14 25

10 40 45 48
10
14 21

40 45
5 15 25 45
4 8 10 40 45
5 15 16
15 31
8 43
5 15

5 15 42
12

19 32
40
11 33

22 37
11 13
3 21 30 35

29 40

10 46


25 46
3 47
31 40 45
40 45
13 31
10 14 18 46
4 31 42
7
26
1 12


9 40 41 45
4 37 40
5 15 43
0 5 15
5
1 4 23 37
36
25 35
29 36
9 46
5 16 36

5 7 15 17
40
31 36 44
2 5 15 44
5 15 34 42


5 15 45
45
1 27
5 15
5 15 39 46
0 5 6 15 17 39 46 49
38
13 21 24 47
10 27 34 40 45
15 23
5 16
5 7 15 26 33 37 49
5 6 15
9 35 40 45
3 40 45
15 18 22
7 13 16 20 40
8 19 36
1 5 15
19 43

16
18
25 38 48

5 10 15
27 46

1 21
15
21
18 40
5 15 19 28
22 40 45

16
10 18 38
5 8 15

5 15 16

13 24
18
46

13 49
6 35 48
40 45
5 15
9

8 49
19 23 35 40 45
40 45
5 15
16 28 40 45
27
5 8 13 15 20 38 47
5 10 15
29 40 45
10
2 4 40 47
30

8
3 21 40 45
40 44
44
9 39 40 45
18
5 15 20
8 31 42

3 40 44
24 48
5 15
19 40 45
5 15 47

10
23 40 45
36
4
9 23 40 46
8 13 43
33
0 27 40 41


3 5 45
3 39 40 45
14 35
8 28 39
5 15
5 15
5 15 21 23 40
20
36

2 16 42

27 40 45
13 32 39 41
13 30
4 5 15 18 37
5 8 15 36 47
0 5 15 32
24
45 48
37

5 15 17
10 20 38 40 42 44 45
13 18 19 41



9
12 29 40
20 46
27
5 15
6 21 22 38 40 45 49
0 33


1 24 40 45
20
5 8 16
0
20 27
8 9 39
19 28
7 41
9 40 45
40 44 45
5 13 15 19 48
2 3 42 43
1

20 40 45
1 16 40
47
20 31 47 49
39 43
16

22
13
25 40 43 45
2 40 45
14 47

15 42
1 8 41

4 45
22 35
27 40 45
10 11 14
5 15 17
42
6 37 39 40 45


36 44
5 15 48

22 33 44
23 36
48
3 32 40 45
29 30 37 40 45
5 28
3 28 33 46
22


1 19 24 29 32 39 45
47
18 36 43
4 29


47
25 31
5 9 15 32

38
7 20 43 48
1 19

48 49


4 5 15 37
3 10 16
31 40 45 49
21 38 45
49
2 5 15 24 29 43
13 32 39
24
1 14 22
40 45

29

18 22
2 40 45
40 45
27

40 45
2 13 20 47
3 5 15 44
4 40 45
5 13 15 22 44


20 38 46
40 45
45
1 3 28 43
21 22 49

5 15 21 37
26
45

5 40 45
6 20 25
2 5 7 15 20
8
13 20 21
12 21
8 9 45 48

32
45 46
2 5 15
15 19 40 45 46
7 11
41
4 30
3 25 40 45
0 5 15
8 31 36 38
12 33
5 15
2 9 43
40 45
35
5 15 42 46 48
37 40 45
7 26 42
13 37 40 45
1 6 23 40 45
12 15 40 45
9

8 38


40 45 49
5 15 19 21
5 15
29

3 23 27
23 36
25 40
43
0 15 49
32 40 45

5 15
23 25
4 40 45
18

11
5 12 15 38
1 24 26
25 40 45
5 14 15 25

39 40 45
23 38
2 40 45
5 22
18

4 40
4 14 21
11 37

18 21 40 47
14 26 33 39
4 15 44
46

11 42
40 45
5 15 24 35
5 15 20
8
1 26
5 40 45
23 29 33 41
5 15
3 21
13 17 28 41

1
8 11 18
38 46
13
10
7 12 35 40 45
4
7 9
5 15
34 35
3 40 45 48
13
48
25

4 5 15 36
19 22
39 45
21
7 18 40 45 48
18 20
29
1 5 15 38
28 40 45
44
5 15 25
31
0 12 40 45
1 40 45
43
6 15 40 45
11


7 26 40 45
5 9 15 32 45
14
5 15 48
5 6 15 16 48
5 8 15
42

36
5 15
20
40
2 5 15 41 42
7
5 10 15 30
19 29 40 44 45
3 5 15
5 15 45
26 43
18 40 43 45
5 15
5 15

24 31
5 13 15
6 10 38 48
1
40 43 45
5 8 15 35
24 40 45 48
3 33 44


13 32
5 27
15 46
36

14 40 45
13
2 5 15 16 21 41

0 32 47

28 40 45
13 24 26


34 47

16 26 27
5 9 15
26
38
4
1 28 37 46
28 35 47
42
11

30
3 5 15 28
4 5 15
24 43

49

22 29
21 40 45
40 41 45
27 31
7 45
34
22 40 45
28
16 49
7 19 41
16
39 40 45
41
23 40 45
40 45
43
0 7 40 45
32
3 6 15
4 18

46
5 6 15
4 13 22 30
19 29
6
5 15 40

6
26 40 45
37

5 8 18 37 46

34
2
1
38 43
14 20 40 45
0 9 40 45
6
8 11 37
5 15
5 15 17 48
5 12 40 45
0
5 12 15 17 34
40 45

48
10
5 15 47
2 30
40 45

6

40 44 45 49

15 24
20
40
30 40 45
7 45
28 41
10 38
13 20 31 41
12 39 40 45
14 40 45
21
8 26
5 9 15
39 40 45 48

0 29
26 40 45 47
6 10 40 45

12 13 35
23
7 25 27
5 15 17 48
3 16
26 39
2 25 29

4 40 45

40 45

5 15
28
21 37
6 9 14 25 31
15 35
5 15
12
27 31

2 15 37
0 3 38
27 45
4 5 15
4
5 9 15

5 15 38
11 40
24
1 49
1 13 49
32 36 39

5 12 32
14
5 13 28
9
28 33 38
6 33

31 43 44 47
0 19
5 15 20 43
7 14 18 25 43 47
19 25 34

9
10 22 26 41

24


5 15
4 14 26 27 45 47
5 37 40
5 15 41

17 29
12
9 25 37

45
9
26 27
0 19
18 48
4 33 43
5 15 36
6 22 24
44
22 27

1 41
0 7 30 39
23 32

4 5 15 34
5 15 17 37
11 12 13 20 42

26 29 44
5 15
8
24 27 46
7
29 48
32 43
1 25 27
32

2 23
4 14

10 29 34 49
9 39
9 17 36

23 40
8 13 15
5 15 16
7
11 13
10 24 25 41
19

5 9 15
5 6 10 15
5 12 15 17
4 14
38
5

46 48
33 34
19 34
41
39
20
8 19 23 46
29 37
3 5 15
5 15 28 35 37 45 46
5 25
31
5 9 15 47

5 15
5 15 32 38
11 26
16
12 30
5 23 44
5 15 17 30 40
36 44
5 6 15
5
0
0
21



3 36
4
0 10 17 21 36
16
13 34

20 39
20 47

5 14 15 37

21 36
31 43
0
5 19 34
39 46
12 26 40 43
6 20
22
10
10 19
13 20 32 37 39 48
2 13 20
1 10 22
2
43
22

6 10

7 45


14
16 23
27 44

1 5 7 14 15 28
36 43
24
12

3
10 19 30 41
28 31
5 14 37 42
29
27
21
34 39
0
19 41 43
34
28
11
5 12 15
5 9 15
37

39 45
29
19 21 41 44
6 28 29
5 15 33

34
10 31 49
4 28 30
10


21

7 29 39
1 22 33 37
8 42
2 7 8 28

5 8 37
9 28 32
23
28



12 15

24 31 34 42
24 37 39

13
17
27
16 21

22
2 35 44
7 48
46
10 38
25 39

2 6 19 26 49
7 15
23
42 49
12 17 26
6 7 32
8 24

20 46
31
3
4 24

26 38
10 35

28 38

6 15 38
18 20 34 40
23 42 45
13 21
27

0
3 4
32
0 40
1 8
3 17
9 33
36
36 48
6 8 21
9
7 22 27 42
4 27
43

7
18
36
13 25 46

5 35



8 33



2 16 40 49
16 27
9 15
7 28 44
7
24

31 36

7 25
49

2 48
11
17
4 7 36

23 42
5 13 36
41


42
43
9
27 48

11 28
27 37 39

5 11 18 37
8 14
6 17 22
24
28 29 48


24
15 36
44 45



39


4 33 40

41
24
39


7
25 27
6 8 11
29




23
29
29
9
4 44

45
43 44
21
11 31
1 15 33
21 34 46
24 29 40
49


24

23
46
7 31
13 18 29
9 38

46 47
7



5 6 22
13 30
38
26
24
5 10 39
1 22 40
37 43 44

23 37
2 17 20 29
0
4
7 9 11 32
1 5 14 20 35
12 21


17 34 39 41
47
21
9
19
21 24
6 24 44

28
29 32
8 42

27
24 26
6 42
5

4 17 21 29



47
19 47
5
5
8 40
18 40

42
16 24 30 46

14
4 18 29 47
11 19
17 19
32
2 31
15 37 41
0 39
1 43

43
8 13 28
4 6
43
27




22
5 12
30



43
5 26 36
23 25
6
2 13
40 44
48
13 37
6 44
41
35

6 22 25 47
17
13 28 44
11 23
20
14 31 38
1 3 49
5
18 40
42 44
46
13
16
26

21 25
17 34
43
13 45

35
6 39
27
2 23 30
38 40 47
10 23
18

24 41
14 27
37 43
44
27
10
34 40
10 22
45

9 20 38
0
42
20

7 25
1 44
5 48
7
18

33

44

10 19 29 37 45
10 49
47
1 16 44
37
8 29
6
11 17
35 45 47
4 21 32
19 35
4 32 33

34 38
37
41

38

0 7 9
11 31
2 6 7 8 9


3 42
19 31
22 25
22 26 45

4 31 42 47
13 44
7 38
4
15 42

8 33
13 14 22

4 9 24
37
38
16 18 49
38 46
9 45 48
8 45
5 30 31 41
8 48


29 39


13
8
41
48
3 4

15 39
8 43
31
36 43
2 14

40
24 37 48
43
26 42 46
13 29
15 24
29 44
39 42
0 4 19 41
30 32
3 12 14 36 48 49
20
18 19
32

39
5
8 42
5 39 40
15 22
8
15 18 34 36 42
13 38
24 48
5 25 34 42 47
32
21
8 38
38
0 9 26
4
4 23 27 38 40

37

25
10 25
9
35 38 42
19
15 40
23 43
14 15 23 30
46

45

30 34
1 8 30
26 34
1

8



10 13 20


7
8 21 39 49
38 43
26
9 39
35
26
26 45
6 17 20
23 28

25
31 43 45
9 32 34
14 39
0 4

4 24
32

20 25
31 46 48


43

16 32 43
20 33


17 45
2 11 29 42
41
14

47
28
12

17
9 11 31
26 44
5 41
22 38

34
10 22
4 11 43 49

0 1
19 45 48
30 33 35 41
5
15
0 27
29 30
9 17
16 28
21 47
7 26
46 48
42
40 43
12
18
31
3 28
35 45
23 33
29
10 14
36 41

36

12 48
4 30
6 11 18
17 31

10 28 41
43
14 30

21 42 43
22 33
23 44 48
20 40
3 44

15
48
17 37 45
42


46
22 48
25
7 25 40
9 49
40 43
40
49
32 33
34

7
5 29
18 19 27
5 46
1 27



10
17
8
41
47
19 25
45 49
9 31 38 40
26
17
23 34
36

37
27 40 41 46
0 8 18 26
49
7 33

5
6 28 30 39 46
41
0
45
2 49
43
11
4 15
34
0 2 21 49
8 37

2
25 37
3 16 17
17


48
4 5 43



13 27 32 44

19 21
25 41 43
2 5 38 44
19
18
18 28

2 15 20
5 25 34
12 29 37 40 47
28 34 47
19 22 48
22
27 45
1 19 20 24 30


13 46
14 45
19 31



7 28
32
14 17 42
28
14 24 32
25 37


2 25
32
11
0 11 42 48
18
7
26 36
5 14 25
3 22
19 24
29
17 32
3
32
30 41
10
31

33
17
6 37
25 28
15
8 9 23
36
20

47
6 10 49
46

6 10 34
1 13
6 41 43
13 22 26

31
8
7 24 39
37
4 28
32 47
6
0 26 47

13 19

35
35
15 42
5
0 11 16 20 23 29 42
17
40
5 26 36
39

17
12
11
3 20

14 17
17
16 19 24 41
24
4
30
7
9
40
27 38
18 28
10 34 44
7 39
0
21 32 49
10 36
16 27 30 38
30
4 28 30
3 46
41
16 22 45 47
27 42
39
3 10 11 23 46

8 26

44

17 42 45
12
3 28
0
0
23 35

0 24 46
42

8 25 45
8 18

5 11
11
5



13 22

2 24
20 28 29 37
37
3 21

10 47
18 49

5 43



1 3 7 8
28 38 43
25 41
1 43
22 33
28 30 43
7 19 21 46
46
12 32
7
37
18
6
33
17 35

3 4 26 30

12 24 35
38
9 14 22


1
4 13 28 41 47
3

19 44

38
30
22 29 46
38
0
9 45 46
42
49

24
8 27
17 43


23
18 22
14
3
28
24

37
2 20

21 32
17
22 36

29

27

34
25 29
23 48
21 48
39
28
0
23 37 45
0 3


33
17 31 38

22 45
25

13 34

7 40

0
0 33
32
43
24
9 19
13 41 43
2 36 42 47
35 36 48
14
14 28
2 9 17 44

48

23 25 37
36 48
9 16 40 47
4

33
3 40
1 2 20 28
47
41
17
22 37
37

27 42


7 8 14 24 44
44
0 1 39
31 41
16 25
32
15 21


14 27
27
29
25 34
0 31
24 41
0 6
25

48
27
35
6 24
21 25
24
11
0 38
6
19

2 20 22 45
35 45
6 24

1 39 42 44



41 49
17 24 27
49
20 21 45
21
7
12
45

5
39
22 26
0 39
13 28 35
11

22
11 16 23
8 18
6
2 12

10 41
31

41
4 12 14
1 35 45

5 39 42

8 41
37 47 48
3 37

17 18 49
12 41 49
41
14 22
0 16
4 18 32
14 42
19 47
15

20
44
22
22 23 40
5 39 43
26
12 33 38
9 13 43
22 37 44

13
18 28
20 24 45
19
44
44
13 26
14 48
22 26 46
24 32
31
20 36
11 22 37 45
39
7 10
34
12 41
8
29
20 43
25
19 38
24 28 37

3
10 35 42
25
37
32
38 41
10 15


42 43
8

4 24
29
0 43
39 45
0 6 28
22 41 45 47
5 43 44
5 37
23 31
19 37
15
10
4
25

19
6 21
44
21 33
43
17 20 42
0 5
8 22
32 44
16 49
27 34
2 44

3
21
13

4 18
8 44
25 26

8 24 49

4 49
14 15
5 34
26
8
4 13 32

28 37
42
7 22 37
2
35
25 42
18
0 18 26 30
19 22
22
15 31 45

17 46
29


9 10 11 41

5 20 21
24 43 47
25 33 45 46
4 24
16
20 35
36 46
38

48
10 30
15 18 27
7 18 31
45
10 40
18
34
9 24 33
6 17 47

44
11 14
11 22
28 30 42
12 41
46
7 19
26
25
17
6 48
5 30 44
23
22

8 11 21 27 48
25 30
1
37
2
11 47
5 21
15 38
49
21 47
23 44

7
48
40
39 41
1 23 34 47

0 20 31

0 2 22 47
32
9 23 46
0 26
18 37 40
34 47
0 40
28 31 38 39
26

8 45
11 12
46


8 35
14 28
2
48
18
2
16 35
4 27

7 33
43
9 35
1 14 23
23
15 24
3 45
4
49
5 18
18 24
38 42
10 30 34
0 3 24 31
26 33 40


1 14
2 21 23 25 46
31
6 39 40
3 28
8 12 21 47



9 23 49
44
48
20 45
11 18
1 21
40 41 43
49
5 19 31
15

37 47
44

1 12 28 40 41 42
37
20 21
47
1 18 25

13
43
21 24

15 39 41
3 35

3 7
22 32
3 33 47
25 43
13

8
25
1
4 17
0 14
5 6 25 36
41

3 24 31
9 36

27 31
43

21 42
1 38
21 47
21 24 35
6
12 31
29 38
4 24 25 44


5 8 25 33 45
36
27
0 26
39
45


44
5 23
12 29 39 44
6 32
1 40
2 25 27

23 41
41
27
3 23 40
26 32 33 44 47
10 36


23
4 41
31
12


22
2 23 25
3 23 40
28
45
3 15 26

26

5 22
47
32 49
36 39
15
0 32 34
9 47
9 48
46
17 27 32 41

28
27
42
1
26 30
10 14 38 41

1 21 24 49

5
0
17 18 24 36 43
38
3 38


12 31
42

13
47
13
15 29 34 36 45
9 46
13
33



18


12
10 25
13 17 22 39 40 41
6
2 22 37
7 19 20 29 30
10 31
40 41

7 23 49

35
42
8 20
35
0 5


16 37
0 38
34
5 13 20
3 21
10 15 17 27 38
19
24 28
6 33
12 39 42

41
22 43
33 37 38
16 24

8
8 24
25 32
7 26 36
5
2 8 27

0 19

40 42
28
19
2 48
10 15 34 39 41
15
8
9 37 43
29
12 16 22 27
40

26 42

24
2 12 19 28
14 17 21 25 28 37 41
20
27 37 39 40 47
10 43
3
9 44


28
1 12 20

11 31
7 11 15 45

3 45

33

35
37
7 8
12

39
40
24 31 46 48
7 41

7

12 40
19
9 29 33 37
34
27
28 31
31 32

2
4 9 14
2

26 48
37
10 19 28 41
9 31 45

9 16 25
25
30
14 19 26 41
22
27 30

9 49
32
18 35 40
26 35
10
37
20
17 30
17 34 38 40 44
4 40
9 11 27
13 15 31 36 40
5 7
3 16
24 31 33
9 21 29
3 24
9 38
33

2 14
7 17

9
32
0 24
22 34



3 6 17 21
0
15 20 47
9
0 2 7 14 37
1
8
18

16 29 30 37

32 43
35

14 17 48
14 19 40 43
18 34
38 44
4 16 47


39 49
6 8 48
18
4
4

4
30 34
1 4 29 37
3 36
19
4 5 9 16
11 14 26 32
39
16 39
6 11
7

41


21
23

12 15

42

46
18 36 47
32
6 30
35
31 48
19
0
27 44 49
23 46 49
11 26



26 35 48
0 8 35 43
44

24 25 47

19 35 43
18 42
21 48
14 39
23 36
13 22 29 33
1 28
5 27 28

1 26 38

41 49
11 42
29 39
42

5 31

17 42

17 27

0
30
36 49
1
2
42
9 38
31 32

30
22
30 42
0 45

10 13
14 21 48
46
11
31
2 48

26
1



48
27
38

31 45
8 47
12 26 39
0 25

18 29
18 20
24 32
29
34
9
46
23
2 44
9

11 43
26
44
20
1

16 37
2 5 7
10 14
30

30 37
14
20
5 21
12 31

4 17 23 33
25 29
28 33
3 16

6 15 30
24 36
27
5 16 18 48

11 22 40 45 47
33
1 42
0 9 17
27 47

12 32
32 49
14 23 46
1 15
8
5 9 42
35
40
9
1 8 40
37


16

13 33
9 30 41 46
30
20
30
1 22 24
28
30
8 15 23 43
14

37
34 46
8 11

9

30

36
48
14
19 42
3 26 46
20
47
6
2 11 44
9 14 24

19 28

16

20 35
29
1 31 42

4 10 18 22 31
25
5 32 37
10
27 28 49

32
5 21
34
38

0 7 11
13
0 31
24
0 15 20

20 37
6 13
30 37 49
4 35

13 42
33
25 46
4 32
34
28

11 30
10
28 35 42
8 28 37
28
9
0 18
0
19 23
3 15
4 11 16 26 42

32

27 38
24
5
2 23 45
46
1 12 14
11 29 43
5
15 28

4
18 41

8 22 41

3
4 10
4 36
17 25
25 43
11 48
17 31
24 42

5 36
6
25 34 36 38

19 49
41
30
10 24


44


26 28
44

16 19 25 26 34
31 33 42
37
16

2 24
23
27 37
43

0 45
14

6 7
13 29

49
18 35
40
41
10 44 47


13
4 32
18
13 38
25
14 38

6 18 48
16 39
25

42 45
30

40
5

39

26
42 47 48
31
49
27 49
15 19
18
26 42
3 5 26
12
20
2 19 23 31
4
36 38
0
46
10 47
6 25 28 31
10 13 45
25

12
3 13
9 31 33
42 45
5 9
18
10 45


7 20
40
25
13 22 23
7 15 44
12 47 48
9

46
5 25
22

10
9


1 47


20 38

13 28
10
8 11 36
9 18 23 27
32
16 45
33
17 39
6 11
48

17
38





25
1 10 27 34
18 30
0 25 48

5 48
34 40
2 4 8 9 38

47
28 40
8 31
6 8
38
38

24
15 37 38 39

21
23
25

9 26
8 19

47
10
14 46
14 45

15 29
19
21 47

17 27
10 18

4 5
4 6 11 29
5 12 20
7 32
38

9 28 38 43
49
18 29
2 26 27
38 40

9
39 49
16

7 24


45
41
6 20 22

26
32 40
27 41

35
27 35
31
5 11 47
10 20 27
33
1 4

20
6 9
5 7 36

27 39
21
47
23 39
24 38


6 49
1
8 26 49
20 49
41
7 22 34 38
21 48 49

27
13 30 38
37 41 49

17
28
35 48
15 19
12 41
29

0 22
1 41
49
12 13 29 38
18 20
28
3 5 42 46 47
9 11
35 38
17

16 29

23 32
40 48
29 36
12
8 10 24
12 15
11 27



21 28 49
2

2
16 29
7 41

13 49
28 36 41 43
1 19 36 38
23 49

25
20 22 46

15 35

38

22 34



19
22 43
30
12 23 41

12 40 43
25 27

22
45
1 40
43


26
38
5 16 42

46


24 29

7 40 48
5 28 45 46
16

29
0 29 32
17
0 35
12 22
36
42
32
49
15 26

40
12


5 46

34
30
35 36
16 40
33
28 30 42
5
16 29
7 30


6
7 43
15 25
13 28 33 42
20 40
14
22 40

18 20 36

39
49
1 10 40
46
18 35
43
19 28 39
35
13


23
17 19 47
18 48
48
41
2 27 43
14
48
9 25 32 35 47
12 49


2 32

17 37 39
12 37 42
25

14 22
38
49

32
0 28

15 32 33 40
24 44
7


8 38
0 1 6 22 31 37
20
0 46
11 35
16
26 33 41

6
27 45
16

4 16 37
30 34
1
20 28 29
17 22
26 33 40
12 31 38 39
17 41
36
3 29 42
29
17 24 41
39
18
49
9

3 24 35
9
14 27
28



23 24
40





3 22
5 17
22 36

3
31

12 24
3 5
10
3 7 12 17
3 38 39
23 34
16

27 32


10 14 42
28 49
23 34
42
18
32
4
41
28
36
1 25

32 44
38
2 27
4
8 18 27 33


20
35 45



0 18 19 45
0 34
37
31
2 38
30
0

13 27
19
14 15
25 41

4 30 31

3 29
45
44 46
7
24 36



17 23 49
29
24 28
24
1


45
4
27 47


27 44 49
34 40

0 22
1 25
11
23 36
4 15
25 29
1 17 18 29
3 31
3 7 26

9 22 38
6 36
10 18 22


12 44
13
21
4 24
26
1 11 42
42 44
15
28 29
9 16 44


22 29 39
43
31
1 4 26


0 47
1 17 18 43

46
37
33 37 39 41
14 48
13
18
35
25
33
35
9
21 48
29
37
6 33


16
3 22 36
3

13
1

0 25
14 48

12
15 16
14 19 28
28
13 28 35

5 26 40

16

14 38

12 24
14 17
18 36
34
11
27 35
39
40
5 29 35 40 46
7
34
21 38

1 44 45

11
35
33

25
28
14 40 42


40
0 30

1 13 31
41
14 33
15 34 36 44
22 31
24
39
4 12
43 49
28
8 48
21
30 36
48

41
11 17 30 39 42
44
15
21 42
16 18 28
11

27 31
21
23 28 37 46
31
29 42
30 46


28 39
18
1 34
26 42
12 17 22 44
42 47
36
44
8 13
11 14 23
21
24
5 6
11 17 39
46
46


4
11 32
0 11
2 6

27


0 6 9 33 37
9 12
6
39 41


3 4 15
26 27 39 44
14
12 31 38
27
29
30
30 43
14 30 36
22 42
35 48
0 14
44 46
29

48
41


3
2
5 17 20 33
38 46

2 28
13 17
18 30 46

15 37
3 49
5
10 12
5 10

5 24
4
39 42
32 34 49
17 27
37
49
24 40
9 13
23
25

16
17 23 35
7 39
6 21 27 38
8 9 46
0
3 21
24
44
20 34 42
9 43
3 17
25
12 33 38
36
16 23

14 36
14
6
22

6 16 23
36

0
1 42
32
7 8 22 37
23 38
27

25 45
3 11

3 7
10
1 2
29
24 30

2 10 15 26
6 29
4 19 23
12 34
24 47
4
2
7 11
35 48

24 30



0
11 20 39 43
17 37

11 29 36

0
17 41

13
20 27 32 40
16 26 31

49
11
26 32
14 42
0
3
11
34
13 20 29 35
24 44
39 43
4 33 44
26
1
34
23 42

3 27
11 27
49

46

11
3 47

3 37
4 25 41
17 21 35
6 37
2 9 14 24 41
5 16
25 31
8 15 28 47
44
12

25 27
3 7
16

40

15 26
18 38
0 26 30 38
38
5 21
7
10

27
11 45

24 28

20

37 43

14



31 36
15
25
30
35

2 29 31
47

41
20

0 34
44


2 32
1 3 20
14 31 33 39
18 26 47

11
9 33 45

19 25
18 20
0 33 39

25 26 38 41
11 37

34 40
33 35 36 41
32 40
13 20 21 36
44
17 40 45
18
31
5 11
10
0
9
14 30 33
13

49
9
12
9 45
7 23
18 35 45 46
24 47
4 27 36 37
46
19
29
5 10 12 47

7
13
17
9 10 43
31 33
3 38 44
9
20 45

39
6
28 29
3 20 44
8 19 30 33
30


15 36
21 44
15 41
10 37
35 44
6 12
11
43
41


10
5 47
10 47
21
40
33
6 29



12 15 38
18

15 43
7 14
9 16 28
33
19 28
43
15 23 46
21
7 13
5 49

30
28 37
27
4
31
15
14 25 29

39

10
24 34 47
30 44
21


13 18 30 37
3 7 29 31

37
7 28
0
5
8


9 44
0 10 23 37
0
7
12
13 36 45

19
38
9 18
9 41
27
44
6
26 46

20
8 19 30
34
3 18 24 43
35 41
19
33 41
22 36

7 26 33
19
11 43 47
7 14 21 25 27 28 33



12 21 46

15 48
7
9 22 44
3 20 39 46
0 35 47

3 38 39 43
2 6
16
0 7
42
6 36 44
20
3 20 22
3 19
37
0


22 45
19 21
46
3 15
35
4 33

38
12 46
36
7 9 38
15 39 42
15 18 31

42

26
34
6 17
2 17 34 48
2
37 44
12 37


10 45

15 28
15 24 32 35 38
30 39
3 37
22

3 37
29 39
4 13 39
40
6 19
23
11 24 28
37
39 41 45
26

44

21 38
4 22 38 43
26
29
0
7 23 27 49
31 46
1 13
43
12 28 40

42
23 46
11 40
7 40

29 38
16 23 49
39
5 16 21 24


1 6 22
13 38 47
15 18 42
9 48
37 39
9
18 33

44
0
1


47


16 20
3 10
4 22 30
29
31

10 20
4 15


36

3 7

23
6 33
8 41
12
0 2
36
2 14



7 38
29
19 25 39
17
0 13

13
28

44
3 19 40 44

9
31
24 25 42 49
0 14 23
0 7
20
38 45
15 30
11 18
0 19 24
37 39

42

22 40
2 26
5
26
19


15 19 49
10
14
43 48
44
18
0 38
22 40
14 34

36
16
32
24
46


4 8 35
9
7 20
2 45 48
5
8
38
1 4 39
25
19 23
7 27
3 15
32
17
35
7 36 48

1 45
22 29

6 11

17 38
43
25 44
2 12 13 22 43
0 8 49
33 41

27
1 17 23 25
26 45
39 49
34

13 36
0 3


7 40
18 25
7 10 27 37

5 14 22 24 30 48


43 48
19
25 45

44
2 31 39

0 13 36
30
15 21 37 47
4 40
40
39 46
7 13 27 37 41

11
4 37
40 41 48
17 48
34 45
31 39

13 16
25 37 42
32
47
21 47 49
23 38
1 6
5
5 7 31
30

5 22 42

48
0 24 45

22 31
30
5
24
3 4 28 32
1 31 34
20 27
49
33
34 43
8
26 31 46
6 8 27 49
43
36
12 14 43
6 34 48
42
4 14
49
49
2 15

10 25 33

9 18
23
12 46
3 18
10 12
30 44 46
10 23 32
3 14 16 17 25

40
29
13 34
13 16 22
21
16 29
24
32 43
34 45


26 36 41
26 27 43
3 8 33
5 11 36
1 34
11 17
5 14 33
47
17
21 34
14
28 35
13
13

0 7 28 41
17
22
16 24 29 44
34

11 35
0 11 17
31 38
13 26 40
1
1
27
5 7
24 25 32
23 28
3
21
5 14

6 24 25
5 6 16

41
17 35 42
24
12 41 48
18 29
8

20
24 25

17 31
4 48
7 8 12 31
21 25 28 30 44
35 45

10 47
9 35 48
19 34
33 35
7 13 24 45
14 26 31
9 18
7 13 31
19 20

6

4 8 46

36
10 31

33 41
30
4 8 22

7 12 16 24 28

0 15
14 32 34
7 43
1 28 48

3 11

27 41

15 18 28

25 45
3 16
26 33
26
15

32
24 33 40 48
20

17 32
1 11 31
16
49
30
22 30
34
6
47
22
18 43 49
33
7
7 25 39


42
17 22 37
10


28 38
8 25 43 48
21 28
10 23 35
11 30
32
23

23
6

24 41

2 11 18 27 49

25 26 35
39
16

13 28
7 10 32
40
11 25 26
9 40 43
3 33
3 5 13
15 37
26
30

5 13 36
28 38
14 29
3 40

3 9
20 33 38
0 7 21
7 29

15 25 26 28 45
3 34
2
0 46


21

1
16 40
5 12 26
9
16 31
29
4
1 10 34

0 14
24 48
8 14 27 48
11
14
16
36
26 40
37

3 24 32
16 20
37 47
16 38 41
17 31
3 36 38
15



8


19 34
45
3
15
10
0 16 29 37
10
4 15

31
35 37


28
16
21 29
19 26
38
11 25
34

4
3 30 44
17
1 48
5 31
41 42
8 13
3 34
10 16 32


5 6 11 31
14
0 41 48

3 49
2 30
4 10
21 22
31
20 47 49
18 21
27 36

30
29
8 19
35 39
17

15 26
17
14 47

24 44
0 14 30 31 38
46
30 33 35 44 46 47 48
9 40
10 11 31
16 30 44 47
15 22

2 10
5 7 21 25
3 23 32 40

30
1

0 30
36
27
8 10 33
32
1
5 12 49

17 40
10 27
0


15 23 44

12
17 29 34

37
8 20 23 26 38 46
14 19
6 24 39 47
18
30 46

5 31
5 35 43
41




1
43
0 7
22
2 45
1
17 26 39
31 46
5


28 31 44
45
14 19
45
24 45
15 43 48
43

34 37
41


0 23
46
9 11 19 45 47

43

47

9
31 39
16 21 26 37 39 49


28
11 37
25
15

8 32

24
39
22 26

14 37

13 26
9 14
30
3 32 33 34 48
30 48
1 44
23
33 38
17
31
16
19
31
37

38 45
8 11 13 26
26 29

12 42
9
10 36 44
25

27 40
3 21 37
16 44

5 31
37

23
10 35
9 22 34
0 13 17
21
15
41
18
32
7 27 39


44

8 29 49
47
37 41
21 28
14
4 18
7 22 36
0 14 47
28 48
3 23
0 10 22 34
44

17
0
14
10 19
18 26 35
23
11

8 12 36
5 13 20 24 25
25 34
25 35
29 36 43 44 49
15


8
46
16 40
45
22
37
6
27
29
20
8
7

10 11

40 47


8 17
16 44
36
9
10
16 48

18
7 12 15
2 24
2 6 46
6 13
11 44
5 37

11
14 25
27 32 36 49
48
33 38
27 28 48
13 19
10 24 28 34


45
14
21 40
25


40

4
33
3
6 46
8 17 30 36 38
5 19 37
2 21 42

23 38

23 33
1 15
42
22
26 28 44
45 48
30
28

21
10 12
45

6

44
10 14
39
1 37
17 19 37
49
39
9 15
14

21 43 48
24 49
14
42

37 38
40
1 24 25 31
11 29 47
27 31 44 47
35 44
8 44
22
1

0 35


18 45
20 29 46

4 12 24 39 49
9
0 26
1 42
42
22 31
8 33
27
11 28 35
2
42
15 22
9 24
8 25
20
34 47
29
3 22 31 36
29 40
44
5 46

3 22 25 27 40
1 42
3
42

6
24
19
23
8 23

33
1
26 48

31 45
1 3 12
4 10 34
12 26


35

31

49
20
39 42
2 41
13
32
6
15 25 35

14 39
6 7 21 42 44

9

32 37
33 39 43
4
12
4 19
18

5 12
25 37 40
41
4 13 27
0


8 9 30 40
36
46
44
16 26 43
5 34 45 47 49
27 36
4

15
31 34
8 10
19
24

33 37

11
2 11
25 49
0 7 25
32 33

40

35
37
21 35


42
24 48
36

9


0 12
3 5 26
26
11 29
12
4 41

8 11 15 22 29 36
10
7 49
8 37 39 45
26 28 32
38
24
4 13 41
45 48
1 6 49
24 36 41
3 40 48
28

9 36

35
4 9
23
19 30

2


32

16 36

21 27
21 23 24
5 42
36
14
48
20 38
22 30 46
36
40
1 27 40
40
22
0 48
10 45


3 29 49
10 11 46
1
3 40
43

3 13
16

7
13
7
25 40
19 45
35
49
22 26 27
6 11 14 25 32 33 39 48

6 8 14 46
41
3 34
2
31
14 24

18


11 39 49
11 40 45
1 12 21
0 24 41

1 4 13 26 31
13 15
17 47
15 41
25 33 40
27

24
49
4
25 34 44
33 49
32

17


19 39 49

16 18 26
45
22

9 46

12 46

22 24


26 35

47
1 3 4 31
23
39
3
15 27
1 18 49
48
3
7
35
25
14 32 36

8
11
32
41

19 47

9 23 33
37
45
43

3
46

12 26
18 19
25 47
38
35 47
22 27
6 20 33
24 26 32 40
36 47
6 23 35
25
27

27 37
7 16

36 37
23
24 49
6 27 40


31 44 49
32 46 47
37 46


12

14
17 45
22
31
11 42
13 15 19


21
0
2
8 21

30 34
38 49
37
8 12
11

13
12
23 25
28
0 19 40


21
31
41 42
10 13 47

22

47
10 11 22
9
16 47

30 34 39
5 31 33
10 14 44
46
12
18 44
40

5 8 24 37
29 31
10 20
9 48
22 36
13 14 26
5 10
46
23 34 47
22 26 30 45
12
22 42
9 23
14
45

15 27 34

0 7 25
26
5 34 36
5 13
17 18
24 25 32 35
9 40
11 36

27 34 47
31

13 44
1 27
20 30
1
40
17
42
5

38
16 17 49
25
0 5 35 47
4 19 20 23 44
18
12 39



44
24 30
41
7 9

21

11 13 35
19
2 19 36
13 43 46
28
46
4 41
22
22 46

39
1 29 38
19
17

23
24 29
22
39
12
9 43
40
42
20 30

38
22
26 40
31
4 23 27



4
15 25 29
30 44



13 45

16 28
37
2

39

25
4 27


20
1 16 41 46
8 36 45
11 32 40
19 23 25 46
16 18
6 23

25 35
29

42
45 46

4 27

31
48

14 49
17 49
13

21
6 12

2 7


4 19
6 18
11 41
19 49
3
13
34 41
6 22 47
1
7
2 48
23 25 47
43
23 41
1 8 10



15
1 19 21

7 12 30
0 2 9
4
13 42
27
7 25 34 49

1 38 49
32 35 48
21 29 44
7
8 17 18
7 11 32
14
31

2 31 40 45
25



40 47
3 11

15 32
24
28
19 27
0 8 23 32
10
38 49
1 5 25
1 36
11 12 41
0 1 8
2 39
19 30
16 24
23
45

11 38
37 38 39 47

11 27
3
3 8 15 33 37
33 44
42

35
2

18 22 29
38
28
11 46 47
6 31
9 12 33
24

22
42 49

0 9 14
8 11
39
12
14 39


21
36

9 43
0 26
11 36 40 43


22
13 49
16 31
10 23

4 19 40
29 31 37

31 40
13 26
1
2
44
1 27 32
10 19

23

9 26 30 49
38
21
22 37
40 49

0 25
0 21
4

37 38
33
16 36

0
2
2
4 33 35
22 42

8 34
4

49
17 42
38
5 23 27 30 41
8
5 24
1



40
22 43
47
49
5 20
30
1 3 31
41
11 29
6
31

6
8 22
5 38
18 43 46
14 30

32
5 18

33
14 26 29
23
24 36 37
12 27
4 18 35
23
21 22 23
3 38


15

21
1
48
26
15
2
48
3
9 11
12

28
42 45

14 36
8
34
5

6
2 20

21 28

43
2 4 37
43 48
42 46
4 40
9
4 36 47
25
8
0 7 38 45
24 44
17


25 29 31
36
33 44
30 40

15 18 28
26
4 34
45
26

7 30
16

10 22
12 13
18 19
1 17 18 27
22
48
21
25 39
10 18
24 28 41
19
2 8
13
19
42
32 36
18

46 47
41


20 30 43
20 40
15 22
15 33
11 29 35 42 48
15
7 21 27 35

1 49
11 22 23
4 27 33
16

20
5 39
7
27 29
7
45
28
12 27
17 33

13

7 38


2 44
46
16 39 45
28 31
23 26 28

1 45
36

16 46
7
25 31
22 40

17
30
35 42
11 18 34
46
11
12 47
27
2 3 37
19 34

27
13
2 36

31 32 41 49

22

36
45
41
11 26
28 48
19 35 37

1 41
32
29
0 38 41
4 12
2
21 44
49



17 41
24 43
15 33
1 30 46
12 16
12

31 32
38

6 34 41
44


18
30 38 41 43 44 47

22 34 46
31
11 22

43
14
20 24 40
9 13 35 46

39
7 11 33
1 6 30

20
12 38 47 49
40 43

27 40
15 45
46
14
8 24 35 44

12 36 40
10 27 48
47
35
1 27 31

16 21 27

7 12
43
5
19 32
39
38 44
1 32 40
45
11 27 34

7 17
32

16 31 43
17 25
8

45
1
10
37
16
27
1

33 45


21 24 37
38 41 49
32
2 9 41
14
11 21
20
26
8 32 42
3
3 4 35 41 43
5 37 42
15 23 24 37 41
46

26 45
2
15 44 46 49


7
17
15


41

27 43
42

10 25 35
13 43
39
28
12 33 37
28
3

29
5 28
6

19 27 35
9 33

12 42
30 32 36
44 48
1 47
33
4
19
11
19 29
11 38 39 45
19 34
29 40

4 16
49
20 41
15 21 40
0 15
7 33
6 28
2
23 35
17 21 26
7 49
24 37
18 41 45

29 33
20 33
36 39
31 49


12 40 46
26 27
31 43
16
21
20




0
24
10 48
37 42

7
22 42
6 43
14 20
5
2 11 20
17 24 35
1 11 32

24 36 48
21
35
11
16 44
33 45
9 34 47
47
0 6
3
20 43
44
19
27
9 25

43
8 38 40
36
3 27
22
42

27

44
9 10 31
44


19 26 29 47
6 17

14 32
12 44
9 16 33 37
11 46
0 46
7 33
35
11 29 38
2 20 29
5 23

12 26
20
17

2 38 44

35 36 38
6
28
23 38

1 26 46
1
18
25
3 30
10 29
45
25
4 12 21
5
10 20
48
44
33
10 43
37
33 38 43
27


48


7 12 31 35 41

8 33
33 43 46 48

48

19
23
18 41
23 35
3 34 45
0 14 17 40 41

47
8
7 11 14 26 34
17 21 39
3

24 39
9 10

13
6
5 22 26
2 27
1 38
2 15 46
11 20 29
4 41 46 47
6 48




4 37
5 23
34 39

13 20 21 35

31 34 43
11
0 14
19
27 35 46
11 20 41 47
16 29 41 48
22
7 27 48
10 26 35 37
7 10 39
15
1 43
23 44 46
9


20 24 26 28
0 25 44
27

25 39
24

27
19 20
17
14 32
0 11 48 49
3
24

21
10
22 31 45 46
33 35
2 13 42 44
43
41
38
32 34
4 19 20 23

43

14
14
10 37
44

4 30
18
16

24 25 27 32

6 19 30 37
18
25 38 47
3 37 49
44 45
27
11 46
12 26
8 41
19 20
5 12

2 24
15 35 42

40
17 26 42
2

7 36 39
33
2 33 37
10 42 48

25 48
7 22 29

43
15
43
35
14 43
7 9 24 40 49

34

14
1 46

18 26 29
6 29 39
16 20 37
44
46
27 45
7 39
36
22 46

34
36 49
5 21
2
1 41
33 42
21 44
1
10 27

22
32 45
31
6
44

48

14 18 28
4 8 30

5 10 21 31
32
1 22
26 40
0 5 16


1 14



44

27
27 44
30 47
33 34

42
21 22
36

11 34
27 28 37
9 24 48
1 9 27




14 37
21 35
21 49

0

13 27 30
11 38


21 31 34
11

19
0 13
8 42 48
14 33
3 41 42
24
1 12 23
4 13 30 47
29
1 41
17 21
9 27 48
13 40
5 10 42
39
5 19 20 26 37
19
26 30 37 45
37

41


4

13 16 24 39


10
21



32

15

8 19

5 28
16 17 35 49
1
18 36
19 46

16 22
5 11 19 24 41 44
38 46
40

19 23 35
14 18

10

20

22

22 27
5 17 47
12 13
4 10 15
23 40 44
7
10 26 30
40
16 42
17
16
31
16 45 49
37
34
23 28 33
0
25 36
30
49

23 24 28 48
16 29
5 16

6 27

15 32 49
27
27
29
21
8
37 49

0 45

3 25 28 39
18 29 34
10 35
24
26
11 26 31
41 46
35

14 38
6 34 47


5

9 11

12 41

1 33

11 37
17
3 48
27
24
19
5 12 19 44

2
3 19 37
23


14
5 9
7 24 34 44 49
6
15
8 31

27


10
11 16 34
19 31
7 32

21 36
2
3
3 43
12 34 44
27 38
28
2 13

28 30
24
43

24
1 8 29 48
16 26
5
43
17 46

23 43
37 39 45
7 41
12 14
16 29 34 37 40
2 19 23 38
4 16 46


11 26 32 35


11 15
30
13
8 12
11
49
33
13 20
35
16 19 27
31
0 17 39
45
13
31
15 41
17 18 26 30
27
40

15 28
17
20 30 34

1 11 19 45
39 44
2 28
12

26
10 31
26

10
3
39
5
14 15 34 45 49
37
4 38 43
0
12 16
20 29 38
5
7 12 29

2 3 13 21 37
16 30
45
1
4 49
1 6 32 36
22 38 41
1 19 44
10 24 36
17 36
29
32 34
10
1 7
43
12 29 36
6
38


20 37

12
39
21
30 33
47
24
25

12
12 18 20 45


3 12

11 21 34
13 49
27 39
30
37
0 28
3 28
21 22 31

1 3 14 21 32 39
16 24
16 45


14 34 42 47
30
19


8

16 26 40 49
30 34
3 25 45
18 31
4
4 21
12 21
41

5 41
5
9 23 38 44
16 24 42
6 20

6
11 38 42
42
26
42
1 9 11 20 36
31

18 30
31 49


21 48




11
41
0 8 26




27
32 38 45


17 26

42
3 6 33
3 29
7 9 32 45

9
41

26 44 47
8

9 49
38
8 47

16 18 20
20
2
28 32
42
38
1
23 27 30 44
45
22


2 10 19 43
32
15 19 21
26
13 18
26
9 16

27 32 46
5 48

11
2 14 43
15 31
37
5

35
19 37
28 42
1
16
3 16 27 42 45
33 45
0
35
34
45 48
7
13
33
10
23 37
26 39
8 21 25
2
1 3
4
47

24
31 33

45
8 19 41 42 44
37
7 26 30 35 38 39

1 15 32



1 27 29 32 41

4

28 45

6 13
6 12
11 19 43
42
2 6 27 38
22


17
6
29
14 21 43

18 40
36 39 44


27
1 4
17
28 32

25 27
36


11 13 49
13 44 48

2 3 6 27
24 28
22 33
27
19 34
22 32
19

23 46
24 29

5 15 43
9 17
37
42
15 28 43
6 27
12 33
1 48 49
18
41
3 36 44
10 27 39
37
14 19 26 28
8
24
15 31 39
12 48

13 21
14 42 45
31
6 43 48
25

28
1
43


8 13 38
9 14
6
40 46
10

23

8 24 41 46
48
11 43
10
29 32
45
4 5

8 10 29 35

18 28 39
10 43
26 36 48
5 32 41
9
10
25 26

3 34

15 19 42
8 19


4 21
10 15

14 33 42


20

48
12
9 25 30
10 18

24 33
22
33

16 26 46
47

8 21 37 39
37
14 15
24
19 45

16
4 48
36
13 32 46
3
21

17
43
1 28

20 27
46
35
5 11

9
22 29
6 45 46
33
7 23
0
13
18 28 37 47

13 26
17 33
4 15 36 42 49

15 39
13 21

30
16 42
8 19 43
32 33 41
36 37 38 44
28
9 20 37

10 42


2 24
12 23

24 39
26


21 23 43
22
6 16 20 28
0 6
41 45
45
41

8
39
33 41

5

24
7
9 32
7

15
33 45

19
3 26 37 40 48

0 14 41
18 32
11 13 14
19 37 46
31 34
30
5 27 28 32
3
16

35
43
3 20
41


14 41
7
10
24 34
47
17


2 23 28 38 48
44
3 14 17
27 31




47


7 40
23 32 47
12
32 38
20 44
12

20 35 42 48
5 30 35
40
15 43
47
24
25
41

8 20 29
37
13 24 30 38
31

14 30 39
38


27
33
17 21
19 39
20 24 33 47


10 37 39
4 22
44 46

36 46

6
34
13 19 24
39
5
41
5
5 21 34
39

13 39
3 30
18
17 43 49
10 22 25


20 34



2
40
25 33
18 23 34 47
43
36
4 10 49
13 26 38 48
31
17



24 36
2
16 19 35
26
2
9 27

23
10 27
12 40
15 18 39 45
10

34 43
20 30 38 42

20
34

22 28

7
2 45
25
45 46
7 12 47
48
7 43


33
41

41 46
14
3 22
2

0 1

47
27 45
37
2 41


20


1 13 33
15 26 27
6 12
39
15 40

1 8 32
2 29
6 13 31 40
4 42

3 7 23 30
13
14 40 42
18 22 23 28 45 48
30 44 45
1 29 31
45
35
17 30
47

13 47

36
18
26 28 47
4
14 48
4 38
15 44
21 32

1
9 12 39
21 25 41 49
11 37
48
26
29 45
1 14 25
0 46

49

2 18 30
2 47
4
43


7 15 40
23
29 44
14 26 38 46
6 16 36
45
13 20 24 42
16 31

16 33

36 43
8

20
49

0 3 14 18
32 49

44


38 41

24
14 22 33


17 36 40

46
12 42
49
48
14 15
29
10 32
5

17 42
6 49
25
2
1 36 47
13 35 44
0
14 28 42

7 40 42
18 29 39
12 46
1 6 10 23 27 45


13 35 39
49


0 29 37
2 41 42 44

21
26 48

4 47
4
45
39
35
27 31
13 18 32

0

33
5

48

18 33
2 8 41 42
25 34 41
9 29 36 48
36 42 44

16 43
23

43
4 8
13
35
3 47
2
8 34
25 27
10 46
36
48

6
26 33 48
11 12 38


5

31
3 13 36

3 33
37 42
25
10
8 17 31 39

0 18 33 45
4 44 45
17
39

8 12 44
0 34 39
8 36
2
10 12 21 26
22

17
37 44

24
9 25


29
2 7 21 37

18
6 7
30
5 7
24
13 46
43 45
24

2
17 32 34
42
19 27
13 22 28 43
21 48

16 42
13
42
24 32

27
2 17

6
1 19 33
14 27
10 16
27
30 32
7
27 42
0 12
6 10 35
18 19
13 40 43
9 40
1 16 26
0 30 43
42
29
34


11 27 29
2 36 44
11 29
37
7 43
9 19
49
24 39
1 49
20 34 36
8 38 46
19 30

38
33
3
10 11

31
16 45

45
10
21 30 37 45
34 35 44
2
33
42 46 48

48
30
4 35
40
24
27 28



45
22 49
2 30 34 44


39 42 49
14 18 28 40
18 36
41 46

44
20 46
33
4 42 44
33
8 47



5 26

33
23 46
14 23 28

0 14 47
7 43
11 39
9 33
16 35 41

1 22 35
2 36
48
2 39 45
46
26
2 38
26
24 46
1 28

0 29
14
19
9 38
23 34 47
13 43
16 25
9 20 31
23 43
39
16 23 48

25
27 46
12 37
1 8
28
5 19 29 30
12 33


17 28
15 19 36
7 25

24
0 1
3 14 32

12 18
33
30



16
1 27 44
3 49
8 46
18 33
15 46
6
29
5 11
34 46
17 41
22 34
44 45

16 19 45
31 42
9 22 33 42
49
12 44 45
18 29


47



0 33 35 42
15 30
23 37
20 23 25 44
30
43 45
6
9
5

12
43
2 40


18 35 43
10 37

22
20 21 30
8 11 12
12 43
7
4 38
41
5 45
42
17 24 46

40 49
12 36
7
16 18 27 30
1
19 36
30 31 44
15 43 46


6
20 40 43

14 36
18 30
44
6 21 48
6 28 48
5 46 49

5
9 22 36
33 36 47
31

46 48
13 35
27

12
16 27
1 26 28 33
12 26 42
7 37
3 34 47



7
29
23 35

7 9
18 27 33 39
49
3 30 41 48
35 37
8 32

21 49
8
2 24 25 40


12

37 47
15 22 33 36 40
14 46
39
24

23
8
24
20 48
2 5 26


5
31 35
48
23 41
24 49

8 35
1 24 37
7

2
9
32 40
1 2 17
12 19
8
28


25
45
24 32 49
12 49
2 22
14
0 15 40
8

12 48
34
20 38
1 16 28 44
3 4 11 43
30
9 15
31

26
9 45
17
37
7 9 31
9 41
4
41
38
22 25 45
39

13 26
21

9 23 39
43
7 9 23 26

31 35
39


9 16 19
9 20 43 44
44

26 27 38 43
43 44
24 49

48
4
14
40
37
1 7 16 33 48
11

18
17 46
45 48
36
11

4 19 38 43 48
19
47
15 36
25
27

21 32

16 22
31 44

40 45

4 30 42
29
37
45 47
40 46
36 38
33 36
14 21
38
0 16 37


34 43 46
33
11 14
0 9 34 36
37 48
31 33
14

3

8 32 34
42 43
2 32
9 10 27 38 49

44
35
10
38
2 21

11
11 12 19
8
1 7

7 16 43



36

28 31

11
5
25
9 32 46

6




10 11

2 12 40
17
13 47
3 12 15 28

16 48
18
35 37
10 27
10 19 21 27 28
5 12 41
7
8 13 26 34
41
37


39 42 48
31
10 19
5 25
19 22 24
14 15
18 28 45
1
6
17
48
15 43
4 15 27 33 35
15

2 40
34
3 10

2 11

4
1
14
45
2 14
1 2 22 30
47
0
24
43
31 47
5 46 49

22
13 28
44
22


13 39
3 40
16 21
5 10 45
5 6 32
1 5
0 39
18 31 33 39
41 43
3 8 14


9 13 17 26 32 40
15 43 46

1 7
32
29 36
24
30 33

13

33
44
5 37
8 19
5 19 25 46
33
45

21 33
28
13 32 46
8

9 41
26
10 33
28 41
44 45 46
45

7
2 49


36
46 48
19
21 45

2 42


28 36
25 28
21 27 47
25
33
3 17 31 43
6 33

0 12 21
17 44 48
12
16 33 44

11 23 37
17 21
27 33 47
9
11 30


10 33 42
25 31
8 37 49
14 47
21 42
15
36 45
27 42

11 29
3 23
30

6 43
18 26 32 37
2 12 14
0 32
8
37 42



46
5
15 28
12 26
17 28
0 19 29 33 44
15 24 40 42 46

2 5 10 25 30
2 19 39 44
2 4 14 18
0 11 23 27
11 22 38 46
11 17 42
18 46
2 33
27
10
4 9 15 27
28 32
21

31 34

44
2
6 32


37
48
4 24 46
47
5 48
7
44
27 30
27
34 42 48 49
11

44
0 43

15 24
6 14
7

27



37
25 29 31
1 37 48
1 29 34

17
0 6
18
22 32 35

13
3
0 22 47 49
4 26 37
19 46
6 46 49
4 25 34 46 47
11 17 32
46
15 33


26
39
21
20 38 40

0
5 9 24
26
1 17 22 27
4 5 16

23 26 28
5 39 47
45


20 21 30
25
2 32
49
17 40
47

0 25
19
45

35

26 30 40
36 41
25
43
10

18 45
43
39 47

8 33
22 38

6 10 41
40 41
16 39 47
0 49

11 21 48
11 27 48
14

11 33

26
10
16 26


43
30
9 10 12 26 48
41
5 33

6 8 31 39
4 31

11 22 45
0 46
3 13 44
29 40
49

28
3 5 8 31 33
16 28
9
2 11 29
11 20
1 24
12 28

14 24 33 34
28 38

4 14 30
8 34
0 3 7 29 42
43
22 37
44
6 14 15

12 28 44


30 37
13 33 38
12
43

47
27

13 22
4 11
19 22
36
20 44
10 30
31
5 6 11 47
7



8 34
46
27 44
1 14
10
10 31 33
0 3 27 29 35
6 16
32
15
13 20
36 44 49
16
31


18


21
12
49
2 7 43
2
3 16 20 35
30
45
13

41

3 31
6 39
8 27
28
9
15 33 35
6 30 32
13
23

30 34 35
2 13

23 25
27 34
20 29
28 30 44
27 28 45
42
44
9 26 31 43
32
32 36
5 26 28 39
13
10

3 15 18
7 40 49
46
14 24
8 16 26 33
34
35
1 32 37
16 37
15 22
23 37


17
7
5 25
16 34
24


3 19
10 40 44
6 26
47
27
38 40
45 49
33 37 46
6
48
10 40
30

9
3 21 30
3 11 33 47
21 32
5 8

19
48
34 40 43
6 18

6


40
25 32
11 30
38
1 6 9 37

37

4 33
8 29
5 17 49
34
9
0 10 20
1 41
23
6
27

14 37
0 21 27
21
25
15 34
35


27 46
10 14 43
12

12 48
40


5 42
15 32


19
4 8 17
11 14 49
20
40
0 5 28 33
41

3
8 20 28 47
47
2
16
43
11

6 13

5

11 13
18 19 22
13
16
4 8 16

8 23
15
6
30 47
25 31 35
9
9 30
33
9
32 47
3 28

46
6 29 41
34

17

31
31 42
16 22
31 46

40 44

13 15


3
22 37

6 8 49
30 40
6 38
8 11

29
25
27
1 11 41
49
20 26 34 41
5
6 25 30
3 30 39

18 23
8 21 26
13 47
6
0 28 30 46
32 44
34
14
15 22
39 45
2
40 46
14 31 36
6 23
7 15 24
8
5

21 30

8 46
13 37

35 39
42
13
17
5
24
46
11 48 49
35


1 2 6 48
9 45
7 15

3 8 36 38
5 8 22
21
46
32
36
22 27 29 34
39

10
15 25 49
16 22 49
34 47 49
26
5
2 17

16 41

13
42
14 24 37 44

48
8


21


6
11

25

43
42
21
9 19 21
27 39
6
5 10
17

0 16

5 9

6 25 48

3 39
45
6 34 36
37
4
11 15 25 40
11



33

18 48

26 45
16 49

0 2 22

4
1 22 25 36
20 49
2
40
25 29 35
45
12 47
9 15 19 25
4 24 25 37
24 28 49
22 24
37
39
23
18 44
25 28
29 49
0
35 44
1 20 32
9 16 48
21 41
1 38
22 28 40

5 26
16 29 43
9 37 44
0 34 43
9
23 43 44
47

1 4 30 49
12 13 48
41
6
22 31
36
6 18 23
4 30
3 5 39
9
31
48
26 48
20


13 17 31

2 11 27 44

5
14 35
39 41
21
24 27
31
3 26 36 45
0 10 19 45 48
18
13 15 39 43
40
1
22 33
12 49
10 23 47 48
42
6
2 5
7 14 26
44
25
29 36

15 38
38
14 17 19 44
3 27 33
18 22
16 27

20 22 26 34

29
31 35 38
8
4 5 39

41

21


2 45
10

48
33
12 27

3
26
28


19
7 15

3
41



36
36
2 11 38

47 48
15
33

20 27 45
3 6
1 5 22


19
10 39

21
11 14
44

35 38 46

42

2
40
37
37

35 43
14 31
17
3 8 45
29
32 36
28
7 22 43
22
1 18
3 8 13 22
2
8 20 41
35
8 25
9 12
16 34
6 8
20 32

5 8

46
9 43 49
45
1 32
23 27
1 7 39 40
35
0 28
4

7 15 43

6 28
29 34
2

12
3 29
36 42
10
36
45
9

11 27 45
30

8
20 26 31
33
44
36
10
1 10

3 49
13
28

8 22
41
7 9 40
17
26
31

12 27
15 17 44
4 20 46 47

44
8
1 37
10
7 28
29 36 38 41 49
8
31
2 32
10
18
20 36
25
2 38

24 30
9 15
11 16

7
6
1 17 24 40

11 18 39
27
45 47

24 32
4 10
10 45
7
33 38
20 37
37 40 47
47
13 18 21
16 31 41
8 42 46
46 49
37
15
26
27
21
19 39
2 28
14 34
37
23 28
33
2 5 22 42

2 45
36

13 21

16 42
19 29 40
15
8 10
14
37 44

25 38
41 42
38


42
4 37
16
2 25 33 48
3 5 20 24 34


26 29 37
31
8 11 12 19 21 23 48
39 41
2 35
0 2 36
6 22 33 39 43
34 47
12 18 23 45
29 49

10 12 41 44
10 26 49


5 9 21 46
32
32
16 33
20
35
17
11 17 27 43 49
37

10 14
11 16 37
33
22 45
15
9
0 2 39
0 31

0 29
40
31 43
17
27
7 15 41 45

5 42
2 45
33 38
47
4 7
0
32
0 42
29 49


22
36
26
4
22 46
19 24 30 47
20
39

0 28
18 25 40

10 26 38

10 24

4 19 26
4
2 8 18
3 9 20 30

16 41

45

5

12 37 48
6
2
21
17 42
42 47
14
10 40
17 44
14 43
11 17 37
22 34
3 30 32
13 15
42
3 26
18 35

12 14

10 22 31

29
3 15 35
32 38
5 24 31
10 26
13 42

30 32
1 17 21 44 45
29
3 44
10
11



24
2 16 39
6 24
29
0

3 27 33 39
10 32

12 14 19
11
15 34 46

14
39
4
31
18
27 42
3 27 35 38
24

1
20 37
0 40
32
35 38
6 9 12
10 12
21 24 34

14 15
19

9 24
4
30
8 27

15
39
7
22 28 34 42
18 34 41

17
41


48

30


28
26 39
5 11 14


35
12 16 46
4 40

15 31

6 9 35
17
0 15 21 24
47
20


32
16 24 45
39
16
32 37


19
29
7 45

33
29
16 18 26
10
13 30
5 41 45
2 43
21
24
16
41
36
0
43
28
39 48
8 9 43
31
39
14 45
46
8 14 37

4 13
7 12 27 37 39 45
26 41
1
33
5 17
4 17 43 47
20 27 38
24 39
15 40
9 19 29
44
14
7 22
29 38

14 23 35
4 49
0 37
7 11 31 40
42

20
0 3 17 36 47
24

3 7 15 16 43
39 43
21 27 37
10
4
48
17 27 37
24 27
23 29
5
32
1 19 33
46



6 19
2 30
3
23 26
30
3 8 21 29
28
18 37 38

7 29 32
7


13 31
5 21 48
33 36
33 47
5
49
9 39
16

35 37
10

31 35 46 47 48
31 46
16 27 28
4 6 9 29 44
12 13 40
15 37
38
21 39
3 39
6
22 31
0 2 36


29
22
4
34 41 42 49
24
10
22 29
3 18 40 49
25 35
12
9 29 32 37
34

39
1


4 33 45 49

7 22 25 29 46
4 30 39

22 27 36
36 46
35
6
4 7 41
2 38 41
18 23
1 10 26

17 41
5 42
13 32
25 41
5 14 25
16
40
17
26 29
2 12 13 15 30

19 27 37 40
34
17

11 13 37 42

2 29

6 11 38 49
44
21
26 27
35 44
33 48
0 41
9 27

7 35
0 9 34 41
14 17 29
7 42
3 4 39
2 40
7
10 21 41 47

29 49
15


16 42 46

30 33
4 22

14
47
13 14
21 27 28 38
5 49
25 27 29 33

12 38 49


2 44
28 45
18
27 44
3
41


15
4
24
3
1 45
11 44
17 44
47
23
3 5 12
8 34
0 17
0 29

27
7 18
36
7 45


0
4 46
47
31
6

2 19
41

30 32
9
38
5 29
4 36
2
15
3 18 44 48
9 19
47
15 45
14 33 39
3 9 10 15 18 23
4 15
10 18 28
39

21 34
20 32


49
21 44
18 40

36 38
42
0 43
2 7 11 12
8

33
23


12 27
17
8 22 35 36
7 27 41
14
47
15 24
23

9 46
28
17
15 37
6 22
16 34
0 35 48
3
15 23 28
33
9 22
1 17
29

44
18 35

0 16 18 23
4

9 40 49


25
16 23
22
3 32

48

12 44

15 23
25
7
35
20
6 24 30
21 31
11 36
11 12 13 43
1
22 40
6 40
24
15
19
27 32

5
5 8 48

41 46
17 28 43
0
9
29
37
6 21 33
30
35 44 48
8
43 44
34 36 45
0 24
0 11 24
45
18 29 30
9 20 27 28
26
22
1
29 46


49

5 26 37
45
14 23 29 39
4 46
0 11 20 47

10 48
41
3 14

8 35
27
4
25 44
12

35 43 46 48
3 46 47
30 34
31
45

3 7
22 45
45
30

8 30 46
37
39
23 31
39
31
22 36 40
30 37
0 3 8 26 49
26 33 36
7 12 43
1
29 39
4 7 31
25 31
7 45
7 8 44
8 10
23 42
45
7
34

13 46
49
1

19 32
11 23
9

15 20
12 44 46
17 48
4 23 34
35



0 6

2 8 41
21
9

6 7 40
0 15 23 39
25 40 48
24
6 30
42
0
19


30 44
6
6 16 19 40
2
21
8
19 30 37
0 5 46

8
3 22 33
3
40 45
40

16
5
29
37
20 30
23
20 24 28

37
25 27 49
46
12 21 48
22
20
4 12
21 45
12
1 11
11
43

21 42
10
23
18
2
41
25 30
24 44
23 35 41

2 7 15 31
5 15 27
37 49

6 39 48

45
37
47
25 30
0 8 17
13 36 37
14 39

16 35 43

22 25 30
37 45

19
38
15 30 41
39
6 45
20 36
10 39
3 41 47
41
4 39 42
4
31


8 26 45


2
15
24
36
5 11


23 49
46
0

5
10


7
21
19 43 46


32 33 49

13 45

44
1 31
10
4 5 43

32 46
8 48
2 26
17 44

0 42

11 28 39
8 14


45


6 26
33 38
14 17
21
26
8

37 45
1 30 49
34
16 47
25
7 40
14 16

11

45
7
16
43 46 48
48
28 46
29
17 30 49
10
39
24 29
33
10
2 11
21
31
3
0 4 17 22

38
7 13
7 19
38

30

1


0 18
46
15 17
4
4 21 42 48
48
11 13 39
0
7 11 41
36
12 32 44 49
41
22 36


3
15 27 46
27 42
1 4
26 45 48

28 41
24
14 17
13
5
35
19 21 30 49
0 17
24 49
1
27
1 22
17
4 7 8 10
0
7 19
0 41
20 39
46 49
30

0 13 18 21
34
4 16

6
10 31
3
0 30 46 47

8
15

26 41
8 17
4 13
6 35 37 42
15 21
9 18 36
11 27
46
7

23

20


25 39
15 49
24
4 8 9 25

21 42
34
3
12 30
9 47
49
17 19 32
17 22 24
27 44
13 21 25
14 43 47
13
14 49

3 7
20 30
31
33

21 22 25 35 44
8
0 6 47
2 5 36 48

22 39
7
11 14
2 7
16 20 39
2 19 25 45

35 42 45
14
11 23 44
8 31
14

49

13
8 33
20 23
44
18 33 42
3 34
2 11

8 14

23 30
19
28 36 40
28

40

10 25

46
11 17
28 43 45

24 49
26
33 42


32
0
40


14
27
37
22 27
12
4
34

21
27 29 30
46
39
14 31 35
4 22 23
25
44
4 31
0 8 43
22 25

9
3 23 48
12

16
27
22 26 38 41
11
7 14
13 14 19
13 22 40
23
25
26 42
12 13 38 44
19 44
17
41 47 49
12 19
12
41
2 9 27 45
35
32 41

2 39
22
20 22 39
42
4 33
2 4

20
34

22 33
1 7 13
25 40 42 46
14
1 34 49
1 18 39
4 20 48
10 26 47
25
19 20 33


20 26 31 40
6 18 19
12 17 39
26 27 37
0 12 21 22

12 13 29 35 45
17 32 46
23 41
18 25
17 22 29
36
34

5 25
3 44
27 28 30

34

13
15
8 48
39
21
34
31 39
20 23
9
19 31 42
4 12 42 45
4 43
11 26
29
0 28 34 45
40
3
3 25


4 13
1 47
12 36
42 43
13

43 47
36
27


43
48
24 44
38 43
25 34
15 36
23
12
23
4 12 21

48
0 4 29 45 46

9
43
4 8 32
24 37 45
16 28
23 32
27 39 48 49
31
37



12 24
8

31 32 37
10 16 19 45

6 25
11 25
25

11 25

6 16 26
22

23

14 23 39
14
44 45
2


29 38
1
16
2 11

7
26
29
1 43
49
4 15


27 32 38 42
17 46
31
47
43 48
41
9


3
40
17 23
8 29

23
47
20
0

13 20 30 44
10
21 35 47
39
29
5 35 48
46


20
8 43
4 26
1 24
14
1 35 43
28
34 35 43

1

6 19
44
17
22 47
15 29
4 6
26
19 22 32
2 25
18 48
14 47
7 19
3 45

25 41
2
2

7 21 41 46
16
18 39 42

5
35 41 43
44
36 47

26

18 39
37
19 45
34
8 14
30
49
47
9 18
5 35 49
1 3 39

17
3 34


18 25
13 42
49

46
30 33
46
28



30


40

36
29 43 45
44 47
43
7 9 13 19 45
4 7 26 35 36
9 29 44
3 19 26
0 5
31 35
44


25
8 35

0 6
12 25
2
32

14 35 39
31
18
49
42

40
42
40 41
3
17 26 29
7 31
2 21 24 36

46
25 26 45
10 22 35
17 32 44

7 10 49
20
1 32 48
7 23 38

2 15 25


19

31
22
0 23
8 12 16
8

2 23
32 38
7
23

32
39

8 19
32

1 17 41

27
30 31 40
3
5 6 41
30 35
25 49

30

13
1
28
33

2 32
33
16 34 37 41 42
3

0 46
25
17
23 30 32
4 10
11 36
33 46

31 36
21 40
17
45

33
20 23
18
2 5 19 31
5 43
6 29
10
20 29 40
25 29
40


5 38 46

33 36 47
10 42
40
9 15
4 11 16 27
34




9
5 15
4 23
10
9

20 27
38

7 20 46
48
9 22 29
2 4 11 40
6 8
19 28
8 18 46
4


44 48
35 42
5 17 35
2 19 38
11

3 17 41
32
4 18 39 44
25
7 31
43

15 47
23 44
19 20
11 12 14 26 37
8 21


6 33
45

20
31
43
35
0 16
11 23
17
27 35
23
13 14 26
35
17
11 25
23
23 46
28 33
35
5 23
28 41 43
12 17 33
21 23
32
22 32
21 32 34
3 32 34
28 48

1


20
27 40 43
47
47
43
12 28 43


25
7 16 30

19
5 45
10 15 22 23 35 42

1 28

15
27
20
15
26
35 40
22 23 24 30 31
14
32 47
22 24

1
34
29
29
41
7 13 38

3 20 43

2
7 8
14 29
4 12 42
17
9 14 15 26 28


14
11
16 34
18 19 40

7
17 27
2
35 42 43
7 45
18


11
15
7

9 27 35
7
11
11
12 15 42

36 39

31
22
42

17
20
3
2 43

24 30
16

19 37 44

6
28
2 6 20 35
27

9 23




0 40
36
31
4 11

10
9 16
29 45

11 16 45


21 38 39
32 34 45

37

6
31
9 15

35

19
45
25 38

29 44
9
44 45
30
8 14
13 19 25 39 49
34
32
2

12 25
38


9 33 45
44

3
31
18 36 39 43

31 34
22 47

3 17 25
5

25 27


34
14 20
0
4 8 33
11 38
10 43 44
0 23 43

38
44 45
24
12 29
4 36 42
34
45

28 40
0 27 34 40

33 49

34 35 44
8
34

0 1 10 23
36
22
43
0 33 46
42
21 35
14 49
24 29 30 37
35

36 38
10
7


13
3 20
2 24
43
14 36 38 48
15 17
27 47
19 29
39
31 39 40
38
4 39 43 44
8


0 3

16
10 32 41
26 44
8 24
22
19 30 42
4
42
8 22
14 39
42

34
33
1 17 48
31


5 38 41
47
10
6 41 46
9 29 42 47

21 39
26
7
9 17 24

5 27
32 39
13 18 42 43
12 18 29 42
5 9 21 24 39
33
9 49
24 30

27
33 43
48
10 29
41

8 33 49
19 20 49

11 30 40
40
10 15 37
10 15 28 45 47
12 16 25 46
7
0 24
46
26
7 34 35 38 43
1


7 23
3 16 18 26 34 46
22 45


17 36 47

25
20 40
18
3 30 33
16 36
19
1

7 35 49
12 25 28 33
3
18 38
2
8 16

30 41
22
16
11 17 45
4 15 24 32
49

11
38

1


35
47

37
12 33 34
24

11
7
14
0 41
26
19 28

25
19


20 23
23 30
18 27
4
13 37
3 12
12 41

4 7
34
25 28 32 36
42
25



21 37

43 48
25
10
16 21 27 43
29 30
13 47

8 37
46

18

26

4 7
4 21 22 27 33 44 45

1 24 41
39
12 32
23 25 45



6
49
31 36
0 6 38

1 2 13 41 44
10
25
3 21 30
2 6 24 28 36
21 38
15
15 16

14 27
10
41
44
3 13 21

2 6 31 40
6 21 27
14 40
35



1 22 35
29
34 38 43
16 39 42
0 26 37 38

44
41

25
29
10
37
11
14 30
1 38 48

23 36 39 49

39

16 19 24
47
25 46
34 35
8 25
49
19 31 36

48

7 20 48 49



22

12
26 32
4 26 33 37 43
24
12 13 19
33 36
5 7 15 34 39

17 25 40
5 43
11 40 43
3 33
17 38


32 47
29

29 47
37 43
21



39
21 22
6 23 42
2
15
38
4
0 20 33
15

2 6 7

38
19
15 27 39
45
8
32


48
3 15

19 24 38 41

12 16
34
22 33
35 37


41 43
13
30
32

5 47
22
15 43
28 32
29
10
23
5 21 22 23 29

14 16 29
31
23
15 21 31 33
16 42
13 25 48
15
7 14 45
5 7 17
26
13 38
3 23
20 35

27
8
19 43
23
36
47
17
2 27 31 33
7 34 45
32 44
20
9 31
21 38
24




5

14 31 47
39


11 25 42

17
7 18 32


25
23 31
4 13 14 26
48
28 40
32 40
37 49

20


34 44
23 39

44
3 19 32
19 33 37 42


20 33 39
41
26 29 40
36 40 49
45 47
6 8 15 17 29 49

19 34 44
25
19
13
10 48
7 38
29 32 47
13
35 39

45
9 23 26 38 49
23
1 47
35
37
48
14
23 49
13 49
7 33 47
10 21
0 6 7 26
20
24


9 20 39
13
3 14 18
39
9 13

1 33
31
4 27
40
21 35

0 14 23

3 23
16 49
34 43

2 11 12
6
16 22
6 49
7 27
31
25 48
4 17 19
16 44

19
23
4 22 26 37 48



30 34 48

48


1 12
16 22 45 47
5
10
3 21 33 36 41 42 43

26 42
4 33
34 36
10 20 23 36 46
10 14
17 19
6 14 42
2 8
34
6 7 39
35
29 38
31
7
9 27

12 37 39
17 31
39
39


19 38
37
4
11
11 18 25
0 18
9 47
29
45




15 26
29
33

24
33

17 41


9 24
0 4 21
11 32 33
46
9
39

42
48
3 6 23 40 43
16
4 23 42
10 31 41
31
36
31

5 40
11
4
10 29
12 40
49
13
13
8 44
46
6 9 41


8
40
15 43
10 17 20
3 21 38

14
5 6
5 9 32 45
10 12 30

10 43
39
7 40
13 32
26
4 24
32 41
48
8 17 23 28
9 13 16 45
15 46
1 4 15 49
20 24 36 41
20 25

17 41
23
39

5
30
31 34 35
38
1 6
4 12 34
6 13
16
46 48 49


17 20

0
15
23
42
36 44
22 26 31
15 25
16 34
6 27





16
3 21



2

2 18
3 18 26
2 20 31


10 39
24
35 36
35
5 25
14 34 41

23 30 35
0
6
12 35
6
28 45
3 13 17
6 24
33
18 48
19
29 45
22
14 22
17 22
49
19 33 38
29
2 43 49
27
44
31
23
5
14 18
20
33
4 11
11 14

16

20 44
37
7 35
46
4 18 19 40 41
34

19 40

19
7 12 32 40
40
31 48
43 47

35 38
14 24 26
23 24
30
28
23 27
8 17
9 12 28 42
14
6 34
1 35
2
35
41
44

15 34
1 22 27
35
36
14
30
19 48
7
11 29 32
21 47

29
6 11 48

45


29 39

16
8 18 22
2
9
10 27
3 12 29 37
49
29
21 32 47
2 9 10 37
43
0
21

22 28 34
16 39
14 21 34
1
34
15 46
2

10 12 45
16 49
23


10 12
29 43
10 26 40
0 16
10 45
29 32
11
17
9
15
20 38
28 33
18 32 41
13
11
9 11
39
43 47
9
5
1
2 34 37

9 18 28
24
36
0 34 43
5 31 43
28 36 38 49
13 20 21
6 32 38
25 29


16 38
41
32
44
5 12 20 47
43
6 16
46
6
9 35
37


12
5 13 36 40
16 33 42
23 29 31 46
27
10
38
12 45 46
9 22

10 19
3 46
1
19

9
11
18
17
9 41 42
30 33
46
2 27 46
31 39

30
0 4 15
6 16
17 44
13
16 20 29
23

5
23
0 3 8 15 16 18
7
31 39
8 24 31 42

30
31 44 48
10 13

8
0 2 36
43
27 35

8 11 15
1 30
36
9 19 41
13
0


27
24 25 35
24 31 46

17

5 6


9 12 32
7 48
11 42
27
31 32
21

4 42 46
27
13 42
38
32
17 19 23 32
9 49

5 39
22 33 35
26
21
8
0 6 9

5 20
16 24 38 44
4 42
4 12
36 45

9
28 46
10 12 45
5 10



2
42
33
34 43
11 13 17
34
8
4 18
23
16 22 42
6
34 41
9

2 38

23
43
9 40
1
5 8 23
45
18

8 13 32
10
29 35 40
2
44

15 46
10 16 21 43
5 32
33



10 47 48



11


4 13
45
7 41
14
13 27
14 37

36
14
7
45
35 44
7 39
13 19
7 12 38

17 18

10 19 35
28 41
26 36
27
15
10 36 41
1 22
0

30
35
9 29 39

42
0 35
11 25
6 30 41

2 31
21
4 22 38
22

46

0 35 36 49
2 18
6 30 31
11 13
28 46
15

24 49
13 16 34 37 46
24
6 44
41
23
16 45
30
13 39 46
33
2
31 46
4 16 31 34
11 37
48
39
38
36 42
23 27
34 49
15
9 34
5 17

5 14 38
5 38
19

0 4 5

30 35 42
27 39 44
5 25 33
12
38 39
36 37
45




15 20

21 37 43

3

29
34 47
3 33 39 43 44
23 49
13


27
25 29

46 48
42
9 10 21 26 33
23
5
18 19 30
45
9
11 27

11
22
14 33 37
18 25 42
19 39

1
32
1 12 32
7 32 44
48
4 5
17 41 43
44
18 21 23 32
41
38
4 10 32
9 37
33 40
10
27
3 11
2 24 32
30 39

9
38

28
19 26 45
12
16

6
19 25

18 49
0 4 9 48
30 36
2 40
1
27

5 10 23 34
17
18 40
45
1 6 7 24 28

2 16
10 14 48
16 43
5 49


38 39 40 47

3 12
8

0 46
4 12 16 37 42
47

12 16
14 31 41
8 20 44
8 10 11
10
24

7
3 38
6 8 37 43
11
45
11
29 35 40
6
1 2 8 30
9
7 30
11
9
33
46



38
9 27 47
10 27 35 36 37

23
19
0
1 5 19 37 43

14
45 46
27
1 31
1 32
15
9 20 39
30
8 32
40 43
42 47
2 5 20 23
4 12
41
32 34
48
21 38
23 32
37
0
5 7 25 48
6

12 13 27
40 47
19 27
37 46
26

6 14 26 42
43
39
36
12

2 23
10 16
4 9 49
41
15
28 47 49
15 34
24 29 48
31

4 47
15
2 33 44
47
24 32 45
28 37
39 40
6
11 25
27
8 30 33
40
9

1 43

0 26


13 16 21 43
2 9 29
43 45
10 28
2 13 28
14 25
40 43

2 8 47
29
10 21

19 21
5
23 39

30 32 49
12 49
22

0
5 26

19
7




20 32 47
2
5 47
37 40

23 31
1 11 20
9 34
0
1 6 49
20
17 25 29
34 46
2 6 27
7

9 15
29

8 23 31 43

20


41
0 28 37 41

26

45
12
18 42 47
22 30

21 28 40
2
1 20
0 15 20 44
45 47
28

43
17
12
3
29
7

1 21 23 31
2 6
8
14
36

41
2
2
44
36 44
13 23 30
41 45

49
45
13 34
44


11 45
9 26
1 19
9 48
9 26
13
1 2 9
4 22
36
21 22 40
35
1 39 45

20 24 38 46
21 34


2 6 40
3 11 30 32
1
4 5 38
26 38
1
35
15 23 24 34 46
18
11
37 47

49
15 20 22

31 32
23 40
13 28 30
14 30
5
0 22
30 46
0 20
2 3 24 28


43
36 43 47
3 11 22 28
14 18 40
17
1
5 42 45
21
7
18 48
16 44
34
0 1 17 20 21 43
3 18
14 39
7 16 48
33
25
10 41
3 16 23
17
17 44
12 42

9 26 33 48
4 16 25 44

46 47
2 27
14 31

33
17
6 37
5 18 25
1 39 43
8 45

16 22

38
13 31 34 39
39

41 47 49
12
26 28 49

17
5 38 45
43
38
11 36

4 22
12
30 49
32 35 49
13 14
37 39
16 21 34

14 15 41
6 16 17 24 31 48
28
49
1 46
21
16 21 37
1 20
20 49
25
46


19 36
48

0
1 19
12 45
7 39
1 31
22 26
6 11

29
27
43
12 36 48
31
15 42
7
15 16 20 34 40
5 28 40 44

25 35 36
3 9 39

24

13 18


24 43
9
29
43 49
23 42 47
34
44 46
34
7 20
14 16 39
5 8 9 35 40
14 18 46
24
5 10 49
17
37
9 16
7 8 22 48
8 11 18
17
1
3
1 17
48
12
5

8 19 23
0 7 49
10 19 42
11 19 33 34 39
12 23 41 49


25
0
15
16 48


25
4 22 26
14 49
5


18

22
10 33
18 42
11 27
28
3 16
6 12
38

14 24 25 27
18 31
7
19
12 13
37
3 13

0 17

46
44

36

4 20 28

33 41
14 27

16 21 26
10

16
22
21 27

40
24 25

6 8 27 34
17 36
38

42
49

27 30

15 19 49
11 24 33


24
9 17
34 36
23
21 27 29 33 35
1
6 42
1 19
14
25
26 38
17 32
29
34
23
38
8 35
0
22 30


0
7 13
25 34 48

14
33
26
17 31 45
36
0
43
8 9 17 29 37 40 42 45

16
16
18 22
15 25 30 34

14 35 44

24 37
15

33
43
15
13 15 36 44
29

13 17
13 48

19 30 31 37 38
9 26
3
21
40

32


34
3 9 29 44
7 34
2
8 16 28
7


9 41
49
3
7 19 22 28 47

43
25 36 45

25
32
22
34 45
5 6 40
7 15
4 38
10
4 13 25
12 20

5 29
20

10 29
31
8 32
44
20 31

4 6 19
28
28
29 31

9 26
11 49

48
44
39
0 3 16 43


40 45
37

23 25 31
0

39
44
35 40

0 13 30

24
32
18
19 24
11 19 47 48

42
15
23 25 44
0 25
6
13 33 37
42

7 28
25 33 45
2 8
4 38

21 39 42


1 16 46
18



0 2 19 21
2
22
38 47
1
33
27 44

30
10 15
13 19 22 26 36
17 25
47

11 28 42 47
21 36
4

5 26
32 45
49
15 22
19 27

19 21
21
27 28
6
2
28
22
14 15 44 45
17

33 42

31

9 22 34 41 42
4 37 40

12 23
4 6 35 36 44
4 8
39 46
11 43
4 8 12
19
28
11 14 27 35 40 47

47
37
34 36
11

8 21 31 41 44
47

24
1 12 17 21 35 37
0
7 31 37
15 25
0 2 27
13 25 36
8 13
37 47
18 21 47
15 19 22 36
46
18 34 46 47
9
44
5 41 43
34 35
35
35
26
0 9

32

20
6 11

24 37
11 14 28 32

12 17 24

33 44
18 42 48

29 33 38 44

21 28 49

7 46
24
2 47
19 40



3 5 9 29

35


5 34
49

27 49
23
4
23
19
14 16 40
40 42 44

22
24
23 32
0 23 48
11

39
3 20 37
45 48
20 23 37
4 22

22
19 25 46
28
44 45 49
31
41
41
33
7 18
11 27
9 35 38 39
15
1 39 44
23
45

25

15 16 34 39


4 22
13 38

23
26
11


2 11 29
4 37

11 27 45 46
1 18
15
34 40
13 24 45
6 34
29 30
6
42 48

3 19 42
34
48
4 13
25
21
8 11


6
20 40
13
7 30 40
16
4 7 12 32 41

0 28
31 42 47
26 32

4 32 37
29
7 38
1 21 41

7
20
28 43

35
26 28 30
5 43
31 33 35
21 34
5 7
4 30 39
23 25

10 11

39
31
14
19 29 32
15

28

12 14 31
28
15
8 18
24 48
29 38 39
25 35 46
45
3 44

1 16
21
18 20 37

12 44
17 38
18 36 49
26
39
28 38
11 12 28 36 42
18 44
31 49
21
42 46



2
17
5 12
17 31 48

15

2 28

3 13
13 18


4
4 26
9
38 40

0 44
20
28

7
36
4 8 25 26
40
39

5 21

5
33 46
5 20 28

10 31 45

48

1
2
1 8 12 13 35 36 49
9 20 24 34 38 44
4 33
22

3 46
10 17 18 21

36
2 28 45
21 49
30 32 36 44
6 19
23 40
2 27
4 16 21 31
12
14
15 22
16 33
13 42

23 25 35
24
34
9 14 18
33 38


45
37
29
4 10
7 33


18 48

12 31
0 17 27
21

45
22 43

7
18
29
24 34 42
3 30
41
16
42
10 23
2 24 33
26 41
43

13 26 34
4 20 24 28
24
26
24 29 36
27
42
12
5
24
38
18

5 35 43
8 19
27 40 48
12 35
13 43
7 15 39 41
19


20


8 17 36
26

26
11 13 22 25

17
1 3
17
2
16 26
0 40



0 21
7
13

17 32
31
37

5

47
23 44

24 35 45
33
15
44 48
39
34 37
18


7 22 27 29
7 46

33 47
12

15 19 48


12
4

15 27


44
13
2 7
0 8 11 21 43
28


19 23 45

27
42
15 33
29 38 48
36 41
4
4 15 28

26


7

41
13 30
20 25
35

21
41 47
0 14
8 28 46 47
16
24 34 44 46
0 39 45
12 24
42
1 46 47



24 42
9 31 48
17 22
9
25
35

9 35
27
41
49
13

34
49
7 12 39
16 39
18
22 35
22 48
17 37
20 48 49

18
37
19
8 13 49
37
11
5 14 17

31 40
22 23 28
22
6 12 37 40
5

13
15 33 37 42 47
1 46
14 24
40

6
27
37 41
29
30 34 38 41


2


19

29

13 44
16 21
45
13 27 28 42
28 48

32




23 29 42 43
1

3 22 46

18

1
3 6 15
20
19
0 10 25

14
6 44

1 7 15
0 8 26

47
1
6 25 29 42
5 16 38
15

25
21
19

40
10 21 42
27
27 39


15 19 24
0 31


9 14 22 41
0 7
22 27 46
12 49
8 15
48
7 18
7 13 28
17 31


48
4 15 22 42

3 24
25
9 19 33 40

46 47
23


46 47
5
11 42

28
44
9 18 26 31

2

19 31
40
33
9

35 37
24

3 34


14 28 30
48
3
11 38 41


0 29 48
16
10 26
35 45
5 29

18
35

25
48
5 15
37
11
7
1 33
22 34
10 12
3 9
0 7 40
17 43 48
15 45


0 10
3 29 31
1 12 31
0 7
14 16 28
0 5 7 16 23



1 24

2
24 27 33
5 38 41
16
5 19 20 26
41
17
18 40 42
0 2 18 29 45
12 39
39 43
21
17 21
7
40
23 47
32 34
39 47
11
14
8 40

38
14
0 18 19
31
33 36
47
0 25
0 4
11 31

7
21
3

18 29
15 18 20 45
33
7
30 34
4 27 40
41
35


0 2 9 13 29 43
30 40
0
9

7 24 27 34
20

20 22 26

33
23 31 45
22 43
29 37
1 2 31 40
7 13 28 29
2 4 6 20 23
40
9

43
3 38
11 29 46

12
8 38
24 38
1 3 13 35 42

27 44
14
35
35
23
14
9 10 27 42
33
21
6 34 47
13 31 47
22 34

8
37
18 33 45
6 7
7 24 38
23
7 48


27

24
22
12 43 46
4 40
8 9
4 19
15 36 49
48
10 13
3 37 39
13
30 39 43
9

34
37 46
25 49
11
7
47
8
13 17




23
6 11
4
38
12 38
25 32 34
17 32 47 49
5 33 48
6 11 29

3 37
0 25
19
5 30 32


11
8 9 14 19
25
45
28
16 20 25 35
10 27
10 16 46
4
8 34 49
41 45
19
5 25
19
20
17
42 46

34 43
1 12 17
19 49



9 15
2 5 19
33 34 46
19 28 41
10 32

21
10 43


21
17 29 33
40
0

1 24


31 43
2 12 15 38
0
10 17
27

4 25 27
29
13
26
7
15
16 24
14 43 45
24
2 9
35
14
1 19 36

2

37
4 19 22 40
2
26
3 14
17
4 8 46
28 35
46
14 29 31


23
4 16 32
18 28 46
35
7 15

9 24
25 40
13 28 42 47 48


2 14 19 27 32
0 40 45
16 27
31
26

29

35
16 17
17

35 43
6

41
15 39
18
18
13 20 40 49
1 7
2 14 40
1 30 37
31 47
20 33 34 42
34 43 46
6 36
2

3 16 34 40 46
5 20 40
43
27 30

30
3
21 24
15 31
35 40
14
28
21 47



21 47
10 12 21 29 30
8
17
4 6 29 41
11 22
15
10 41
0 44


15 28
5 9 40
24 43
48

1 6 12
36



16
27

2
5
10
13
29
31
4
13 14 21 23 39
32 34
4 19 42
40 49
4 6 22
3
15
28 38
3 35
16 19
38
3 26
25
5 27
5 26
4 5
10 25
20
33
48
1
9 24 25
36
38
2 10
9 18 30
12
26
3 23 30
34 48
3 43

10 22 35 38 39
3 9 33
43 45 49
6
27 47
21 25
36
3 18
28
9
1 7 34 39
19
32




12 39
9 17 23 37 43
4 6 36 49
29 48
21
34 42


19 34

38
17 22 49
23 38
40
44
25
28 40 45

5 8 36
46

12 43

37
21 40
34 38

22 23 38
29
2
21

18 48
3 9 24
6 26
21 22 30

34 47

15 29
42


33
0 7 35
16
8
35

21 46
20 24 34 47
10 44
30
6 17 46
11 41
32
27

16 31 37
47
8 14 27 32
23
48
1 14
10
23 32
25
7 23
13
6 36
29
5


7 45
42 46
19 44
31
27
6

46
30
5 48

22
7
23 35
6
10
2
23
38 42
14
26
33

6

20 23 30
5 19 49
2 13 32 40
22 41 46
14 45
20
35 38 42 49
11 16
1 14
30
1 27
14 26 36

28 30
11 13 17

23
1 7

1

28
10
8 26 42
9
24 30


42 45 49
10 22 37
40

45
18

5 7
6

36

21 30
2 15 42
35 38
47
9 23 33
3 17 42

8 26

4 47
19 29 44
17 32

23 28 47
17 42
14
10 18 29 32
9 10 12 35 46

1 8

1

23 29 37
32
47
32

7
19 29




19 29 47

31
4 16
29 41
7 44
25 40
14 15
25 42
40 41


46
42
13

17 27
27 35 46
6 17 19 46
33
35 46
32 38
26 28

34
33 40
14

16 31 32 49
34
13 31
17 19


5
12 23
9 33 34 43
14

1 46
5 25 32 39
9
35
2 14
45
24 38

33
38
32

16
10 33 42


32
10 40 41
19 29

16
5 29
28
9 12
28 48
1 17
42
25 48
13

17 22 27
13 35 40
2
4 8 48
15 16 31

23

12
23
6 30
6 19 30
34
48 49
16
43
24
44

19
28
6 11
1 5


32
16
10


27
28

30
26
15 40 45
4 35

1
36
5 22

2

4

47


24
7 12
47
6 20 25
41
10 14 29
0 6 28 34

37
5 32 35 37

8 9 45

37 46
6 8 11 45
6
1 26 42
39
1 31
20
1
2

1
23
22 32 38
39 40

8 33
29
9 48

0
37 42 44
8
37 44

22 35
44
16
25 29 41
21 30 48
16 20 34
2 15
10 12 17 40
10 39
9 27
4 11 23
45
16
0 11

5 10 23
12 17 29
40

38 42
11

1 3
30
3 19
1 5 49
44 47
40

24
10 19
27
48
2 20
2 37 39
2
4
38
46
13 33
5 42
38
8 26
25



8 27
45

41
41
3

3
9 40
2 9
31
23 35 41
2 44
13 47 49
8 18 41 45
3 20
12 22
5
25

3 44
11 15 23
6 38
31 45
15 30

15
30
15

12 17 42
12 24 33
7 10 19
3 4
11 40
0 3 5 46
15

2 37


31
1 30
11 42
6 40 45 48

19 40 41
1 40
6 7 39
8 11 12 36 43
7 39
28
4 34

1 9 10
1 31 41 47
0 13 14 25
14
45
1 30

9
38
43 46
47
1
13



27
2
3 15
44
14 45
28
44
22 35
0 1

6 15 23 29

42
27
34
7
9 13 15 35
6 9 10 41 49
31 34 45
43
44



11

46

33
33
8 32
