
16 25 30 44
10 19 39 49
25 34 47
7 24 30 47
21 35
11
15 27 45
36

20 39

2 5 38
14
4 9 25 38
43
25 42

10 34
21
49
36
2 46



6 30 43
3 4 23 41 45
34 35
3 17 37

10 26
31 33
0 14 30 31 33

4
7 14 23

28


0 25 36
25
28 29

30
2 16 35
14 49
4 27 37
12 38 41
24 43
15
17
23 25 27
44
7
15 21 31
14 27 29


36 41 45
27
28 49
6 40

11 24 25

12 40
43
22
26
4
23 39 43 45
22

36
36
24

14 19 22 23
43
11 24
33
38
23
19
30
35

15
7 36
33

6 35
14 25



5 18 31 45
19

26
48
2 5
17 20
16
37
17
13 47
20
22
38
20 46
0 27 45
40 42
15 28

25
22 28 45
22

11 19
5 33
14

44
0 10 17 18

0 27 28
23 31 35
24 31
31
3
14 27
1 15 46

18

5 14
18
4 34
0
3 4 37 42 48
11 36 48
8
14 20
5 23
1 24
42

14 16
11
45
1
26

15 36 46

33 46
17
1 4 8
5 49
12

16 19 26 30 45
15 18
29 48
37
24 36 38

27 41 43
12 30 40 49

4 9 22 28 36
2 7 44 48
5 42
39
22 26

15
0

14 43
7 32 45
18


3 34 40 46
7
6 11
28 39
10
8
24 35
11
24 46
37
3
32
32
18 46
26 34

26 37

1 10 17
32
1 13

1 12 42
28
8
3 22 40
34
10 29 48
5 28 32 33
17
0 18 37
16 46
2 13 29
30
34
28 39
34

19 21
17 38 40 46
5 14 27 32
41 43 49
4 26 39
14 25 31 38
29 49
5 20 21 26
32
27 29 38 45


4 24 29
2 7 26 44

32 48 49
29 46
19

21 36

8 12
25
48
33 42


14 28 49
9 45
40 49
34
6 21 40
1 28
0 12 43
14
10 38


30 49
22
1 8 20
43 46
15


1 38
25
26 34

38
29 34 48 49

29
15 25 42

42
3 21

32 46
39


18
48
14 29
2
15 26 30
11
11

18 41
30
46

24 32 42

26 32
19 20

24 32
9 10 17
4 31
6 25
27 44
14
27
2 28
12 23

48
2 17 32
40
0 14 21


11
14 38 47
2
44
2
40
45
12
2 27 38 42
1
39
11 13 33 36 41
28
0 14
24
15
48

45
43 48
30
13 27 49
29
19 49
1 19 26 32 48
3
23 43

17
25 29
17
3 44
23
45
15 33
2 9 14
29 38
2 8 15
20 49
15

14 15
20 25 41
5
18
24 26 43
1
15 47
18 32
12
24 32

9
23 34
40
0 23 34 35 48


18 21 28
43
26
27
2 32

0 8 49
43
2
19

2 6
10 11 20

21
6
4 44

12
13 25
10 49


13 16 38
1 46
15 20

0
44
43
30 37
3
3 16
23 42
24
18 37 43
1
35 40 48
12 28

21 25
0 8 27

12 41
46
24 37
28
25 43


5 9
8 18
5 44
34 42
42
39
43
3 26 27
25 32 42
45
5 10
38 47
0 6 11 25 46
49
1 31
19 42
25
32 33 34
32
21 31
12

26
10 35 49
25
43

1 18 44 46
43

5 31
7
27 32 33 40
8 11
16
23
11 27 46
47
5
8


7
27

12
0 12
3 26 42

26 27 41
9 14
6 15 18
14
9 39
14 31 32
15 23 45 49
15 21
35
15 29 45
27 49
43
10 21

26
6
27
9 23
26
48
2 7 8 35

0 12
4 41
41
4
15
10 18 34 43 44
22 30 40
5
14
24 46
5
20
1 32
41
18


34 44
41
38
23 42 46
1
2
1 26

1 32
9 22 38
39
26 28 36
10 39


6 13
5 22 45
1 28 34 46
17

6 48
11
29
11 43
28
47
4 7 37


19 41
43 44

16


25 33
3 16

41 47
11 43 45
19 20 30 33
7
19

2 24



20 22 48
4 5 19 20 40
2 17 19 42
8
3 4 10 20
46
6 25
42 48
9 32
31


19 24
10 14 47

21
7 17 23
13 24 33
17 30 34
2 3
27 30 46
5
49

7 12 15 20
22
26
18
4 33

10 32
14 35
13 29 40 49
1 43
7 19 49
31
25 41
25 38 41 42
34

45


1
32 48
46
3 26 35
18 47 48
37
3 44
8

16 30
22
18
0 8
9
16 47
24
15 30 34
1 22
23 34

27


8
10
8
0 48
26

43
11 42
7 41
22 30 31

15
49

5 27
11 15 25 33 45
19 24
8
7 16 45
6 42
32 41
45
0
33 36

12 49


6 9 27

38

14 23 28 44
10 33 47

7
15 16
6 13 27 31
22 23 28 30
40 46
7 20 24 30 35
31


39
27 37 44
6 25
20 31

0 14 36
12 14
20 46
39 41
45
44
4 10 14 18 47
8 19
0 6
12 24
8
22 24 29
19 20
17 27 46
13 15
23 31 49

5 8

14 16


9 29
2
7 22 23
23 25
3 33
1 2



9 24
32 36
46

19 44
11 14 27
7 12

16 31
46
10 13
7
7 12 25

26 44


18
20 44
40
10 15 35 37 49
38 49
7 35


12
5 8 28
14 49
24 32
8 44
9 47


1 47
3 32
27 38


2 43
2 31
1
23


8
15


25 39

12
4 5 12 18
1
3 38
15 35


42 46


5 11 46
34 39 42
19
23 28
14

24
24
26
6 12 26 44
0
31
13 15
31
5
14 17 25 33
14 23 30 44
19 35
8

18
16 44
28
28 39 40 41
45
11
6 13 23 44
2 21
3
8 18 27 38
15
25 27 30

3
3 25
12
14
11
6 7 22 37
36 46
18
18 19
39
6
33
30 38 47




24 27

19 25 45
1 42 49
3


17 29

10 43
8 29 30
8 23 37

5 6
24 40

0 19 26 30

25 27
2 6 22
22 49
7
18
46
16 23
1

21 26
26
20 31
17 24
35 39 40
20 42
5

21 25
15 17 18

31
13 30 48
34 49
36
8
4 6 13
35
10 24 27 28
19 21
26 29 42 48
38 42

26
1
1 9 11 13 43
23 33
44

19 22
28


23 34 40 41

6 39 44
17

18 35

5 8
24 40
3 39
8 15 23
1 3

46
0


0 20
18
35
30

15 39
32 48
5 12 28

35 42

7


0 9 32 39
14
28




29 48
49


16 21
49
33
39
36
31 40 42
7 23 38

6 18 48
8 24
10 18

7 34 44
39
8 24
48
16 22 46
1 20 32
36
29

24
11 21 41 46
13 34
16 25
34 37 45
20 26 30
4 42
2 13
3 18 41
38
45
2 18
4 18 23
9 26
27
19
47
20 26 33
17 27 39
47
20 25 36 37

7 39 43
15

46
11
31

43
32 42
27 48


5 44
4 28 29 33

22 26
47


27
11 20
8
36 49
17


34
45

11
7 8
13 15
9

12 18 26
14 41
20 21
1 28

6 10 24
21 23 28 36 40 41

3 26
21 37
0 1 2 40
12 25
24 41 42 48
9
40
7
38
25 35
27 36 48

23
25
12 26
21
24 33 45 47
28
29 45
23


19
4 43
10
1 30
37 39

25

9 24 29
6 10 32 33

0 11
26 42
6 24
43
27 33
12 15
25
25

48
16 49
39
21 45
6 7 10 37 49
16 29

1 9 27 43
49
3 11

4 22 33
5 24 26 37

1 10 18
47
13 20
42
13 18 33

18 19 20 25 43


37


7

9 30
33 36
41 42
15
4 31

7 37 44 47
23 24 48
2 40
1 20
27
20 27 39
21

9

7 15 20
8 31 32
13
40

8 19
47
2 6
32
6 25

15
11 40
9

5 34 43
39
29 32 45
15 33

31
15 49
19 37 43


22 42 48
0 22

32 36
23
28 33

2 3 21
31
7 11 14
1 13
31 36 39 45
31



4 37 43

10
4 10

43
8 9 19 28 47
0

19 26 39

12 15 19 24
19 23 29
42 46
19 46

2 19 22


42
1 13
3 30

5 14 18
49
2 33
26
3 4
18 46
14 32 38
6
25
6
17
8 21
2 4
21 23 27 49

1 17 42
17 20 48
26
19 27
27 30 42
9 19
4 33 37
2 7 32
8
24
20 30
3
4

7 42

5 8 17 24
32
18 28
33

26 31
10 46
25

25 31 49

21 28 32
47
11
15

12 41
24 35 44
2

34 45

21 24 49
35
4 41
7
39
47
35

37
21
1 40
17 29 40
21
33 39 40


44 48
18
20
28 39
13 20

7 8 44
3 10 39
24
16 17 18 36
8 22
7 32 47
29
4 15 38
13

5
44

13 16 36
17 21
48
35
38
45
15

7
13 37



13 43
37 40

7 31 49

11


46
5 11 30
8 27 28 35
24 42
0
18


24 26 27
22
2 6 17 19 28
13 31 40 42
49
29

29 38
23 31
26 27
10 13

13
24
16
37
12


45
8 32 33 48
5 12
46
7 18 35
12 35 44
10 17 31
38 40
38
7
32
3 15 33 38
9
23 24
31
31 49
22



8 21 26
28 40
23 29 35 39


31
3 19
4 13
2
7 30 38
0
13

13
13 44
26 28 41 45

9 14
5 38
15

7 30
11 43
33 45
8 12 26 48
17
3 21
10 27



38 43
19
12
40

6 16
5 7 49
5
9
46
26 33


21 29 43

34
22
2 29
15 48
23 24 29 36
20 39 46
27 40 47

20 44

43 47
25 39
45


48
22 45
1 13 36
26 33
8 49
8 17 30 36

2 15 19
18 34

1 19

15
31

13
17 31
15 39
4
6 8

35

9 37
33
0 45
12 34
48

30


9
46
33
25
27 29 31

40
48 49
23

21

12

26 37 42


17 26 28
11
11 30
26

17 37
30
28
34
17 22 45
49

20 46

15 43

2 9 28
43
2 3 28
19 38

4
9 18
34 43
25

12 28 44
8 11 13 17 26 30 42
34 48
49
9
8
21 25
30 33
17 47 49
0 7 17 24
5

29 40 43
47 49
3 20 21 35 39
27 43

5 34 42 47
34 45 46
3 9 30
15 37 47
22 39

2 38 39

17 33
12 43

10 42 49

14 42
38 41
45
26
2
33 46 48
38
9 26
10 31
9 21
6 29 32
31 42
13
17
20
44
49
20 28 41
27 33

7 10 33 45
37
44 46
0 2 7 29 38
3
11 20
43
7 43

19 22 26
47
0 1 14 38 40 44 49
29
5 38 47
3 9



40

11 16 49
13 48
15
15 22 48
36
32
4
17
9 26
6 8 32 35
6 19
1 17 45
8
4 8
28 33
33
49
3 5 34

38 39
18 42 44
29 38
38
2 18
1 29
16 38
2
41 42
2 29


9 33 35
21 24
18
38
36
5

1 21
30 48
10 29 39 40 46
9 25
23
19 33 47
9

2 15
30
44 45
3 38
49
19


4 18 41
12 14
18 39 49
37

42



23
16
22
11 35
6 16 24 45
0 2
18
39
25
5 10 45
7
30


41 42

13 34 36 38

3

26 47
4 41
34
6 29

25 32
17 42
7 31 43
49
21 46


8 39
16

16 33 40 43 44
6
9
10
41

6 35

0
13
17 29 49
6
11 18
6 47
29 32

0 47
19 33
32
15 45

2
28
2 42
25 31 32 37 48
1
48

40 49
38
17
21 30
29
25 31
27 31
31
19 46
9 31 37 40
8 22 29
7 37

29 33
48
9
4
7
45

9 37
39
39
0
0 17 29

12 27
9 13 41
40
1


1 11

26 42


6
38


4
45 47
12 19 43
31 35
4 25 26
22 26

4 12 13

45
8
9
47


5 29

0
14 29


49

4 19
27
18 40
16 43

5 34
19 39
17 40

4 7
40
44


33 47
14 29 40


22
25
4 19 34 48
4 8

8 13 46
6

14 27 43 48
15
41

33
10 16 40
4 25 30 43

19
32 41
34 46
4 9 31
30

20 26
0 25
12 43
2 26

4
8
3
38
0
16 31
3 11 16 23 32 38
10 41

26 44

7 10 40
2 33 46
1 41
18
2
45
21 24 29
39
11 20 48
8 25
1 10 40
10
45
5
5 19 28

29 32


23
32
15 42
3
49
16
30
33
7 9 25 49
37

32
29 34
30
10 12 30 42
4 23 47
39 48
27
3 42
10
1 8
24 25 47
45

22
7
42

20
20
22


20 45
19 30
2
24
1 9 37 38 47
40
48
23 28 35 38
13 19


7 19
22
14 44
15 35
29 32 38 47

10 44
38
19 27
20 32 35
30 46

29
9 35


12 30
42
13

5 14


24 49
4 16 24 46 47
17 24 32
12 13 19
16 49
33 37 49
20 30 36 45
20 25
3 34
42
43
5
4 42
13 38
11 35 41
30 34 49
31 49
4 39
48

14 16
19
28 40 42
0 40 45
35
26 47
14 39 42
48

44
13 23
8 21

0 36
23 37
16 21
11 49
21

30 32
23
11
19
0 12 30
12
2 5 8
6 24
32 41 44
26 28 43 48
28
29
6 45
12
15 48
0 4 21

42
8 17
47 48
32 38
11
12 39
14 19

40

7

32

3 8 19
41 46
9 12 32
16
21 36
13 44
6
43 49
4 10 31 38 39
25
6 10 31 42
12 13 40
1 6 14
7 33

20
7

15 33

8 15 17 38
47
8 20 42
7 28 30 38
37 47 49
35 49
37
46
15 37
28
44

0 24
4 49
8 10 23
36
27
31 32
41
34 38 47

15 19 48
11 38 44
12 40
27

46
35
19 37
13
44
16


34
29


5 9
43
20 46
8 27
22
21 35
30 47
8 35


16
9 34 37
42
8
16 44 49
26 38 44

18 21

44
16 33 39 43
33 40 45 46

31

6 22
4 12
8 12 24
12
6 23
5 9 35
23 25
8 9 10 17 21 29 45
5 40 45
5 16 44 48 49
27
2 40 45
24 40 45
30
9
23 29
19 40 45
43
9

5
48
36
5
28 38 40 45
0 40 45
39
25
40 45
34
15
21 27
4 20
27
25
8 20
40 45
11 31 38 45
39

32 35 43
15 23 27 43
48
40 45
9 18
13 19 30
40 45
18 40 45 48
10
39 41
10 41 44 49
21
16 37 44 49
9 32
29 40 45
22 40 45
0 44
38 40 45 49

4 26 28
36 41
5 35
18 40 45
40 45
26 40 42
8
11 31 34 35 40 45
4 10 40
18
40 45

36
27 45


7 40 45
5 42
22 45

33 49
8 33 42
1 14 15 44
4 20 26 39
11
9 10 12 22 44 48
7 24 32 40 45
17 29
35
4
22 25 34 40 45
13
40 45

21 22 23 40 45

40 45
14

36
16
32 40 45
14 35

9 38
18 36
26
18
11 29
14 17 40 45
46

0 48
12 21 47
18 34
10 40 45


1

14 17 19
34
3 40 45
4 9

24 40 45 48
4 16 23
13
14


12
42

21 40
40 45
13 31 34 40
26
39

12 38 42

1 36
20 40 45
18 25 37 40 45
8 30 40 45
40 45

6 20 26 35
48 49
13
29
15 19 40 45

34

4 20 32 42
2 39 40 45 49
6
33 42
4 40 42 45 46
33
3 40 45
2 23 35
26 37 38 40 45
9 35 38
40 43 45
9 40 45

2 23
25
4 26 34
31 40 45
30
22
41
27
7 27 39


40 45
3 33
7
7 15
18
15 27 34 41 44
16 19
35 42
13 40 45 46
3 13


5 20 26

6
22 45 46
11 22
1 26


38 40
40 42
41

47
30
4 40 45
12 14 16 40 45

29
38
14


2 20
40 45
45
30
31 32 40 41 45
38
9 16
4 13

19 42
4 13 18 21 26
41
40 45

18
16
39
15 20 24

18 19
5 18
21 41
25 26
13 17
15 48
28
24 41
6 22 25 29 30
3 26 34 40 45 47
14 31
10 13 35 40 45
39
5 8 13 40 45

0 14 21
3
22 40 45

40 45
7 21 27 40 45

41
4 40 45 49
24
9
26

31
3
40 45 48
10 40 45
15 23
40 45
5 36 46
20
36 40 45
5 10
27
13
49
3 23
7 12 18 38 40 41 45
26 35

8 26 30 44 45
4 11 48
1
34 40 45

26 43
5 42
40 45
4 15 45
45
15 40 45
0 2


1 4 33
15
16 24
40 45
26 28 40 45
31 42 49
11 24 35 36
32 37 38 41 44
17 48
40 45
40
8 25 28

11
36
8 35
45
7 40 45
28 49
1 25 32 40 45
6 13 47
8 14 20 42
40 45
25
15 49

15
11

25 40 45 48
10 40 45
40 45

8 30 40 45

27 37 40 45
6 30
42

11 12 27
8
31 33 37
1 24
14
23 26
25 33 42
23 25 33 35 46
1 14 25 32
1 7 40 45
1
26

9 30
25

39
36
8 43 48


33
35 47
11 28
48
26 27 48
33 40 45
41
28 45
16 31
2 21 40
33
33
0 6
40 45 48
37 43 48
8
33 40

4 31 40 45

4
7 11 47
12
10

15 25 48
34
20 22
19
31 36 42
1 43
17
26 27 30
1 19
40 45 48 49
1 11
40 45
20 37
13
34 43 47
16 44
33 36
8 45
27 33 42
14 42 43
2 40 45
31 34

26
1 18 26 28
20 30
11 40 45
39 40 44 49
5 29
5
4 9 11 30
13 47
0 40 45
28 40 45 47

8 33 39
17 23
15 44
33 44
25
45
24 31

22 24
23
36
40 45
23
42
19
1 19
23 40 45
14 40 45

7 11


40 43
19 26 29 40 43
24
17
4 34

23 26
10 40 45
13
9 10 23 33 37
5 23 28 46
36
8 36 43
46
3 13 43 45
21 30
40 45
7 26 31
40 45

9 12 28 40 45
4 7 10
7 34 37
46
4 40 45


40 45

17
36
7 23 40 45 49
10 40 45
0 1 23 27 28 32

32
5
33 43
28 48
19
11
29
37 40 45
17 28
0 33 41
49
31 40 42 45
40 45
40 44 45
21
18
20 35 46
18 40 45
6 7 16
13 24 25
11 20
19 30
13
4 21 46
40 45
2 40 45
6
4 17 23 27
13 38

20 40 45 47
33 40 45
3 12 29 35 46

35 43


6 9 11 21 29 40 45
27

22 24 40 45

3 25
27
18 36

12 34 43
8 27
45
40 45
2

2 40 45

4 10 43
2 4
39
34


20 35
42
9 24 28
2
19 27
40 42 45 48
13 23 32 40 45 49
15 23
19 40 45
1 40 45
5 14 28 29
4 17
7 29
3 49
6 40
21

2
38 48
9 31
33
40 45
4
5 8
6 35
40
38
31 44
38
29 37
39
18 40 45
1 10 14 19 30 40 45
8 21 22 40 45
6
7 26 40 45 47
5 20
38
22
9
20
17
0 8 14


9 12 45

12
15
3 29 40 45
11 38 40 45
3 39
2 30 40 45
18
34 40 45

17
5 40 45 47
3 5
25
9 11
12 32 35 40 45
6 24 45
6 40 45
1
0 21 28 40 45

39 47
33
3 40 45
36 48
1 30
3 4

2 17
33 35 40 41 45
40 45
9
5 19 32
11

6 17 43 49
8 17 45
4 26
9
40 45
16 29

1 12
36
11 40 44 45
11 25

7
6 40 45
40 45
13 27

7
40

40 45
47

18 39
24 49

1 10 42 45
46 47


40 42 45
0
7 19 21 35

21 40 45
49


1 18
30
34 40 45
6 9 34 39
6 28 45

13 16 35 40

22 40 45
7 20 28 32
1 18 21 24
3 26
40 45
29 38 40 45
32 38
17
27
6 10 25 26
22
6 49
14 38
28 41

16 37 40 45
20 36 41
30
39 40 45
37
23
32
8 14
13
12 13 40 45
39

46
25 46
35 44
11 35
49
12 40 45
15 47

11 40 45
13 14 27 41
8 40

27 40 45
17
40 45
7 18 26 31 32 37
31
3 6 38
28 42
40 45
23 38 40 45

3 17
6 43 49
40 41 45

28 29 40 45
10 36
21
3

31 37 45
27 42

20 40 42 45

0 4 28
3 6 24
34

3 8 30 40 45
49
1
31 37 43
18 34
9

0 9
17
35 40 45

30


2
43
11 17 25 28
32 46

6 34 40 45
15 23 39 40 45
31
21 35
25 31
14
16 39
0 3
5 30
34

40 41 45
17
6 40 45

24 40 45
16 47
38
40 45
16
8 18
35
42
26
32 40 43 45
23 45
40 45
8 14

6 13 17 34 39
27 41 42
8 37 48
7 9 16 30

15 24
1 43

17 48
16 20 25 40 45
2 14 37
45
9 22
8 18
40 45
40 41 45
7 9 34 38
12
39
21 37 38
19 39 40 45
1 3
5 6 20 21 44 49
4
44
13 23 29

42
12 16 18 28 40 45
47

18 26
3 41

40
17 33 38

29 40 45
23
11 40 45
38
22 47
40 45

30
40 45

8
11
12 22 45
23 31
27 30
6 13 16 30 44

7
5 17
3 44
40 45
3 6
2 26 47

12
40 42 45
1 12 15

30 35 49
0 19 22 42

41
36
12 18
13 37 40 42
13 32
30
25 27 31
19 21 40
3
3
40 45
4

42
5
2 14 20


14 15 25 42 45
4
33
35 37

40 45
22 41
28
21 40 43 45

5 40 45
27
2 8 10 13
29 39 47
16 21 23 25 38
28

24 35 40 45
30 36
39
14
4 32 40 45
39
26 40 45

1

4 6 32
8 24
13 17 30 40 45

23


19

14 36 40 45
3 26
49
2 31
16 18
31 32
25 40 45
9 29 40 49
29

28
40 45
38
0
27 32

35
0
2 13 40 42 45
22
12
32 35 40 45
2 11 12
38 41
22 30 40 45 46 48
27 39 40 45
7 8
8 44 46
41
37
28 36

5 14
8 38 40 45

1 17 32
45
44
24 26 33 36
5 8
35 40 45

15 22 23 39 40 46
5 18 40 45
31 44
40 45
21
9 10 33
40 45
6
23 40 45
40 45
30
40 45
4 27 34 43
8 12 21 47
13
20 24

39 40 45 48 49
4
2 7 9
47
5 40 45
12 24 26

41

29 40 44 45
8 34 40 45
20

10 40 43 45


43
1 28

4 32
19 40 45
19 27 48

3 19 23
15 18 38
9 42 46

14 40 45
2 9
44
24
10 15 30 43 47
11 14 42
27 32
6 29 33 38
16 22 40 45

4
22 32 38
16 46 47
33
40 42 45
40 45
40 45
11

5 40 45
10
9 40 45
30 45
5 22 48
34

10 26



1 12 45
28 33
6 24 27 28 32 37
28
37
9 24
5 32
40 45
12 40 45
45
24 37
44

10 43
16 35

8 14 15 19 21 39
7 32
11 17 30
44
13 22 40 45

40 45

14 29 46
17
5 30 35 47
2 5 34 35
29 35
38 40 45

13
36 48


3
49
40 45
44
1
26 40 45 47
48
38 40 45
16 25 36
4 16


18 33
31 48

15 18 35
5 8 17 46
36
40 45
28
7 28 31
30
49

40 45
5 21 30 34
1 40 45

5 23 48

1 6 7 18 26 33 34 42
20 37
26
35 40 45
19 21 39
40 42 45
28 39 40 44 45 49
11 27 40 45
6 19 20 47
32 48
36
21 26

39
25
19

47
40 41 45
13 19 40 45

20
6 7 39 46
22 26
39
1 42
4 32
5 6 8 14 15 19
24
40 45
4 34 38 40 45

19 22
11 40 45 49

12 24
19

46 47
38
2 5 27 38 47
25 40 45
40 45
6 18
40 41 45
48

9 19 20
11 37
30
18 47
10
5 29
30
37 43
3 46
40 45
1
45
21

7 24 28

9 27 35
44

47

21 40 45

11

9 25
16 38 40 44 45
12
33 35
13
31
27 41
25 30
14 38
2 47
9
7
22
1 13 34 37
33
15 22 29 40 45
0 15 36 40

43



12
45
21 36
40 42 45
17 39 49
5 40 43 45
40 45
2 12 40 46

6 13 15 23 40 45
40 45
40 45
16 24 45
4
33
9
8
2 34
25 41 44
40 45
21 25


11
30

28

12 18

1 8 24 32

40 42 45

11 12 13
42
17 19 34
27
2 15

14 22
0 9 16 30
2 36
1 36
5 39
3 23 32
15
11 13 40 45
5 9 21 39 41
17 28

45
5 7 30
0 11 37 45
23 40 45
4 31
23
36
2 9

13
31 40 45
28 36 40 45
31 33
40 45
3 27
2 12 15
3 40 45
0 4 13
40 45
40 45
6


1 42
2 29 36
5 32 49

40 45
31 40 45
15
30 38
21 34 49
45
4 10
29 33 40 45
9 12 40 45
11 21
22 25 34 42
31
20 23 42 45 47
37
13 15 26
28 35
11


9 37
26
33 43
28 40 45

21 25 43
0 22 27 36
5 11 12 22
7 24 46
8 42
25 40 45
1 11 15
39 40 41 45
40 45

37 38
13
40 45
40 45
15
4 13
16 26 27 46
9 22

22 30 34 42
16
10 23

7 19 36 43
15 46
44
15 38 45
24 30
13 14 15 24 43
4 10 18 21 40 45

5 25 40 45
45
29 44


23

10
10
5 6 19 24

20 22
5 11 32 40 45 48
10
10
1 45

18 19 44
43
49
4 27
33
4 5
44
8
1
6 12 25 48
5 28
11 39
44 45
5 8 16 19 40 42 45
21
11
15 22 42
25

4 12 35
1 19 33 38
1 7 23
43
5 23 40
10
7 17
24 30 38
37
5 33
7 13
48
15 29 31 45

0 12 27 35
40 45
3 4 38 40 45
25 27
38 40 42

9 29
3 40 45
10
3 40 45
40 45
12
17
40 45 49
14 26 32
39
15 36
16
25 31
11 38
29 36 47
5
14 19
8 16 33
8 13
25 27
22
10 40 45
17 21
2 42 44
7 34
34 37 40 45
7
19 40 45
40 45
12 38
11 36 40 43

16 35 40 43 45
14
6 23
48
46
11 20
17 22 38
40 45
21 46
37 40 45
16
7 12 28
15 17 33 40 45
16 25 30 49
2 22 33
5 21 22
2
37 40 45
30 46
0
23 38
11 40 45
16
27
32
28

35
2 20
24 34 42 48

1 40 45
45
10 40 45
11 40 45 48
9
14
28 40 45

2 14 15 40 45 48
30 38 40 45
14 22 27

7 24 40 45
7 40 45

37 40 45
7 42 49
16 27
12 33
10 42 49
4 28 34
1 5 18 35
25
9 10 27

40 45
27 37
34 49
12
21 49
4 35 40 45
40 45

40 45
29 32
19 40 45
14 25 38 39 40 45
40
6
11 32

14 16 34
5 26
15 41
6 37 40 45
12 30 35 38 40 45
28 40 45
10 15 35 44
2
20
11
40 45
10 13
19 40 42 45
19 40 45 49
19 30 40 45
31 40 45

9 36
40 45
0 10 19 27 28 29
28
0 24
9
2 34 40 45
20
14
39

7 10 29 40 45
37


2 16 25 29 35 36
13 34

36
5 24 40 45 48
5
8
40
1 39 46

6 45
43
16

26 44
10
4 9
26
6 21 23
23
10 17 24 33 43
13 46 47
6 10 28 33
19 46

46
7 25
0 26 40
17 36 46 47 48
31 35


24 29
9 18
42
44 45
2 11
3 43 45
14 21 34

13 23
33
37
28
31
22 32
38
9 28 30 49
44
1 25
9 19
32
0
0 6 10 14 26

6
9
9
3 8 47
21
34

0
15 36 49
8 38
37
39

40 44
20
13
5
22
23
13 15
13
26 27 39
17 40
6 31
11 21
31 38 47

17 19 48

33 39
0 32
17 20
2 20 36
5 38
21
5 18
26
5 9

5 10
24
22
49
32
31 46
12 20
10 48
12 39
3 37
28 44
9
46
14 29 42 46 48
21 25
3 29


43

13
40

10 14
18
0 23
33 38

19
47
7

14 37
5 7 22 25 32 45
10 21 29
1
31
26
8 13
17
43
25 44
16
22 37
3

10 19 45
46
1 21 39
33 46
18 37

10 19 37 40
2 33
27
0 25 41 48
46 47
8
19

10 13 40
0 24
24 30

0 8
1 21
24
8
29 41
8 39
32 38
23 29

15
0 45

48

48
18 26 41 42

24 42
19
2
3 8 45

24
39 43 47
0

19
28
3
36
13 16 17
25 42

25 31 45
31 36
33 36
25 42

1 8 39
39
21 26 36
0 18 40
1 4
18
1 8 13
20
41

29
3 43
9 41


41
10

3
43
36 43
4 5 13 33 45 46


5 44


15
7 19 30
49
22 31
23

42
0 26

37 39
45
13 34



36

49
27
7
12
4 49



35
0
7 21 29
19
12 24
36 46
48
4 13
24
14
9 49
11 36
48
16
6
9 17 31
13 24 28 32
1 24 29 39
1
30 36
11

18 37 38
16 33
12 18
27
32
4 15 25
21 43
25 30

9
9

7
10 41
8 13 36
33
3
39

38
1 18 41
3 11 38
29
5 11
2 15 23
12
11 21
5
35

32
28
26
43
30 39 47
12 16 29 42
46 48
9
2 7 32
26

2 20 39
8 23 38
8 19 33
15 34
2
4 9
12 43
15
20 49


28
5 37
45
26 33 43
14 28
29 33
25 47
0 12 18 46
19
17 41
1 36
24 48
12 13 23
29


22 27 48
12 42
17 48
17
37

26 31
22


17 44 48
37
24
6 28 40
15 16
10 49

40
27

18
22
20 43
4
7 21 48
23

1
2 28

17 39
0 13
23

0


15 24 37 42
2 10 15 17 34

6 17
42
7 27 37 48 49

11 14 15
22
18
34
1 32 40

35 41
0 24 41
30
25 38
5 37 48

26 41

36 38
9
18 39

42 47
13 15
29
38
1
26 34 35


10 34
39
8 38
30 35

21
20
11 16 36
23 39
10 18 22 35
42
43
3 13
10 45
4 6 43

23
0
20
16 31
38 44
16
6 20 28
5 30 36
0 2
7
9
11 17 32 41
48
7 38
33
49

6 24

4 21

24
11 13 26
21
8 34 35

29 46


8 15 16 39
5 8
26
1 6 11 39
13


12 27
32
33

5 7

14 34
26 43
17
2 25


44
28
38 43
0 2 26 45
21
24
32 49
44
29
12 35
37 49
19
1 49

15 24 42 48
3 6 13 38 40

4 6 10
36
7
1 47
0 17
1

31
18 19 40
29 44
5 47
14
32
1 41
34
5 15


17
11 28


31
8 41
37 40
5 14 15 46

13 25 34
24 40
10 14 29
11 15
5
31 41

19 31
16 19 36
40
33
28 35 38 47
10
11 19 22 43
5 15 41 42

10 28
2 48
5 15
1
7 40
24 49
5 15
32
1

0 4

21
9 13
8 20
2 5 15 26 30
12
12 21 37 44

14
12 16

10 19
30


24
4 29
5 35
15
48

8 36 46

7 9 22
6 25
12 39
1 28
46
2 46
28 41 44
2 15
9
23 27
16
0 21 40
16


19
27 28
5 18 43
31
39

15

48
27
12
37
14 23 36
18

18 41
3 27
27 34 44 49
14 49
0 5 15 20 35
5
18 23 25
6
4 31
1 11 38
25
28 37
5 12 15 21

45

5
21 33
10
16
5 15
43
43
11 47
5 15
21 47
16 28
5 36 41 43
13 46
7 32
41


21 43
42 48
10 27
5 15 18 19 33 44

0
26
42
49
9 20


21 34
13 19 25 30 36
23 35 48
25
28
6 36
41
27
0 13
26 33 47 49

18 39

16
12
34 41


37
41
28
49
12
15
1 23
6 7 34
17 21 31
31

36 40
30 34 42
27
1 48
46
5 13 15 22
7 16 24 32
7 14 28 48
48
5 15 47
12
10
36
31 43
14 22
27
6 14 31
5 15
21 25
10 19 33
35

0 42

14 36 43 44
30 34

2
5 15
5 47
8 36
26 29
11
17 34 47
5 14 15 16 25

10 21
26 46
4 31 45


5 15 30

0 5 15
21 22 24 25

5 15 16 34 45
21
12 28
7 19
26 36
4
5

5 15 45 49
3 11
5 11 15 18 30
5 15 24

5 15 28
5 15
46
13 24
29
4 13
16 36 44
19 25
7 18 28

40

0 43
2 5 7
15
5 14 27

24 37
42
8 22
3 4 48 49
2 13
11 13
5 15 18
45
12 13 45 46
40
35
23 38
3 47 49
8 22
28
43
21 47 49
5 15

39
23 36 42
0 14 26
33

2 19
33 34 41
7 18
13 38
8 18 21 25 36 40
5 11 15 21 35

25 30 34 42
19
8 15 27 44
21 38 40




35
47

40
14
8 35
46
9 19
4
21 28
4
7 40
14 30 44
3

27 31
2 25
4 20 29 31
30 40
4 10
26 39
35
9
47

12
9
26
23 41
0 28 43



19 38
45
8
17 18 24

1 7
4 10 17 19 26
0 44

19 39
43
5

6
16 49
28 30
7

9 13
0 25 39
4 19 28 41
5 15 25 37
47
17 37
40

24 37
8 48
11 12
23
14 41 49
25
7

12 29 34 44
17
13 15
13 14 23 35
35 44

23 47

16 45
5

28 39 48
47
36
37
10
6
26 43
31
2 9
10

22 46
28
31

9 11
5 15 29
44 47
16 45
29
35
11
5 15 16

5 48
17 24 35 36 43
7 45
0 14 19 34
5 15
3 4 12 15 43
14 30 31
2 5 15 34 37
5 44
19 23 24

20
16 43

46
6
7
2 15

2 5 15 21
42

11 26
27 28

44
38

8
38
29
44 49

11 48
5 15 27
4 18 21
47
1 16
9 16 48
22 44 48

33

4 13 22
37 38
25
23


13 37
36 42 46
13
26 38

5 11 15
14
28

10 26
9 26 37
9 44
1 2 20
12 21
5 9 15 48

5 9
11
39

25 33

48
39
19
22 23

29

14 32 35
42
20 42
16 22 33

20 23

10 34 41

15 23
0 6
42
5 10 15 20

6
37
32 46
2
29
24 47

32
31 45
5
13
3 6
0




27 39
3 29
33 48
34 45
5 15
7
1 11 41 42
1 25
20 26
1 38
10
5 15 48
31 32 48
15 42
3 15
5
4 23
28 45
0 5 15 32 48 49


42
2 7 18
4


49
3 35 47
10 33
9
45
4 15

1


29
22

3
5 15
12
24
2 28


4 34
13 28
33
38 46
4 13

12 16 31 45
15
9 34
8 14 20 27
15
4
5 7 15
43

10 15 42 43
17 35
23 34
1 40

32 39 45
5 9 12 15
5 17
16 30
19 22
11
2 4 5
4 16 20 25 33
23
4 25 27 37 39


45
6 15 35 49

7 38
9 18 26
14
18
5 10 15

21
24 26 41


16 43

18 39
13 48
44
20

39





6
8 15
48

31
3 20 30 40
14 18
24 33 39



3 9 30
5 15 18 32
35
2 15 48
31
28 37
9 38
4 46


8 11 13
17
5

27
12 20 21
24 35

5 15 34 39

1 10 41
39
24 26 35
4
8 49
33 34

46 48
6 9 34
43
23 25
31
5 15
32
14
34
1 15 40 43
14 39
17 20 29 44

9

5 15 23 34 36
7
29
4 15
3 6 39 48
1 38
17
5 13 15 42


10 15
5 15 47
7 41 42
25
24
42 48
5 15 41
2
26 47

2 28 47
0 4 31 36
47
9 25 37 40
39
8 34
5 15 24 27 33
26 49
9 38
3 6 14
19 46
19 42
38 46
10 23 31
9 36


5 15
7 27
29
42
16 37
4



17 42
5 15 46

42
19 23
7 9 37 38
25
4
30
5 15 31
42
27
15
22

40
30
14 18 28
17 21 30
0 16 17
16 32
5 15
20
22 23
27
1 36

6 11
3 6 14 15 16
14 21 44
21
0 10 27 28 30 41
28 44
30
0 41
11 38 49
26

5 15 24

12 21

2 43
4 5 15
37
0 34 48

1 9 23 35
18 23 40
11 37 38
35 44
30
47
4

0 15 42
25
0 1 4 6 34
5 15 21 38 41
16 17 19 23 27 39
3 10 33 42
26 31 43
46

42
14 21 24 39
2 34 35
2 3 17 39
30

5 14 15 18
1 16
34 35 39
37

31 42
4 47
24

19 44

10 39
22
34 37 45
15
16 26 43
11 22 34
5 13 15 36
3 5 15 29 32
13 27 34 49
1 5 15
5 15
38
25 32
21 46 48
20
38 41 49
5 20
29
9 22

34
9
22
18
3 6 15 32 43
9 45
0 5 15 44
9
12
20 26

1 7

36
6
46
5 10 15

14 23
38 41 48
18

9 21 30 46

16 49
8 46
36 48

5 15 41
1 9
23 41
11

12 45 47
14 44
5 15 49
16 20
15 49
3 31

40 47
1 17 39
6 13 32
0 39
16 20 33
12



25
5 12 15

1 5 15
33
6 11 26
11 13 17 37 46
9 49
22 33
7 10
5 19
5 15 24
0 6 24

23 32

6 14 19 20 28 46
2 5 14 15 17


34 36
8 44

2 7 29
5 15
4
5 15
19 32 39
15
6
5 15 21
7
29 47
0
34
24
15

29
0 8 11 23 46
24
34 46
21 31 32


2 10 12 17
4

3 37

44 47
42
9 26
5 15 32 38
5 37 42
22

7 23

5 15 19 24
13 38
16 22
5 15 43
5 15 25 26 31 33

25
11 20 48
39

26
12 34 42 46

39
47
15 27
8 12 25 27
9 10 13 15
12 15 18
47
3 36
15 16 43
15 24 49


18
0 28 37
0 1 47
5 15 42

5 15 20
5 15 17 24 25 29
9 11
5 15 18 28 33 47
8 16
16 47
14 18 46 48

9 39

5 15 35
13
10

14
3 24 40
5 15 17
5 19 25
19 43
17 31
19
42
5 15 26 31 37 41
4 21 23 37

5 7 32

42

21 30 31
9 40
23
18 25


20
5 15 40
9
5 10 15 16 25 30
20 24
24 49
4 38
5 15 16 32 36 44 47
8 15 27
9 25
0 30
6 10 19
44
34 43
5 15 30 36
18 30
30
5 15
7
4
28


35
37
4 8 17

38 48
26
5 18 25

40
17
6 14
39
33 45
17
3 42


6 18
48
26
29

14 48
5 15
43
10 29 38
46
2 18 33 49
14

27
33 47
40 43
1 5 11 15
5 15 21 27

26 49

12
5 15 20 25 49
14 24 29 31
15
36
19



23 40
37
3 16 43
22 35
29
47
30
30
1 17 35
42

24
24
16 22

18 43
34 43
12 26

26
31 46
38
0 6 16 18
31

33
41 46
17 20 35
0
38 39
45
5 15 38 48
5 35 46

15 32
14 20

5 45
7 25


13 39
4
8 10 28
36 42 47
12 41
1
22 36
5 15 19 29 40 48
30 44
37 45
29 33 37
20
38
9
23
38 47

2 14 18
22 40
48
31 42
12
7
36
10 22 33
17
16 45


45
1
46
13
22 40 44
3 5 11 15
21
27 45

2
5 15

0 12 36
20
30 34 44
13 28 35
25 46
5 14 30 49
9
31
5 15 21
6 42 49
34 39

32
5 15 41



37
34 39
43 44 47

14
5
3 26



11
5 15 21
4 5 10 15 16

17


35 44
5 15 26 41
1 25
0 31
8 19 21
28
7 9 36
40
10
1
15 24

5 38
0 27

11
4 30 48
8 47 49


5 12
6 24
34 49
5 6 15
8 28 37 42
23
8 21
0 39
4 5 12 15 32 44

5 15

28
15 22 24
27
21 28 32 48
37

2 44

5 49
18
17 42
27 33 38 43
8 13
16 34 44
39

43


41 43
2 13 47
1
23
17 32
16
1 13 19


16

31 33
0 13
9
4 6 7

15 23
22 38
1 27
20 30
25 38 41

46 49

28
25 46 48

23 36 45
8 17 42
24



30
25
20 28 32
29 44
13 16 27
47
47
0
6
27 37
19


8 43
5 15 20 37

8 38
23 37
35 36


7
40
7 29
43
9 20 35 46

27
37


11 17 37 46
7
23 34
17 37
45 48
12
5 15
5 15 38 46

37 45
30
5 9 13
4 5 15
6 24
1 4 9 24
5 12 27
14


5 15
2 45
19
1
5 15
7

17 46

21 25
40 48
26 49
48
2 29 41
5 15 48
9 16
19 30 36


24 34

2 36
2 7 34
48
5 13 15
26 44
5 15 20 23 40
5 15 28 42 45
42
38
3 14 47
15
17
35
18 34 41
35 44
33
9 12 29
2 8 28 38
13 23 28
43
5 13 15 32 33
5 15 18 19 21 25


5 15 29 37

25
42
19 20 25 28

37
7
31 33
43
11


17
9 47
7
9
25 28 46
3 22 47

4 5 15 16 35

23 46
32
8
25

15
4 12
36
15
29
47
30
25 46
1 16

24
46
5 13 14 34

11

15 26 29 45
47
5

49
1 10
0
41
14 23
4 5 15



12 46
11

2 29
4
31 48
8 33
47
13
5 20
2 17 20 31 35
2 33 42 43

29
16 23 24
26
5 15 19 30
5
17 20

10 40
8 32 36 41 42
43

6 8
5 15 20 24
5 40
0 21

5 15 17
4 11 19 42
4 8
11
8 9

9
1
4
48

29 34 36

3
17 24
30 47
13
37 48
1 23
5 35 49
5 15 39 42
47
10
5 43
5 15 20 25 36


42



18 36 43
7 16
12 47

3

2 11 42 47

1 22 29 36
12 17 29 44 48
26
6 11
13 30
41 49
0 25
4
8
24
5 15 42
24
2 5 7 15
33
7 24
28 44
19 44


0
5 7 15 42
39

5 15
6 42 47
15
8

13 29 45
5 15
5 15


5
32
24
6 8 21 35 46
7 29
3 26
9

5 15 32

15 36
17
22 32
4 18
2

17 49
12 14
37
1 43
14 38
5 15 21 41
12 39
35



10
24 44
40 46
5 15 17 28 46
5 15 38 43

7
17
3 11
18 47
1 5 15

22 47
27


5 40
21 30 31 44
40 41
14 16 22

3 26 39

21 28 37 41


0 15 38 46
38
24 34
39
24
12 23 45
4
19
16
7 18 32
43 48
18 23
20 44
22 28 49
1 2 5 15 23
8 45 48
5
18 37
6 42
26
21 34 37 49
9 27
2 5 15 24
5 15 20
8 16

12


20
1 27 28 34
20 24

29 32
5 33
34
0
7 17

2 5 15 27
26
0
5 15 17
0 39

30
19 30
16
27
5 7 15 41
8
16 27 31
15
35
45

42
4
45 46
21 24

12 36
37

17 28 40
29

17 31
32 43

2 30
24 36 47
32
5 11 15 45
42
10 29
31

5 15 23

38
29 43
37 44
17

5 15 39
23 47
25 46
13 25
5 6 15

3 43
43
10 33
38
5 44
5 15

17 46


24
39
3 5 6 15 44
35 45
11
3 4 21
5 40
11 41
30

30

4
15 19
11 37

1 9 20 25 37
6
25
1 27 31
16 24 26 37 40 49
1 5 15
4 19 24

4 10 13
5 15
43
28 35 49
20
6 8 19 43 44
0 5 15
19 35
13
4

2 47

8 11
19
16 26

17 37
5 15 25 48
15
0 27 32 46
34
45
4 13 37
7
3 4 5 15 42

17 36


21
21 28 33 47
2 36
27 45
33
5 10 15 33 48
23
30
1 14

9 45
19 24
9
7 9 12 14
5 15 22
25 31 36

39
5 15 26
13
17 31 45
42
39
5 15

49
14

40 43
5 24 44 47
30 40
18 44
5 15 34
19 33 42
14 15 40 43

36
20
32
5 15
0
5 15
10
28 43
29 47
42
32 38
5 14 15 40
7 14 44 46

33
5 13
5 15 40
5 12 15 20
5 15 16
42 48
1 26
0
8 24 36

10 35
23 48

12
17 38
46
5 44
0 17 32

37
33
21 26 48
12 16 37
10
5 15
37 42
15
5 10
7 45
27 31 38
0 4 5 15 32
9 11 47
5



23 28 37


15 42

7 42
19 22
17 20
5 15
46
19
23 27

5 15 48
48
10 32 37
18 27
10
6 31 44
2 38
7 15
21


12 20
16
14

42
22 27
29
47


5 15 32 36
44
16
8 12
12 38
12
48
5 15 39
14 41
32
5 15 19
4
11 22
48
28 29
47
12 23

5 6 14 15 49
10

15 35
5 8 15 35 36 40
6 36
4 14 27
1 38
5 15 45 48
6 21 28
12 31
36
5 43
24
6
13 31

5 15
20 32



1
7
14 25
16 36
30

29
5 26
46
12 46

11
35 36
19 32 36
5
44


5 15
2 18 46
39


5 15

41
8 29
4 35
11 32
4
19 49

0
5 15 33


12 33
11 12 47 48
5 15 25
38 48

1
5 12 13
14 33

44
0 2
43 49
36 40

5 7 15


11
9 39
5 15 46
13 21
20 32 43
3 5 38 42 46
26 32

10
44
33
5 15
21 24

2
10 35
4 7 28

24
43
7
4 28

18
2 5
0 19 35
5 15 22 27 42
47
19
11 12
48
30
32 35 40 43
17 44
27 39
10 13 23
31
9 13 37 45 47 49
14
44

4 43
28 41
20
5 15

24 38
38 43 49
20 44
19
0 5 15 26
23
5 15 35 49
10 19 27

33
5 10 15 16 22 42
5 41
5 15 30 32
12 31
34
5 15 25 38
33 48
5 15
17 37
32 35
19
16

30 31

41

36
1

20
5 15
11
24
5 15
31
12
22 25
13 31
25 43

15 23 40
4 23
48
11 12 29 35 38

5 15

0 1

36 37
36

48
23
3 5 15 36 46

5 15 16 17

7 14
6 24
48
19 21 36

43 44
30 44
5 15
25
14 22
22

20 31 32 36
19
1 7 9 22 26 39
13 30 46
17 27
13 47

17 43
5
4
16



5 24


7 10 32
9 15 29
9 16 29 46
3
30
20 48
5 6 15 17
16
11
6 10
21 32 44
48



7 27
34

1
4

12 35
5 15
5 15


5 15
2 5 15 23
31 35 42
32 34
1
20 26
1 32
13

5 11 32
7 25
11 19 29
5 12 15 29
0 11
30 37 38 43
1 16 27
4 11 24 35
26
5 15
41
3
37 48
30
32
2 29
16
19 21
42


1 48
36
5 15
37
36
3 25 36 46
5 15 39
48
21 39
46
11 37
2 38
5 15
42
20 32
32
31 39
9
32
10 12 38

14
3 5 15 24
13 21 45
15 32
15 42
5 15
29

34 49

6 9 17 27 29 34

4
38
43
35 43

5 6 15

31


22
24
43
42
17
5 15 17
28 29
38
1


4

9 34
18
36
9
42 45
43
14 37
10 17 18 19 41
23
4 12 13 15 17 22 43

39
5 8 12 15 44

39 42

34
39
19
17

28
11 41

2
8 20 30
34
4 49

11 45
46
1 20 49
43
12 23 35
39 44
12 39

1 12 40
11 36 37
8

28
5 15 20
34 44
22
38
3
9 18 27 41
5 15 18
15 23
32
43

6 37 38
2 5 15 43
15 18 27
16 33 44
13
21 26 29
5 15
5 12 15 23 31 42

32 44
42
16 46
41
11 17 45
41


1 8 48
39

0 14 25
14

13 37
6 13
18
31
29 35
8 43 44 47
5 19 21 33
29 31
3 14

48
21 32 41
36 37
49
41 48
9 19
17

25 27


24 33
6 16
34 43 49

26 45
14 19
7
2 49
23 35
5 15 49
21
38
17 19 30
5 15
40
5
5 15
4
18 37
32 37
5 37 45
7 18 22 48
5 15
14 15 16 17
10 11 14 49
23
1 5 15 20 40
13 39 41
3 8
31
36
35
14 31
30 45
7
20
34

4
9 37

8 44 45
4 6
5 9 21
4 5 29
10 20
5 10 15 21
26 32
1 8 38 41
17


20 45
5 15 36
34



33
9 47
0 10 29 39 42
37 38
18

31
49
31
31 38 48


13
0 5 15 26 46
20 40 47
4 26 29
5 6 15 17 28
6 8 13
10 32
3 5 15 18
24

45
19
35
4 13
4
19 26
14 36
2 5 23 36 39

38
27
0 16 33
27

6
11 34
20 29
16 31
36

5 15 25
38 46
21 26
10 23
1 26
19 22
42
30 43
7
12 23 33
2 5 15
9
5 9 15 41



24
2



26 30
41
5 15 34 41

13 33
8
25 33 49
15
1 15 17
16 18
3 4 18 20 22
5 15 16
24 49
38
14 19 40
1 5 9 15 45
5 15 25
20 27 30 47
16

13

3 14
4 15 31 49
16
22 30 35
36
8 24 34
3 34 39
21 22 28 44
4 15
18
6 42 44

14
5 11 15 38 42
10 16 35

11 36

29
37
4 6 26
15 16 34
3 11 23
49
38
32

23 24
30 39
11
34

10 19 39 40
2 41
3 19 39
8 31 35 47
29 49
5 6 8 15 37
5 15
3
38 49
10 18 47
44
3 21 25 40 49

1
32 47
2 44 45
43

41
36
29 31

0 21 32 39
4 9 28
48

37 40
44
5
49
7


0
34
5 15 48
0 24 30 46

33
1 11
16 24 34

30
17 47
3 5 9 34 49
16
0 3 24 28
48

7 23 31
49

20 40
45
4 22 40
41
21

11

27 28

25
1 5 10 14 15 38
0 24
31 33 46
39
14


32
26 30
25
23 49
1

5 15

23 25 49
1 5 11 13 15

38


19 35
17 23
5 15 25
5 15 24 26
8 22 40
11 31 39
3 17 32 38 43
28
25 44

25
35
1 24 41
26 27 40

4 6 8 41
18 34 45


17 24 39
29 43
26
23 28
7
24 34
15 32
1 31
4 16 27
5 15
1
19

28

43
0 22 33 45
4
39

18
15 18 36
36 48
47
9 23 39 40 42
49

11

8
12
14 27
13 25 32 49
30
15 31
2
18 24

25
31
38
1 3 22
31 33
9
19
16 43

5 15 49
5 12 15
20
9 27
25 27 38
15 29 41
3 16 21 34 44
8 49
8 42
9 28 31 42

33
5 15 41
16 20 47
12 15 27
36 40 46
27
7 18
29
5 15
19 49

3
3 9 14 15
24 43
29 31
21 49
10
22 26 28
1

36
10
29
4 16 24 25 41
46
5 7 34
39
5 9 15 17 43 49
48
28 30 44

21
39
5 7 45
35
13 16
0
5 15
20
31

22 23
27
30
29
25 47
1
0 8 10 34
23 24
24 31 45 48

5 15 23
28 33
46


1 44 49
20 31
5 11 15 48
16 22 32
37
5 7 15
14
13
37 47
19 20



1 21
5 15
5 15
23
44
5 15 49
49
43 49
35
25 33
18
18 44
1
24 31 38
1 29
5 15 45
24

5 15
10 17 41 42 47
5
5 12 15 28
9 22
7 23 25
42 45
14 39 42

5 15
12 13 26

20
12 15 33 36
30

4
31

18
30 49
5 9 15 18
1 28
20
18 26 35 46
22 46
29 38
8 43

2 33

1 16
18 22

18 48
40 47
12
5 15 17 45
7 49
2 32 45
30
47

43
18 28 29

44

32
30 34 38 40 47
23 31 34

14
12 49
26 35

5 15
8
7 9 16 28 40
9
7
16 23 42
23 43
26
1 7
0 39 42

8
10
18
5 15 33
3
6 15 32 35
1 3 23 42


0 12 40
26 39
23 32 35 47
42
20 41


31 33


5 15 35 37 46
12
6 10 11 27 33 44
5 15 47
5 15 27 39
12 14
5 15

37 47
5 15 22 49
5 14

20
47

10 26 46 47

21 48
42
7 9 33 38
27

26 35 38
42
49
6
1 4 16 21

11 43
9
5 15 23 33
1 5 12 15
25 49
24 32

1 27
2 21
3 22
21
7 12 26 30
47
4 23 41
11 27
5 10 15 26 34

0 1 8
6
25 28 30


5 6 15 18
13
10 47
5 11 15

13 23
0 5 8 17
8
33 40

37

28 42 46
12
0 21
7
5 15 18 25 47
13 21 23 43 48
5 13 15 21 46 49
34 40

14 24 30
4
14
19 28
4
10
5 15


4 26 33
5 15 17

22 41 46
5 15 36


3 37 40 44
42 45
29 30 43 47
38

1 17
32
7
15

5 15 22 25 26 48
39 45
4 37 45
20 43
28
33 42
14
8 15 39
18
5 9 15 45

7 27
35
31

5 15
16
14 26 41
33
44
6 10 32
5 15 31
1 2
12 22
1 4
5 15
33
22 23 37
2
33
7 28 34
32 39
2 3
5 15
31 47
31

15

47
10 17 44
0 1 6 15 19 35
1 15
6

1 26


27 29 36
16 39 49
15 25
5 11 15 37
0 49

29 45

33
11 22
11 24
5 15 33
33 43
31
2 5 45
5 15 28
10
5 7 15 34
7
16 30 31 44
13 16
40

10 25 49
32
33
47
35
15 33
2 5 15 45
12 37 42

19
11 18

5 15 38
1 39

29
34
27 34
11 28

43
3 17 25
25 39
38
27 35 45
18 46
35
3
6 11

5 6
3 19
11 25
1 5 15
4 5 15 43

38
11
8 22
14 30 41
13 19

23
17 29
5 15 22 40 43
22


34
16 20 33


22 25

12
9

45
44
7 25 37

5 15
5 15 36
31
19
8 12 15

14 45
11
46
28

24 26 45
32
46 47

5 15 31 34 36
2 16
5 13
38

43 47
16
5 19
2 13 29
7 24 28
5 15
5 15 23

9
32
48
19 32 48



4 5 10 15 20 40
5 15 42 48
5
8 20 42
5 15 49
12
23


10 36


7

19 23
42


32 42
3

3 13 45 48


38 47


40
12 16 29 46
20
1 22 32
29 33 35 43
8 25 48
5 15 38 42
0 10
20 49


46

33
13
5
35
8 43
33 40
2 16 40
23 45
5 15

5 15
7 14

5 44
4 21 42
31
27 31 44 49
5 15 16 29 37
16
8
10
42
12

0 18 49
36 40

24 28 30
14 27 38 41
1 12 42
3 11
5 7 15
23 28 36
20 24
26 46
5 8 15 29
20 37 45
19 33
4 47
22
5 15 21 46 48
5 15
5 15 16 27
34
27 49
18 39
4 31
43 48 49
22 23 30

0 2
1

5 12 15 21 34
27 49
16 48
26 30
5 15


19 27 36
2 17 34 47
1
38 43
23 31
5 15

5 15 33
30
4
14 25
18 42 49
13 36
5 15 33 34
5 9 15 34
35 46
37 47

34
11 36 41
29 33
13 47
14 29
19 20
5 7 15



0 3 15
0 5 15
41
5 12 15 17 26 47 49
27 47
44 49


10 18

15
14
45 47 49
9 11 33 39 49
1 22 47
40
23 24
0 33
30
24 43 45
4 23
5 15 28 34
1 5 15 38
6 29

6 25
27 44


10 25

14
9 11
38

8 26


14 22

2
33 38 49
2 5 15 43 47
13 15
23
9
25 36 42
19 26
5 31 42 49
3 5 15 32 34
4 9 49
30
9 26
5 15 42
0 7
2
33
3 5
37
31
5 15 33 49
25
36
35
7 14 33
11
38
11 20
15 24 28 41
5 15 26 34
5 15 37
5 6 15 17 23 28
9 20 43
5 15 27 31 38
19 34
18 27 34 35 46
18 46
24 30
13 18 20
7 33
27 32
5 15 22 38
9 20 22 37
36 41
19
29 37 38
45
32
18 47
11 35
25 46
10

6 47
7 23

42
24

49
2 13
21 32

47

30 48

24 35 40
7 14

1 9
5 13 15 44
21 30 44
17 32


6 23 43

32 46
3 33
33

3 37
34

5 10 15

41
22 23 38 44
3 44
4 10 32
36
39
13 20
5 15 18 20 34 36

5 15 21
1 4 23 43 44
0
14
33 39
18 23

32


28
7 45
20 27 36 49

2 7

5 15 18 41
28
13 49
44
36

0 34
13 28 41
26
24 37
8 21
13 40
23 40
18
25 28 32
27 36
37

39
11 23 32
30 36
3 21 44 48

17

39
5 15
45
18

3 24
7
4


45
26 37
5 15
22 30 32
22 49
9

0 39 43
39 44
17
9 26 48
11
13
5 15
6 8 25 37
2 11 17
37
15 49
5 15 42
0 5 10 15
5 10 15 20 37
2 46 48
30

23 26
5 22
1 3
10 20
43 45
0 13
10
5 15 46
19 41
44
18 24
22 36 49
19 31
7 41
5 15 20
2 27
25 27 39
36
5 15 46
29 35
27 34
9
3 15 31

17 48
8
7 31

5
1
20 33 44
1 38

18 36 37 41 46
43
41 43
24 33
5 15 30 38
6 22 40 45 49
6
35
2 48 49
10
7 45 47

16 30
33
5 15

36
22 42

1 31 46
18
32 40
15 40 49

17 23 25
4 15
2 30 32
17 39 44
5 15 49

5 15
40
25 33
0 18 35
7
2 7 13
6
33 46
5
5 30
38

7 12


33 43
5 10 15 20
5 12 15 26
27
39
12 24
8

14 17 39
7
23 47


5 15 45
5 15 36
40 48
13 24 34

12
37
15 23
0 42

1 5 15 27 31 40 41
13 20
2 7 29 40 41
30 42 47


1 28
0

10
31 42
31
31

13 16 31 42 44 47
5 15 37
13 48
7 28 46
15
2
2 40
14 15
37

21
39

23
5 15 24
5 13 15 40
3 4 26 34
43
5 15

2 24
49


4
35 40

2 5 12 15 23
49
0 23 40
1 4 10 20 24
3
1 6 25
14 24
44

31 35 42
33 42 49
0
20
0 42 47
10 47
5 15 31
40
4 33 39 41
5 41


31 44
21

20 41
17

17


1 9 29

45 48
5 15 30 38 47
3 30 38
21 28 40 47
21

4
0
0 7 26
20 22 30 34
20
26
17 26
11

46
24
5 15 20 21
2 30
34
10 12
6
16
11


0 4 25 37

7 9 20
3 25
4
41 42
23 42


30 35

3 19 45
5
5 19
30 43 47 49
1 6 15 28
8 30

2
0 5 15 44
2 9






1 13
20
41
22
31
17 19

47 48
20 29
13
12 48
12
3
5 15 30
4 38 41
4 35
1 4 27 36 37 41 45
5 41
35
27 28 33 39
17 20
20
2

3 20 33 37



42
30
5 15
9

6
2 19 38 41
26
11
25 33 36

22
42
15
33
28 37
38 42

39
23 34

34
23
10
42

20 21
38
19 41
43
43
5 15 24
24
5 7 9 15 47
1 2 16 24 32

11 23 30
3 12 27
14
2 32

36 43
0
32
14
43
28 41
28
18 30
16 22 29
10
6 16 42 48

14
19 25
10 14 32 42
34

48

14 33 37 43 48
4

17 33 38 49
25 48
4 16
4
2 26
3 9 19 20 44 45
5 7 9 15 39
37


10


1 5 15 22
23 27
40 45
14 39
1 48

10 29


5 15 30
42
25 29

17
9
17
5 15 32
9 46 47
1 6 25 36 43
3 7 33
12
11 24 47
11

30
6 23
16
12 28
1 9 22 27
14 19 47

4 5 15 21 46 47
6 18 49
5 15
3 15 21
9

8




15 17 37
14 20
30

46


10 16 37 48
34
13

5 28
31 49
11 36 39 48
4 21
5 15 24
12 13


10
8 10 48
20 22 25 40 48


25 29
3 39
7 28 38
14

5 12 15
5 15
5 15 45
6
5 10 15 25
5 15 45
12 13 20 32
5 13 15 49
5 15
5 40

9 40


15 19
8 36
46
26

11
5 27
8
20
5 15 20
10

20 21


26
43
10 45
5 12 15 17
17
5 15 18 24
24 39
13 45
10 13
12 24 25 31 38 47
5 6 15 17 48

24 38
35
15 24
7
17 33

12 43
1
17



5 18 31
42
19 20 45
32
42
15 36

17 22
31
34 43
8
5 15 23
9 16 40
16 47

32
1 5 33
21 29
6 19 28
29
41
14 18 35

30

1 19 34

11
21 46 49
2 5 9 15
19 27
6 12 31
4 10 27
12
0 5 14 15

5 15
28

3 4 8 17 24
5 15
9 12 23
18
15 29 35 39
4 12 33 38
45
5 15 32
34



16 22 43

2 4 30

15 31

5 41
2 21
5 15
19 21 24


6 11
43
1 16 22 34
28
49
46
8
4
44
15 23 30
11 31

0 12 26
5 15 41
39
30
20 27
23 43
33
15 26 33
7 32

27


43 47
9 25
5 15
5 15 16

35
6 11 18 36 38
20
36 45
26 43

15

48
9 26
5 10 12 15 22 31
21 28 30 47

36
11 36


10 38 42 44 49
23 26 31
4 12 14 27 30

5 15 18 27
5 15
8 43

17 34
31
35
30

27
39
36
1 38
9 40
14
13 20
46
5 29
4 31 36 47
11 33
4 28
20 27
40 45 48
1 14 29
22 38 45
5 15
5 15 16
38
32
14 20
5 15 18 21

5 15 36
1 3 5 15
0 6 11 14 38
1 41
26 37 45
20 47
26 43
21 33
47
25 30
7
1 3 8


4 30 40 46
12 39
0 12 13 17
5 11 15 21 23 49

34

42
26 28 33
21 43
27
35
32 44
5 15

5 10 15
11
21 22 30
11 23 34
31


0 29
10 12 32
0 42
22 28 34
12 40
36
33
39
24 27
45
31

5
47

3
33

37 41
2 19 28 41
19 38


4 25 36 46

34 41 47

37
23 46
21


48
49
1
3 24 30

3
0
2 25
32
9 27 38 43
2 17
29 31 40 47
0 3 30 48
3 28

22

14 39 45
26 31
0 1 13 42
43
7 37 38
23
0 5
5
25
0
31 46


11
1 12 43
2 8 26 35
3 15 31 46
1 49
11 38 44
3 4 46

35 40 46
31 34
24
7
0 31
6 9 28
48
0 39 43
5 6 26 31
19
15 47
24
1 20 22 39
38

22
33 45
31
7
8 14
3 18 43
7 39


34
19
6 24
27
28
2 15 20 45

13 15 24
16 23
15 28 35 49
1 14 37
30 49
9 19 40 44 48
2 4
25
39 43

39 42
13 44
29


43
13 16 20 42
5
20 29 42
8 16
21 45
12
23 28 30 33 36 40
19 20 23 28 31
40
14 31
35 42
10 28
0 15

28
26
22 26
24 39
10 12
4 35
4
2 39 46

8
21
7 32
0 27 40
45

39
17 29
43

14 19
12 15 39
48
39

36


13 39
6 18 22

1 47 49
46

2 21 33 38
13 30

4 13
41
33 46
34


20
14
3



34 45
36 42

0
18 29

25
45


0 3 30 44
44
0 22 49

47
23 24 26 27

47
49


15
13 43 47
16
12
42

35 46
42
0 18

2 30
20
3 14 21

13 15 25 42

18 43

42 48
20

21 24 48
3
6 8
3 9 40
28 40
30 37



34
9 10 49
1 9 43
4 9 21 33

16 47
33
13 24 30
20


3 17

17
31
19 45
21
36
5
0 13
18
14 21 22
16 47
40

6 33 34
12 27 28
2 13 19 40 43

7 26
15

9

9 23
5
1 5
40 46
24 27 32
34
16 41
25
28 49
14 22 40
5 39
37
9
7
2 12
22 43

0 8
27 35 48 49


6 35 39
28 44
13
39
29
26

1
3 48
17
22
26 42
41 42
6 9 27 29
2 37
41 45 46 49
18 19 42
1
38 46
39
13
3 24 31 45
4 37
2 7

12
0 22 25 40 43 45
14 24
6


4 10 44 45
39
0 5 38
0 39 43

49
40
40
34
2 39
46 49
35 47
3 38


0 29 35 39
9 21 41
47

7 38
13
16

14 28
13 40
8 39 42 48
8 23 34

6
42
22 35 41 46
19



36

14
35 45
10 36 42 47
31
3 16
11 13

28 39
2 10 21 30
31 35
4 10
0 21 32

39
41 45
22
3 17 26

24
3 28
33



48
6 45 46
32 42 45
0 15 20
38
8 11
1 41
0 26 49
0 16 28
16

5
39 40
44
6 15 23 24 28 33
41 44
27
5 31

1
23
6 18

36
27
1
33
15 42
1
25 27 42
9 47

8 18 37
6
22
23
25
3 35
36
8 22


27
21
37 39
5 10 14 24

24 32

45
28
2 3 21 42

27

25 37 40 48

10 18
0 30

14 26 27
0 30 37
0 1 10

2 22

1 18
36

11 34 43
28
26 27

21 28


30
15 21 41
38 49
41


21
25
45

48
41 43
5 12
20
11
3 45
27
2 31 33
0
24
10 28 30 48

7 12
3 5 17 32
18 24 26 28 38

9 15

9
2 45 49

44
27
48
8 10 45
35
16
13
6 12 28
36
28
14 37
5 13

6
16
22


10
10
16 21 26 38
31 35
35
29
11 18
26
7 46

0


2
17 39 42
7 25
23 49
29 49
13 32
39
15 37 41
37
17

20
47
40 42
19 28
12 14

12

3 13 42 44
0 49
26 27 35 43

5 44

2 43 44
37
10 13

46
27 44


22 36
3
4 16
7
0 3 7 8 30 31
8 24
14 34
12 16 35


39
14 16
0 6
4 45 49
9 25 43 46

13 34 35 43
30 45 48

29
47
6 46

41

14 42
14
4 13 29

34
35 39
2 30


14 16 21 24 31
5 18
5
36 41
27
0 30
13
23

4 13

7 10
4 43
16
20 42
20
6
0 1
2 9 46
0 11 42
21

22 36

22 31 33
35 39
8 37 41
24 30
7 46
28 35 43
26 36
16 47
15 16 26
17 22
24 26
48
2 32
30
41

14 20 25
0 45
5 15

22

9 31 40
20
21
4 24
27 39
16
7 20 27 32
32 37

3 47
35
32
29

15 22
27


12
22 30
18 23
17
12 49
38
17
36
10 31


7 15 20 22 44


48
25
3 34 41 46 49
1
0 10
47 48
46
11 35
26 34 41
3 20
25 33
25 31
1

35 47
34
38 48

42 43 45
42
3
31
20 41 43
3
20 24 30 38
11
18 30
28
2 23
17 35
16 18 26
10 49
25 43
13 19 21 25
45

14
27
32
38
10
3 35 40
25 27

13 18
25 41 49

34

13 26


27

31
11 14
20 42
0 29
15
30 43
10 29
16 46

39

7 40
6 19
32
30 40
16 20


3 26
30 46
49
16
15 31 32
46
46
26 37
18
6 9 11 49
4

11 17

23 40

33 45
12
28 40
4 25 29
38

1 10 30

13
19
46
3
21
18
21 30 48
27 41
7 16 17
8 25 29 42
41 48
14
24 38 44
44 48
7
8 14
8 26 37
35
20

3

5 10 32

16 21 28
40
37 42 48
4
11
37
7 14 28
41 47
15

8 12 43
30

6
16 17
1 18 46
5 17
4 29
43
6 8
10 39 45
17
48
14
5 31
33
10
23 24 42 43 45
21 38
40
6 17 30 47
26
9 31

10
17 47


30
1 45 49

5 20 41 47
12 24
23
26
21
15

2 12
7 23 31
30 40
14 27
8 45 47
26 48
1 10 18 45
22
31 37
22
46

0 2
14 40
37
10
1
13 31 40 48
18 37
35
2 14 20
43
47


29

31
41
49
29 47

36
9
9
24 28
15 20 29
39
27 49
3 14
4 7
34
1
0

27 41
19


16 35 38
5 10

13 39
3 4 48
0 32 43
1
4 43
25

9 25
16
1
18
7 31

17
11 47
9
16 22 48
33
40
0 14 46 48
23

21 27 33

40
0 19 25
16 35
2 34 37
4 11


0 16 31

3
22
11 41
28
7 8 23 46
16 39 43 45
15 28 37
30 31 43
29 37
1 19 21 39

38 39

29
26
44

0 14 38 45 47

2 4
15 19 20 29
1 26 47
18 39
24
2 29 38 44
35

37
40 47
10 15 19 26
35 39 41
15 38 48
6 8 22 30 42 47





19 32 44

1
31

1 27
25 41 44
9 10 25 26 27





23
20 38
7 37

25
32
47
43
1 2 41
28 49
6 47
45

6 9 43

34
0 49
0 23 43

26 30
3
8 16 48
6
48

13
8 20 39

7 15
27 46
21 27
34 35
10

23 42
18 42 43
37
12
26 46
14 25 31
28 31 35

22 24

34 42
47

1 14 27 30
18 27 30 32
2 41 46
6 24
6 25 48
29
24 40


8 41
2
21 27 31

1 16 17 42
11 37
39
17 42
37
3 25 33 45 48
3

23
43 49
3 38
12
18 29 45
7
7 13 46
5
1 25

2


7 27
9 10 37 47
0 7 13 17

3
36
4 31 38
17 34 35 36

7 48
11 21 25 37 40 49

25







40
21 35
33 39 40 49
2 25 35
8 18 22
8 22 39
18 27
1

48
22
21 41
27 41
18 30 33

10 47
3 24 43

9
3 5 22 28 38 47

11

6 10 18
35
6 21 37 39
28
47
12 31 35 39
12 41

33

40
24 41
42
6
34
39
4 28 33 41
12 19 38
5
27 32 39

42
15 38
42 48
25 38
20 32
24
26 32 35 36
43 47
29 38 40
14
1 13
10 17
32
19
6 15 44
17
19 25 27


22 34 38
25
6
4 8
49
17 30 34
24 48
41
30 38 49
7 8 18 19 23 47
0 40

27 34 45

19 45 47
27 30 48
25 47 49
16 26
6

15
37
38
11

14
11 21
4 10
25
6 42 46
15
45
3 11 16
15 23 31 47
2 19 21 49
8 24 40
19 31
39 48
0
2
12 33

12 14 27 47 49
2
6 12 38

12
31
34
12 14
47
15 30 41
0 15

30
40 45 46
4 32
48
46

12 20 33 38 39
22
3 11
23 36
5 16

7
18 36
37
47
34
15 31
14 49
39
15 32
0 6 18 34
3 8 33

5 11 46
48

1 4 14
18 46
13 28



2 48
32 42 44
8 21
46
8 15
46
8 19 30

12 32 37
4 10
4 23 47
21 28 30
15 44
5 12 42
4 22
27 33
18
11
20 45 47
9 18 31
16 37
43
13 16 26 31 39
6 21
7
2
7
17
27
42

7 9 32
5
17 41 48
9 35
13 45
19
7 14

17

27 32

1 19
4 7 46
0 16


19 40
26 44
19 29
2
1 39
38


20 27 49
10 44 45

30
20
5 26

2 19 20 25

2 33


5


29 36
22
4 45
11 43 45
5 9 11
7
12 16 44 46

0
1 35 45
49

36 46

0
44
2 9 13 23
31
0 47

24
28 47
7 16
27 36
5 23
11 28 32
10 42
3
36 46 48
33
7 13 46
37

8 29

4 13
2
32
24
21 30

37
49
0 25

0 3
14
24 29
16
11 26 31 41
13 31
3 7 9 18 25
39 46
9 11 29 37
14 22 26

29

20 23 38 41 46

18
24 45
4 34
14 48
40



15 23 24 37 47
8 19 21
4
18

8 25 39
9 11 38 42
5 20 26 41
17
40
5 17 24 45
20

18 37
3

32 34 49
11

41
5 28 43
19

18

2 40


1 26

10 24
5 32 44
29 40
22 28 37
7 26 33

3
26 38
25
32 48
0 6 47
8 38

10 13 41
13

11
32
4 30 34


6 32 36

7 37
18


26
41
7 46
27
10
28 36
2 3 20 22 23 33 38
19
5
28

49

6

48
16 49
6
2
10 35
8
0 20 26
10 29

15

2 18 22
16
43
37 47
28

6 38 49
16
34 45
25 27 34
17
28 36
25 27
5 15
46
7 8 19 34
33

26 31 48
29 33

11
44
11 31 42

3 17 21 25

12
2

16 32 43

7 8 49


11 34 45 49
33
6 48
44
14
1 7 12 44
22
26
6 12 33 47

19 22
1 11 49
17 34 38 45
32 47

14

16
7 36 41
18 40 43


24
9 17 36 41 46
5 27

45
18 21 31 36
4
13 16
32 33
38
3 11 15 31
23 40 49
9 23
14
21 29 36 39 45 49
9 42
1 27 35
6 26
24
19
26 35
43
1 44
7 30 47
10


19


13
32 37


17 24


5 25
44
0 23
10 14
17
38
26
22 47
16
6 43 49
22
1 7 20
20
35
20 43
5 47
29 41
7 8 12
32
39 45
31
20 23 33 41 45
33
2

23 44

15 25 38

7 18 31
18
10 45
36 42
47
0 31
8 44
32 38

0 26 43
23 28
10 33 42
13
23 38
32
4 25
16
25
35
6 42

17 38 41

22 35 39 49
11
47

34 36

6
12 19 28
40 42 49
42
29
0 36 45
43 46
13 45
0 11 40
32
2
36 44 47
8 29 45
19
20
49
48
11 43
31 41
47
3

15 37

0 41
5
47
10

8 18 30 36 38
7 12 30 44
16
31 46
4
16
36 42
16
45
11 24 26 47
28
38
10 32
46


29
34
40
23

41 43
28 41


11
2
2 9 49

7 42
18

2
39
7
18 47
5 10 34
11 22 31


4 6 47 49
8 46
35
4 11 12
7 36
24
13 20 23 27
16
40 43 46

8 29 37 45
2 9 45

29

18 20 30 47
30 46
23 25 49

27


24

45
5 48
15

16 40
1
36 49
47
1 21

12 38
13 27 38

13
14 40
2
47
12
8 39 44

0 48
48
26 49
6 37

22
17
8 12 17 25
27 44
8
2 28

24 29
42
1
25 43
10 17
37
17 21
24
12 38 39 43

21
31
12
47
21 44
3 4 21 29
40
8
14

0 14 26 38
0
46 47

17 34 35 49
7 41
7 36

30
12 20 49
17 38


0 15
14 15 38
12 49
29 48
3 34 41



5 27 30 42
14 38
19 42
32 37
9
7 12 19
3 13 31 48
4 31 35

0 9
5 13 14 37
28
27
23 40
11 14 41
4 14 40 41
2

11
5 26 40 43
26 42

3 30 36

44
11 34 38 43 48
8 23
3

0 38 46

39

7 32 47
18

2 10
15
28

31
9 43
18 39
46

0
7 12 35
9 14 16 45

0 22
19 25
2 15 33
14 30 38

5 18
32 49
10 11 28 47
27 31

8

22


39
24
48
12 47
32


28 36
8
12 49



6 48
36

9
10 38
41
3 30 41
19 20 46
11
0
0 41
0 42
3 40
9 23

2 7
6



8 45
12 15

22
21
25 26
9 30
41 44



4 41
21

7
17 26 34
21
6
6 23
23 25 36


12 25 29 46
5 34 49
28 30


34
1
36 46
12 24 26
14 24 38
21 30
21
22
8 17 46

35 49
8 46


7 11 47
17

2 18 45
20 21

10 13 27



14 24 40
9
10 30 44
5 42
47
20 41
4 25 41
5 8
21
8 13 34
34
5
1 31 49
38
24 31
36

42
32



6
6
14 23 28 44
1 28
8 16 37

28 48 49
20
47
17 40
27 29
27 36 40
30 41
12 14 15 20 40
2 19
26
4 22
30



12 18
34
16
12 15 30
7
4 40 45


40
39
25 37
19 30
32 46
32 36

44
21 31

1 30
29

1 16 20 34
5 27 44
24

38
23
12
0 46
12 35
1

38 46
31
18 33 36
36
2 49
17
37
35 47
18
5 25
8
42
0

14 24 49
37 49

44
34 42
46 48
34 46
21 27
7 13 32



6 25 27 36

22
2
31 34
11 21 45
45
9 32 39
3
23

12 36

9 31 45
25
0 5 11 12 24 25

7 38

13 33 36
22
5 16 27 42
4 13 29 44
42
9 32
1
20 41
25
17 18 28 38
22 30
17
20

35
24
30 34
24 33


19
28
5 42

26 46
15 33
31
24 26 33
16
8 11
39
24 31
33 41

14

31
27
25


0 47 49



1
34 45
16 48
5 12 48
16
3
11 29 37
4 27

26
10 11 33
3 7
3 17
24 39
33 45
19 25 34
27 45
4 10 17
13
4 21 31
11 32 43
21 32 33

17
38
0
3 45
3
4 17
24 36 48

33


15 37
14
42
16

5
5 12
33
18 23

25
19 25

26 30
38 46

19

26
0 6 22 37
4 40
11
11
9
37 49
2
6 24 26
0 1 2
0 48
7 13 22
21
40
6
19 23 25 29
9 14 23
17
38 43
10 13 28
44
4
1 12 27 46
20 24 34
5 23 28
9


4 40
3 25
34
0
32
16 35
5

6
18 20
8 31
7 28 35
16 28
10 23

12
41
43
33
39 41
31
39 45
28 39 49
47
18 21

25 49

17 24 31


5
42
31
6 15
6
21



11 35
28
41 43 46 48
19 28
13

12
11
30 40
3 14 18

17 20 21
14 28
6
4 11 13 20 30

44 47
3 10 16 31
0 8
41
39
10 25 29 44
2 4 22 49
23
33
17 24
27
21
40 41

29 36 45
11 13 45 49

19
45

34 44

6 25 40
39 44
11 42
21 23
17 19
3 12
0 16
36 38
48

2 22 32
6 30
7 37
13
5 45
17 21 42
25 35
25 36 45
9 15 18 49
8 17 42
42
13 16
1 16
49
25
5 9 23 29

42
21
10 23
1
33
49
35
37
16

19 23 46
25 35
49



0 8

3 39
18 23 45
11
26

27 31
43



15
6
13 48
5 11
11 16 19 27
18 28 33
7
1
37 44 47
3 35
37 38
3
11
1 2 24
35 42

3 4 48
39
49
5
15 32

19
37 48
42
1 16
13
8 23 29
0
1 15 43
18
4 13 14 17
24
19
40
3
48



49
35 40
22 31

6 7
16
12 25 34
27 43
2 18
24
19
7 12
49


0 12 15 30 44

18 24 31
19
10 40
5 46
6
17 24 38 48
7 16 17 25
13 22
3 36


17
10 16

3
34
22 31 33 37

2 19 22 29 32
6

30
2

19 43 49
39 41
3 7 15
17 20

25
32
36 39
22 25 30 34
28
26
23 34

22 40
43
10 16
3 15
24

28 44
0 9
24
46
10 19
6 29 31

24 31
48
3 13 15 42
7 34


11
46
28

18 35
1 18 20

33
21 32

9 26 33
29 41
8 13
3 41
36
32


6 36 39

26
18
4 31
2 17 30
26
33
2 5 6 17 19 44
18 35 41
45
41
44
5 13 33
8

33
34
6 47
1 6
23
40
17
30 31
25
15
40
36
18
15
0 24
31

48
25
7 18 43


18
5 11
37
29
0 9 12 38 42

1 4 13 24
24
12 17
1 10
41
9

3 4 40
20 35
10 37




16
17 35 41
3 12 37
2 44
6 24 48
36 40
3 31
8
43


24 43 45

10 48
8 26 33 49

23
11 48
22 27 42
39


10 24
28 33
7 44
10
13 20 37
32
28



10
3 26
37 41

23
11 35
26 28
1 20
45


36
41
4

16

0
34 45
7 15 24 48
31 42


24
5 48
42

23 24
17
30 45
29 43
21 36
40

49
22 25 28 37
11 26 27 32 37
16
8
40


14 28 41
4
17


2 36
42

17 18 38
20 24
16
24 41
11

17 35

13
16 22 32
15 48
2 15 38
21

14 22 33
17 27
6 38


11 18 36
4

13
31
5 47


43
27
15
48
38

47
13 27
34 46 49
3 7 24
10 46

13 15
31
36 38
19 25 30
19 23

28 40
16 35 38 43
36
13 22
0 5 21 29
0
26
10 11
5 23
41
8 43
45
44
0 16 25 28
3 7
34 38 42
21
7 20
7 37 49
40
5
1 11
41 45
35

3
3
2 40 43 48
10 27 32 47
6
21

16 40
24

34


4 25

13 28
2 17
7
20 48
1 4 7

30 46 49
19 49
34 36
31
8
32 47
20 39
20 38
30
9 27
0 2 21
5 10
35
45

11
13 38
5 28

14 36 39
49
36 42

42
34
35
6 10 17 22

4 6 24 31

34
22 36 41 42
38
14 20 44
7 38
3 12 36
29 46

5 15
8 13 21 30 49
1 9 10 11

5 23 33

46
8 39


23
12
2
1 23 28
16 36
15 41
1
7 29
28 42
3 27 48

14
5 43

16 18
28
7 14 44
29 32

32
38 40
48
10 35
34
31 37
27



21 32 35
19 36
49

20
19 20 22
32
1 4 6 28 29
4 15 20
39
47
34



36
32
20
32
2
26 37
12 24 36
6 40
44
18 32
5 8
22
26 39

11 37
17 36 41
37
47
0 5 39
17 18 24 32 48
1
46
19

13
21 29
14 37
35 44
21 34
19 35
31
5 28 29

25

20
10 21
12 49
35
19
7
30 35
30
11
2 23 38
6
41
24 43
0
1 13
6 18 48
34
9 39
1
8 11


13 14
15 37 38
20 44
5 42

12 38
1
0 31 36 49
6 46
12
14

27
28
26 27
35 47
49
6
31
6 42
31 48
48
3 8 9 25 27
16
15 20
5 12 42


11 24 31
33
31 36
0 18 19 24

2
47
19 29
27
19 48
22 28
32

30
7 17 38 45
9 10
25
16 21


10 31 35

8 22 41
8
16
9 13

10
14 35
18 31 38
13 25 32
1 29

23 31 49
34
17 32
9 21 38 42
26 37
22
10
13 31
22 25 26
28 38 41
30 42
25
35
10 19
27
5 14 46 48
3 33
28
21 33 48
41
11 17 24
7 45 47
17 19 39
26 36
4 11 34

2 27
9
7
34
19 36 38
19 33 46
12 16
29 41 48
10
18 27 48
42

36


21
9 37 47
1 41 42
18 22 32 48
28
11 24

11
33
10


49
14 21 43
9 35
13 31
9 45
1
30

0 10 17 41

7 19 21 28 42 47
6 19 25
44
10 33
49
11 12 22

26
19 38
20
4 15 22 37
8 27
20 46
34 43
45

5 47
7 15 20
12
16
13
38 49
10 48
34
17 42
11 35


6 7 36

1 43 48
25
4 46
0 15 27
5
14

9 23

10 25 46
26
32
4 44
2
1 38

12 14
31
22 32 48
11 27
4 18
18 49
27 38
10 17 28 30
4 29 46
37 44
38
19 37
10 23
17 28 31
20 30 42
4 10 33 34 46
29

32 39
49

9
11 35
9 42
8
5 17 28 29
46 48
43
4 10 14 21 22 24 40
42 48
27 35
12
6 19 27
10 25
29
14 37 49
40
20 31
49
28 46 48
15

9 17 45
18 49
16
23 28 45
12 25
1
1 20


15 32

6
14 23
12 24 30 48
44
16

2 3 44

2 6 13 29
0 14 40

7 14 18 27 28
5 33 37
26 29 30 47
15 33
4 17
5 12
24
0

24

18 20 34 40

0 1 16 28
20
28
19 45
15
6

6
12 23 38
2 5 22 36
0 13
25 33
2

31 47
2 13 20
24
29
31

2 42
10 41
6 35
17 37 40 43 44
4 19 24

20
14 30
41
2
8 9 19 27 39
15 44
9 12 28 41
14 26 32 38


16 23 37 45
21
20 22 30 39
37
2 14
18 38
27 47
41
5 41

42
48
24

24 30 42
9 15 26 27
33
19 32 33
5 8 33
32
36

25 30 39 40
4 14
18 44

25
18 36
35
9 28
20

27 28 30 31
3
3

39

12 17 26 43

46
48 49
0
11 23 46
29 35
8
1 29
35 45
13


9 43
43 48
24
45
42
37 47
49


31


11 48
28 35 43 48
21 36 44
10
19 35

48


2 15 22
2 44


24 39 40
19 42
5

23
6 13 23 37 47
7 45

9 12 16 25 47
3 26
36
37 47


20
35
2
31 38

10 20 22
16 24 37 44
14 30 38
0

29 35
12 30 41
12
15 37
4 18 22 33
8 40

14 31
28
3
2
7
26
2 31 46
12
24
33

13 45
36
6
42

38
19
0 17
13 28 37 39
0

12
30


13
48
34
22
40

22
0 6 32 41
28
14 46

9 24
5 10
19 23 29 33
7
4
24
10 45
25 32 39
29
13

21

0 10 33
34 43
9 16 27
10 18

9 17 22

2 37
1 40
21

18
26
12 47
25 43
0 15
0 21 30 37 48
42
25 38
14 39 42
16 21
1 26 32

18
10 41


5
10
6 44
17
11 24 38 41
1 47
3 32 36

3 29 40
19 44
1 8 12 34 48
3 31
8
30
7 44 47

5 23


28 34
4 39
8
27 47

11

7
33

45
23 46
13
9
42


26 28 30
8 29

9 18 22 23
11
6 23
43
6 24
9 39
35 41
36
32 36
17 49
7 25 41
21

1 41
46
13 17 22
29 32 36 39

19
2
40 45
7 14 19
13 14 18 23 27
13 14 21 48
7 31
18 26 35


11 47
4 10 44
4 43
10 45

28
3
24 33
41 48
10 11 18 31
16
9 11 24
4
18 43

34
44
22 37
28
5
2 6 17
13 19

29
5 33 41
49
8 11 12 26 33
11 23
28
19
28
1 33
11 48
9 23 47
4 6 21 42 44
0 6 18 19

8 38


25 32 34
43

8 10 33
40 49
48
4 15 23 39
1 36
30
16

9 11 21


4 13 14 41 48
8 44
29 34
10 21 25
42
7 42
20
28
8 37
11 43
8
21
45
13
13 29
37 48
4 44
42
15 41 48
9 22 37 47

22

36 47
29
22

18 44
5 18 38 46
25 26 35
36 47
4
12 22 26
4 26 34
34 47
13
22
10
30

15 38
30
49
13
41
16 40
14 25 37 42
0 25
5
1 4 20
45
18
13 40
20 35 41


30 43
15
13 33

5
4

42
1
5 38

7 25 31 37 39 44
7 35
8 15 28 38
26
30
13 38
1
6
40
14 31 35 40


26 28

9

20

15
8 22 34
27 48
35
45
2 28 35
24 41
47 49
26
25
9 25

9
12 16 41
5 49

35 41
38 42
33 41 48
42 47 49
6 8 15 17
37

38 45

11 31 49
0 5 11 35
6

48
18 43
12
6 34
6 29 35 45
8 14

44
18 21 45
32 42
18 24 36 38
25 41
33


16
14 49
38
25 38
9

2 13 37 47
0 19 35
11 17
26 32
16 26 44
46
1 5 10
28


29 33 35
23
16 17 44
6 7 49
33
34
6 15
3 38
20

1 16 38

2 15 45
43
5 32



6 26 44
3 48
9 23 24


34
27 34 40 41
24 31
12
26 27 33
31 48

13 29 32 40
8 22


7
19
4
25 33
23
43

12 33
27

0
24
19 23 31
10 41
21
6 12
14 26
1 14 23
0



22 23
21

18 47
11 20 25
23
14 49
37
1 13 19 38
42

1 12
6 30 46
25 43
28

46
3 20 21 39
26
41


17 33
0 21 44

35
34
5 8
6 20 22 32
13
33 36 41
18
14 22

18 43
11 14
4 19 23
3
15 18 31
40 47 49
1
10

33


6 11 19 31 45 49
2
49
0 1
14 48
17 31 35

15

5 47

23 41

26
38 43
35
16
6 26
21
13 27
38 43 48

38 45
17 28
4 37
19 32
40

36 40

9
30

1 2
25 31
3 22 23 30 46
22
6 9 13
4 34

2 5 9 12
1 38
11
16
1 41
4 24 33
10
7 25
32

4 11

23 25
29
14 17 49
12 19 26 27 44

26 39
31 39
48
5 8 12 39


6 31 35
42 44
1 20
26
7 10 14 19 25
44
7 33



37 44
35
46
28

14 19 20 28
9 18
44
3 34 48 49
14 46

6 33

18
17
6
45 49
5 15 23
35 43
34

2

0
16

31

6 36 46
24 33

1 19
19 34
17 44
15 37
25
15
10
0 42 49
16

8

5 26

41
9 11 17 24 28
9 12 16 30
18 31
18

29

2 29 48
18 30 45



35
1 4 26 32 34 42
34
44
30 36

2 31 48
30 35
12 16
8 12
5 24
43

20
40
32
9 48
3

16 28 35 49
11 41

37
10 36
0 39
13 30
8 23 42
8
37 45

41
30 34
49
7
20
29
10
3

27
38
14 22 38
23 42
14


24 39 41
4

5 22 38
24 38 40 47
8
11 23 33


42
17
5 27

17 20
7 11 20

8
10 37
34 45
15 22
32 47

4
28 35

26 41

8 30
11 32
25
1 17 22
19 39
7 13 31
6 37 41
2 13
6
35 41 43

35
19 33
5

6 33
6

29
3 37
29 43
7

19 23 39 46
43
3 29
17 28
6 11 18
36
35
8 37
16 17 25 28

10
22 35 47

11 36
19
3 11 15 32
10 20

30

19 21
12
10 17 22
16 29 40 45



15 25
37
1
24

12
3
11 40


6 16
9 17
3 38 46 48
18 32
3 47
17 31

23 44
33 44
4 8 19 27 32
35
16 21
20 41 44
49
44

2

36 49
20
2
6 11 22 24

38 43 46
35 40
23
7 25 41
4 12

32 45
18 28 35
5
3 13 19
8 39 40
18
34
25
11 41
17

2 20
30
2 14 24
38
11 17
12 36


12 14
39

18 33
35

28
5 35
31
19 22

40
0 39 48
13 22 25 44

0 10 44 45
0

4 28 46



9
18 25
6
26 29 46
15

23 43 49
13

22
15
7 9 34
36
12 21 38 42
18 48
8 27
25 39
4 12 20 22 26

39 45
45
11 25
2 45

9 28 40 47
24
16

46
36 42
2 27 28
16 44
20
5
18 22 37
24
25 35
15 21 26
44
25 30 35
15
5 25 35
41
15 18
7 25 35
18 45 49
22 25 35

6 15 25 35 45 46
7 22

14 21
45
7
0 11


21
13
25 35
45

42
0 39
23 35
5 41
25 35 39 44
0 12 16 25 35


5 25 26 35

20 32
6 7 23 39
26 44
19 21
12 33

34 48


27
0 17 21 38
0 1 25 35

45
4 25 35

14
3 14 15 25 27 35 40 41
5 14 25 35
14 44
10 21 47
40
32
26 37
2 25 35 37

3 36 46
18
24 36
22 23 47
10
29
16 25 35


22
15 34
31 32
0 21 31
3 5 24 35 40
25 38
23 25 29 35
4 7

3 18
31
31

43
8 9 18 25 26 35 47
30
13 23
25 35 39
25 35 46
26
9 25 35 41 43 49

20 26
15
8
13 29
25 39

38

9 19

18 25 35
24
7
5 15 48
3 8 49
5 37 40 41
1 31 45 49
28
15 40
46

6 9 24 27
26 31 49
0 9 18 25 32 35
6
39
32
2 13

20
25 29 30 35
22 25 35
34
2
7

10 11 29
14 29 31
15 16 20 25 35
0 22 25 35 43
2
33
12 28 44 47

6 12 24
2
11 25 27 35 46

25 35 39
7
8 26 33 45
47 48
5 20 25 35
25 30 35
5 34 48
6
22 33 37
14
12

7 20 21 25 35 49
1 8 32 44
14 24 37


23 25 35
25 35 38
17 19 44
13 25 29 35
18 33

6 29 44
3
8 12
1 9 15 30 42
8
10 36
48
4 7
1 34 45
5 21 34 47
48

14 25 35 36
13 15 44

7 19 24 27
25 35
31 41
9 10
7 24 34

2 3 22
22 25 35 43
48
30 43 47
8 28

5
8 31
39
16 44
45 47
25 27 44

12 35

42 48
4 19
2 3 32 46
29 49
43
36 44
3
8 9
21 41
25 35
7 25 35

18 21
3 25 35
7 14 17


19 31 42
4 10 42
28
11
9 21




0 25 40 48
4 45
25 28 35


10 43
15 25 31 35
25 30 35

16

28 29 48
1 16 30
12
7 31 34
25 35


25 28 35 48
9 25 35
8 37

16 27

5 39


0 12 33
16
40
29
0 30 33 34
22 42
0
21 40 49
4 28

20 30
9 13 33
33
3
5 13 25 35
22 25
25 35
19 34 49
28 34 37 40
25 45
4 25 26 35 40
24 28
1 25 35
38
12 20
1 14 25 35
22 33
40
5 13 39 44

47


38 40
1
47
36 39 49
6 25 35 42
25 34 35
1 8 22
21 35
30 32


11
5 17 22
4 47
46
3 11 28
3 33 38
0 21

35
27
25 32 35
35 45 47 49

6 29 49
9 25 35 38 40 47
25 35
2 39
11
20

2 25 35
25 35 37 46

6 12 16
25 35 48
38
4 13
10 13 22 46
12
33
36

5 28 38
11
25 29 35 42 49
42

4 31 35
4 27
9 17 48
29
9
28 38
15
11
33
15 30 43

4 28 29
3 6 34 39

25 35
37 40 43
0 34
29
0 8 45
25 35
37
25 35 41
7 12 41

29
8

38
7
8 25 35 44
21 25 35 36 43


4 35 43 49
46
21 41
2 19 26 49
2 10 14 25 33 35
2 23 25 35 42 46
25
17 25 35 37
25 29 35
37

21 25
14 38
11 13 25 35
0 21 47
26
8
3 8


21 46
34 36
11 43
23 31
18 19 22
47 49


5
47
6 17
2 13 40
26
7 13 21 40
29 31
36 38
22 25 35 49
25 35 44 46
42
8 14 25 35 47
14 26
36 45
29

7
39
25 35 37 41 49
11 26
9 16 20 34 35

49
41 46
45
19
42
41
35
19
2 9 25 35 40
15

17 23
1 18 35
0 16
29 39
22
7 15 25 35 37
15 25 35 43
12 22 31 33
6 28 33
20 22
23 25 27 35

3

2 14

0 5

33



34
1 9 25 35
3
24 25 35

25 34 35
15 17 39 49

30 31
9 16 17 25 27 35 36
11
46
37 47
32
5 6
25 35 43
31
14 19 26 35
8


10 40
35 36
25 35
2 25 35 42 44
11 49
1 20
15 17 20
15
34

9 32 45
25 35 39
36 40 42

48
25 35 36

25 35
14 24 25 35 39
4 30
18
16 27
19 21 25 35 45 47
8 17 47 48

19

25 34 35 46

1
44

25
1 25 35
15 20 41

38
25 35 47
28
28 37
8

7
43 46
15 47
9
39
35
27 37 48
6 15
40
17 42
45 47
25 35
11 13 16
27
13 20 47

2 6
17 36
7
12
9 27 30 32
25 35 39
13
11 46 47
34 40
42
25 35 46
23 25 44

6 8 24 25 27 35
36

7 36 48
21
25 35 47
25 35
27


36
47
30
12 23 39
40
40
9 10 25 35 37
15 18
9 29 32
47 48
21 46
39
25 35 48
17
25 35


14 35
2 19 27
25 31 35
40
25 35
17 37
8 38
33
22 23 42
10 31

25 35 39

19
12 34

25 35 40
14
25 35
7
3
10
0 42
27 31
25 35
3
42 49
7 35
35
21
6 21 29 40
13 48
15
25 35

16 39 44


25 35 47
9 14
0
0 10 11 38
1 20
11

20 35
9 29

3 12

28
35

17 22
3 14 46 47
3
24 30
6
5 22
18

16 27
25 35

36
49
47 48
11 25 35

25 37
3
6 32
47 48
37 44
6 25 29 35 37
0 19 27

14 17 25 35
20 25 35
15 21 33 45
7 23 33
29 31

3 13 39
16
25 35 42
25 35 36

3 25 35
5 23 47
8 35 40

4 25 35
25 35 41 46
4 7

12
0 47
1 33
7
35 39
11
37 44
6 13 20 44
17 25 35 40
47
17 18
11
10 14

16 25 31 32
15 25 35
16 34
35
12 15
3 6 13 21 25 35 43
8
10 28
4
31 35
12 25 26 35 38

9
25 35 46
40
15 28
6 27
4 23 24 42
42
14

30 40
39 41
26
14
26

7 37 43
15 32 45


3 36
18
44
25 27 35
2 22
8 30

7



45
0 25 35
7 29
45

11 25 32 33 35
25 35
19
25 35
25 35
16 46
33 39
9 46
36 41
20 25 35
11 36 41 45
32 33
17


25 35 47
1 33 47

20 25 35
10 44
33 45
7
10 28 37 48

7 20
18 39 45
25 35 40
35
26
28

9 21 35
1 9 47
22 25 35 45
5 9
0 7
13 40 48
6 15 37
3 49
8
13 19
1 40
0
7
10 43
15
7
14 32
39 45
11 23 28 47

18 29
4 42
40
19

29 36

14 19 34
8 17 38
26
31 38
0 25 35
31 38
25 35
5 12 22
41
13 23
20 25 35 38
31 48
26 47


14 31
5 23 25 35 40
30 41
8 14 22 24
18
25 35
18 49
0 38
7 25 35 36
30 32 47 49
48
1 43
29

2 48
6 19 47
11 28 44
19 23
48

9 25 35


37 40
13

11 14 45 49
25 28 35

37 42
25 35
2 9 25 35
25 35

17


8 9
41
10 11 18 26
39
7 15 25 35
25 35
27 29 35
14
3
17
1 19


19 25 35 48

20 25 35 48 49
16 25 35

30 32 46
3 25 35
25 35 36 42
1 18
21
23 25 28 35 47
18 25 35
14
43
13 30

2 25 35

29 35
24
25 33 35
38
25 35
22 25 35
25 35 37
24 25 35
40
21 23
4 16 21
25 35
1
27 41
4 44 49
9 32 37
17 25 35
1
4 40
0 13
49
42
26
5 47
6 13
38
15

41
21
30
2
25
27
1 25 35
31
25 35 48
17
47
4

2 6 11 34
44
28 38
22 25 29 35
26 45
33 38
29 37
25 35
22 25 35
7 22 26 43
7
13 17
8 9 30 32 44
1 43 44
12 13
9 18 25 35
7
18

24 25
2 13 45
11
41
10 25
36 39 40

20 24 26 47
12
30 42
26 44

4 40
17 33

31 48

4
25 27 30 35
40
29
14 16 30
24 34
18 25 28 35
29 45


27
25 35
25 35 42
4
27
13 20 25 32 35
20 31 34
18 38

5 8
2 20 38
2 28
6 14 33 38
5 25 35 36

25 35
11 22

23
15
5

18 25 35 47
15
25 35
4
0 18 32


28
36
14 25 35
3 4
2
1 15 22 23
32

8 22 25 33 35 41
45
24 29 36

25 41
4 39
25 35
7 28
25
4 28
10 27
15 30 40
8 25 35
25 35
3 13 15 25 35 46
12 25 35
21 26
6 25 35
15 17 44
20 35
13 15 26 29 36
23
21 25
42
34 36
15 25 30 35
14 15 26
4 40
25 30 35

13
8 19 31
6 27 28

21 26
12 38
8 40 43
48 49
14
11
48
25 35
11 12 16 43

13 35
2
49
23

25 35
13 36
25 35
1 8 32
15 16 39 49
22
27
25 35
38 45
23 26 37
25 31 35
10 14 19 45

1 13
34 44
20
25 35

11 14 31

10 27 45
9 45
2 22
38
20

31 40
6 25 34 35

34
6 28
25 35
17 35
29
35 40
2 11
20 25 35
46
25 35 38 48
19 25 35
31
4 20
25 35 41
25 35 37
2 25 29 35
9 24
13
12

13 24
14

7 8 17 45
25 35

1 10
13 25 35
33
0 25 28 35
15 30
12
13 34
35 36
1 25 41

18 48
9 45
7 17 22 36
1
0 19 46
9 45 48
14 25 35
0
48
25 35
13 30
45
36
5 18 23
5 9
3 8 12
21
4 43
25 35 40 45

25 35

41
11
2
27 48
7
2 7 44

5 37 41 47
10 19 28 31 46
2
43
34
30 45
10 34 44
5

7 36 42
48
25 35 39
5 7
17 25 35
19 20

5 25
19

27
3
12
27 32 48 49

45
42
9 33 49
25 32 35
25 35
9 27 38
25 35
23
21 30

19 36
24 44 49
3
39

2 39 43

17
25 27 35 49
39
16 25 35
49

5 6 25 35
33
17 20 32
24 33 45
8 24 26
44

6 33 34
36 47
28 31

11 25 28 35
16 22 35
13 29 43
0 12
9 25 29 35
10 35

2 25 27 29 35 41

44
7
6

24
16
18
7 24 26
25 35
16 18 25 35
2 46
39
8 14 25 35 36
32 44
42

24
9 30
36
18

5 16
0
49
3
36
25 35


9 22
46
49
30
4 27
25 26 35 44
8 9 17 36 48
25 34 35 44
0 16
45
25 35

8


25 35
25 35 39

33 40
6 24 25 35
39

7 38
26
8

25 35
33 41
15
32
17 35
25 35
4 9 29
14 25 35 43
25 35
23 25 26 35 39 40
31
1
9 28
5 12
14
25 29 35
23 25 26 35
2 25 35
25 29 35 43
16 25

36
10 20


38
26 32 36
25 35

49
17
14 19 20

4





4 43
5 16 28
43
47
19
5

21 43
3 21
22 25
6 36
1
15
12 41
6 29 37
29 44
19
23 24

4 25 35 39
17 21 25 35
5 20
12 26

2 10 42
13 17 21 25 26 49


25 35
1
25 35
44

11 25 27 32 35


27 47
12 20 25

8 20
18 22 44
8 25 35
11 13 25 35 37
24 25 46
13 37


1
20 22 49
22 49
40
19 25 35
34 45

1 4 11
1
45
12 22
1 22
1
48
4 6 16 19 30 40
6 25 34
8 15 49

2 16 47
11 29 30 48
49

18 34
12 23 48
2 34
20 28 46 47
4 25 35 36
8 10 11 48
32 45 49
29
25 35 36
10 23 25 35

25 35
12 36
22 27
27

25 35


1
25 29 35 46
23 28 41
16 36
37 45
16 22 31
23 30


0 25 35 40
2 7 15 36

8 10 26 40
32 44 48
25 35 48
25 35 43

36
25 35 39
31
12 21
2 11 26
46

12 30

6
3 25 32 35 41
0 26
22
3 22 25 29 35
25 35
6 22 25 35 36


3 22
24 42 44
25 35 47
6 11
34 38

2 23 25 35
8
25 35 42
25 30 35 41

25 35
10

27 35 43
30
9 15
9
16 33
22
25 35
5 11
33
32
11 43
28

25 35
12

20
1 16 21

11 21 24 25 35 40 41
25 35 38 41 49

5 40
22
9 26
5 25
8 25 35

12
8
35
1 10 15 25 35
23
28 42
39
19 29
4 31
25 30 33 35 38 42
7 15 32


12
12 25 35
25 35 38
29 33
1
38
34
5 7
24 26



27
49
35 47
8 16 25 35 48

17 44
6 29 46
44
8 10
0
25 35
10 13 19
8 37 45
12 25 35 36

5
33
28 34
3 8 14
5 10
45

25 35
25 35
9 25 35 37
16
27
37

24
5
9
9 11 25 33 35
25 35 36 38

3 25 31 35
24
4 12 34
1 20
3 4 42
8
33
3 25 35


18 40
2 4 8 16
15
8 21
28


36


6 25 35

25 28 35 41
29
9
7 25




25 35
33
4 8 21 37
3 18 25 35
5 25 35
18 31 47
25 31
20 36


25 35
25 35
25 35 36
4 13 37
28
44
47 48
7 43
2
6 17 35 49
3
10 11 48
3 11
25 26 35
8 28 41
25 35


32
0 1 10 15 35

14 21 40
3
1 11 45
21 33 49
3 11 17
35
31 33

28
9 24 46
10 28
34
49
32

4 20


25 35 42
13 19
25 27 35
48
19 48

17 27

13 40 48
5
25 35 43
26 47
20
16 18 21 24
29
0 46

25 35
48


48

2 25 35 39 49
0

20
12
25 35

3
24 34 41

43
29 31 32 38
25 35
19 31 33

25 35
4

17
3 46
35
12 31 37

2 10 25 27 35 43
32
10
17
8 25 30 35 45
34 48
25 31 35 47

19 20
32
9 17
14

26
12 20
3 9 19 48
7
34 44 49
16 17 25 35
29 48

38
33
23 34

25 35
25 35

10 48
35
17 25 30
25 35
19 25 40
0 6 49
25 35 40
17 23

25 28 35
10 25 35
21

31
17 35
20 48
0 30
10 45

17
7 45
29
5 6 14
36
5


1 25 35 41
15 18 25 35 39

7 16 17 48
12 21 38
25 35
26 31 39
20 34
7 24



28
20 40
6 39
3
26
48
28 49

2
38 41 45
2 4 6 17 34 42
15 30
22 23 34 41
5 41
2


6
11 32 48



11 48
25 35
9 25 29 35
25 35

25 35
25 35 49
41 44 49
16 45
40
1 8 25 27 35
25 35 40
25 35
45

8 40
10 47
4
28 30 32 45

0 7 14 17
47
7 27
25 35
9 20 28 33
9
18 44
15 25 35 39 42
11
31 48
8


35
21 45
49
12 28 29 46
33
30
10
20 25 35
43 45
25 34 35 43

14 30 39
21 22 35 39
17 25 35
2 29
7 8 25 35
6
25 35 45
29
24

20
11

7 27 35

20 22
27
22 25 34 35
1 42
0 36

37

13 28
0 8 20
2 11 20

5
2 20 42 47
22 25 35 36
25 35
41
25 35
25 32 46
43 47
40

25 26 35 47

19
23 26
9
22 25 35
49
38
4 25

2 29 47
2 28
25 42
1
14 19 37
36
24 25 35 47 49

25 35 40
13 20

14 28
10
9 11 35 36
25
15
12 36
12 22 42 44
13 22 27
12 36 38
36 49
28
8 29 31
23
39
2
22
38 47
6
13


7 14 41
1 8 17 20 25 35
1 28

8
10 19 31 38
14 25 34



3 23 34

6 17
7 12 22

12
39 43
10 32

25 31 35 49
39
7 41

11
0 36
6 14


23 25 29 35 37


37 41 47


2 4 42

1 2 12
14 27

19 21
4
25 34 35
15 36
42 46
8
30
3



12 49
5 27
2
29
32
10 15 23 33

46
13
14 15 35 44
9 25 35 45
25 27 35
34
25 30 35 48
16 49
10 24 47
3 38

9 26 39
36
27 28 41
37

49
39
5 14 31 34 36
36
25 35
6 7 14 25 35 39 42
3 36
18
20
3 25 35
18 20 25
2 31 44
37 49
25 35
25 35
31 35 38
2

38 45
12 36
36 41 47
48
0
7 25 35
44

3
27 49

27 48
10 15
32
6 21 24
5 19
18 31 34
5
14

10 29 35 41
37
6 14 16
14 15
26 32
5 42
25 35 38
31
3 5 19 35
25 35


20 21 26 28 45
5 29

25 35

23 43
7 15 22
13 25 35 37
7 23 25 33 35 39
7 25 33 35 41
5
24
38
38
25 35
6
27 33
1 8
7 34 40
7
3 22 36
24 34 40

0 25 35
20
18 41
33 44
17 43
2 6 43
24 25 35

34
25 35
22

18 30
4 24

33
0 5
38

9 18 20 32
16 34 40 43 49

12 20 45 46
19 22 25 35
25 30 34 35
6 10 25 35

11 25 35
40
1 25 30 35
13 28
4 42
21
2 17 23 24 46

13 43 44
5 11 39
7
21 25 35

25 35 41
47
14 48


1 15 25 35

25 35
24
14 49
9 18 33 40
25 35
5 25 35 46
7 24 41
25 35 38
5 41
25 35 46
25 35 44

8 19 24 25 35
10 14 25 27 35

11

5 19 25 35 41

16 30
44
4 45 46
25
27 31

19 43 44
25 34 35
19
20 25 35 47
48
7
10

32 45
21 41
11 24 25 28 35


4 49
18
14 23 43

2 8
23 41

25 35
12 16 25 35 39 44

12 23 25 35
38
18
11 13 38
30 42 47
18 42 43
6
37 49
25 35

5 13 39
25 31 35 48
13 18 25 35
42
25 35
8
33
25 34
25 33 34 35 47
23 25 35

25 35
4 10 25 35
0 12 46
47
25 44
2 8 30 47
34
15 27 48
29

10
25 35 48
8 44
35
1 11 25 35 48
27
3 15 35
39
23


18

24 45
8 48
25 35
24 34
44
2 25 29 35 36 46
2 24 40
46
2

11 22 47
1 49
32 35 37
11
8 25 47
5 6 17
18 25 35 39
4 20 27 31
34
25 35
41 42
42
24 31
26 38
1 23 34 37 38

5
30 42
0
28
4
1 14
13 45
15 38
19
31
48

38 46
2 9 18 26 29 36
25 35
25 30 35 41 46
10 11 22

14
29 38
10 25 35 38
8 25 35
3 12 29
36

13 20 25 35
14

7 25
6 12 13 17
5 34
14 15
25 35 41
27

1 12
25 35
41 45 46
1 9 25 35 47
11 15 25 35
25 35

8 32 47
21

20 45


25
13 29
8 13 17 27 49

32 44
24 27
8 45
10 25 35
22
33

12 46
37
36
8 39
7 25 27 35
40
27 43 46
25 35
3 35
7 25 35

40

6
38 44
10
13 43
21 25 35
1 18 39
41
5 33
14 25 35
13 21 48
25 26 35

7 46

19
29 39 49
20
13
9
1
7 18
7 25 33 35
25 35
25 33 35 38
38
44
21 23
18 20 25 35 40
18 25 35
10 40
38
35 47
7 11 16 36 42 45
2 43
4 25 31 35
3 16 34 45
37
4 25
17 25 34 35
14 39
20 32 47
24 27
6 31 37
49
34
20
25 35
42
43
2 13
28
2 6

20
10
25 31
0 13 46
25 35 40
8 35 39
4
2 11 30 42
31
14
41
31 42
45

10 23
9 26 35 44

10 25 35

19
25 35
20
11 32 34
2 20 30
25 35 46
9 21 35
23 49
17 24
43
26
0 2 16 20
31 41
17
33
22
48

42
2
24 25 35 36 37
35
37
7 25 35 39
15

31

0 17
38

13 49

12 28
13
5 6
15
8 25 33 35
49
31
14 46
3 9

35 47
33 39 40
32
21 40 49
21 28 41

7 22 34
1 31
8 14 15 25 26 35
6 34

20
25 28 43
22 29

23 25 41
8 13 15
0
12
19
13 19
2
2
32
16 17
2 9 12 44
11
39 40 46
22 31


39
3 11 45
4 26
23 33

5 25 33 35
19 24 25 35 46 47
9 14 18
15 25 35 43
26 36

5 6 25 35
25 35
18 25 35 36
18
3 9

10 15 24 28

9 25 32 35 39 46
8 47
41 45
29 40
25 35

7 25 35
20 25 35 41

25 30 35
29 42 47 48 49

18 24

28 41
9 25 35
28 32 39
34 39
7
22 25 34 35
0 24 25 35 41
27 34
6 25 31 35
14


25 35 43
47
0
5 46
16 38 45 46

20 25 28 35 39

25 35 41
25 28

8 22 26 35
36 40 44

4 28
37 48
25 35
10 11 18
3 25 35
1 19 28 49


25 35 46
17 33 44
12 35 36
13 47


16 30

16 38 47
26 33
7 18 21 25 26 35 42 47
0 41

4 25 35
2 34 48
2 49
14 25 35
13 26
36 42
29
0 1 25 49
2 26 35
19 25 35 49
1 36
14 25 39
6
24 33 43 45
25 35
25 35 40 47
49
0 5 25 35

9
6 25 35 36
6
38 46
7 25 35
9
8 21 25 35
5 16 28
47 48

9 11 18
0 12 26

35
20
13 39

25 35
2 24 25 35

23 25 29 42
14
9 40
10 35
13 29 32
2 32 46
22 37
25 35
24
6

7 25 35
19 23 47 48
40
25 28 32 35

33
6
25 26 35
36 41
33

37
0 1 28 38 39

0 12 46

0 8 13

22 27 42
10 13
10 28 31
25 35
12 19 25
16 41
6 9
27 33 47
5 45
28
14
5 25 35 37
0 13 33
38
0 44 46
25 35 48
42
37
30 32 40
25 42
6 22
0 14 16

5 9 25 35
38
1 20
4
0 48
27 38
25 28 35 38

29
25 28 35 45
1 34
14 16

1 3 41 43
11
19 33 44
15
43

13 26 33
7 20 30
45

7 25 35
0
21 23
3 48
23 31
9
3 25


25 35


5 25 33 35
9



25 26
25 34 35

3 13 17 38
12 25 35 49
0 25 28 35

22

3 4
3 9 14 22
35
13 18 23
7 25 35 37 41 49


1 46
29


25 35
25 35 40
11 49
7 28 37
7 30
25 35

28 37 38
25 35 38
15 21
43
2 35
11 14 33
30
28 30 33
11 25 35
7 8 25 35
25 35
21
25 35
2 40
6 25 35


8 25 35
39 49
4 25 33 41 46
4 48
6 31
33 37
7 24
32 44
18 28 38 44
25 35

30 49
5 25 34 35

10 11
40
0 23
39
8 13

3

6 32
23
0 5 10 41
19 33

11 25 35 37
9 25

42

47
28 34 43
49
3
5 16

29 39 47
12 16 29
44

6 42 45

3
12
11
0
17 19 25 28 35
39
2 35 40
7 20

32 33 35
5 13 22
17
35
38 40
21
12 22
3
25 35

4 11 27
3 7 25 35
20 31 34
17
31
11 42
25 35
29 36
6 25 32 35
31 44 46
11 42

23 25 35
5 25 35
1
32
33
1 2 8 32
0 17 21 37

25 35
7 30 35
12 46

15 25 35

14 32 34 42
42
48
25 35 44
43

32
33 35 37
4 5 10 25 29 35 45
29
16 25 29 35 49
17 38 44

1 46
29 37
9 25 35
0
47
0 24 25 34 35
25 35 44
3
12 13 41
49

12 22 24
25 35
11
41 46

8
0 19 25 26 35
25 35

42
39
35 47
25 35
14



10 24 25 27
19 26 43 45

22
4
13 25
24 25 35

20 25 35 45


19 38
13
0

17 25 35
31
12
25 35 41
22 25 35
0 29
31
19 20 28 38 45
18
24 30 39
3 38
7
33
10 25 35
14 23
3 4 16
16 22 24
3 13 37
25 35
39
9 11
31 37
2 31 46
17 25 35 40
38
11


17

8 9 12 30 43
26
44
15 25 35
18 22 24 26 30 37

28 33
4 5
25 27 35
43
45
41

42 44

11 25 35 36 41
9 16

2 33
8 44
7 17 25 35
17



3 21 25 35
4 32 39
20
25 35 38
17
4 19
2 5

37 49
25 35
25 26 35
43
33
10 25 35
0 2 5 19
4 40
18 48
10
6 30
4
5
13
22
3 13 32
27
4 25 35
5 6 39

20 35

25 28 35
23 36
25 35 36
14 27
13 40 44
35 42
27
2 9 32 41 42
34 46
0
26 45
43
14
47
3 39

24
13
23 36
17 44
44
28 38
3 30
15
25 35
36 40
23
24 25 32
9 11 13
38
10 26
49
27 44
33

27 45
1 12
8 25 31 35
5 19 25 35
26 36
17
28 44

23

13 43
18 25
15

2 8 13 25 35 40

6 9 25 35 47
19 48

4 30 40 42


46

1 18 26
32 39 44
15 40

17 18 25 35
21 35 38
10 21 45
37
1 39
7 22 25
3


6 47 49
25 27 40 48
27 31
22 24 43
12 23
35 47
38
8 20
6 19 27 30
8 10 33
36

36
21 45
14
19 35
22 47
38 41
33
11
11 39
7 24
11
31

6 25 32 35
18
25 35
18

48
7 22
5

40

17 22


15 48 49
2 13
2 9 29
14 32 41
13 25 35 47
4 27 41
21 25 35 40
5 48

10 11 36 42 48
26 33

18 25 35
34
48
21 25 35
3 20 30
9
13 29
6 42
29
25 35
25 35
6 11 19
1 32
7

38 39 41
23
9 21
11 34
47
22

32
11
36
25 35 45
15
25 34 35
2


24
29 36 43
14
21

4 48

41
3 9 35 36
18 25 35
21 39
5 39
46
44
28 30 42

16 25 35 42
33 37 39
7
32 44
25 35 37

24 33
6
13 20 25 35
22 25 35
40 47
8 26
8 22 38 48 49

32


27
2 25 34 35
0 17 42

28
25 35
5 19
16 31 46
4
47

24 33
31 35 36 38 45

37 42
16
6 7
25 27 35 37
25 35
7 14 25 35

17
45
8 11 27 44
29
25 28


25 35 40
36 49
25 35
34
2

45
30
39

8 27 49
18
48
19 24 47
45 48
3
2
32


4
3 5 31
24 32
15 18
10 18
1 14
28
39 48

36
0 15
9 25 35
8 25 29 31 35
2
2 20 25 26 35
25 35 36
37 46
6
49
36

21
22 37
17 25 35
9 38
26
21
24
32
17
0 14 25 35
34
2 21 25 33 35 42
33 42
41
15 20 24
25 35 49
45
6
5 43
15 26 38
11 37
11 25 35
17 25 27 35 43
1 28 40
10 15 17 39
45 48
9
28
13 17
21 23
26 28
2 35
25 28 35 38
25 35 39

46

0 40 49
19 25 35
19 41
4
7
18 44
15


23 25 27 34 35
16 25 35
25




14 25 35 38 40
17
1
23 25
6 34
21
2 4 38


24 36
19 21
18 33
37 48
9
5


41
25 35
15 17 18 20 25 35
13 23 29 36
21 24 42
25 35

21 49
2
19 25 35
30 40
46
46

11 37 46
23
11
44
3 5 22
9 37


1 13

1 12 13 14
25 35

29
0 8
25 35 39

34
25 35 40
0 25
47
3 4 37
4 8 24 34 35
0 29
8 38
25 35 46

23
10 47

3 7 33
9 21
22 26 45
25 35
25 44
13 30
6 23
10 18 22 31 38
4 24
5 32
2
2 25 35
3 21
2 39
18


11 21
15 29
24 26
25 35 40
19 37 49
2 25 35
24 25 35
24
4 25 40


16 30
3 26 49
25 35
46
16 25 35
14 36
37
49
25 35 42 43
8 22 23 25 33 35

25 35
41 44 45



25 35 38

41
27

25 35 37
13 15 19 25 28 35
23
36

4
0 11 41

1 22

38

32 47
29
0 8 14
44
3 36 47
3 13 25 34 35 43 48

6 17 22 41
9 14 31
25
0 31
20 25 35 40
12
16 25
25 35
6
10 32
13 22 25 44
28 34

37 41
33
3 16
0 9 39
16 42 47
20 41 44
27 35 38
30
15 16 33 46
25 35 47
27
0
25 35
21 23 40
25

10 33 37

12 37
25 35
17 22 35 43
25 35 37 41 42

42 44

16 34 47
46
36
25 35 44
17 24
38
16 34 40
42
8 9 11 36 38
48
40 49
22 25 29
25 35
26 46
9 25 35 38 48
25 35 48
8 30 42
8 45
4 16 36
19 32
28
25 35 41


16
21 22 35
25 35
34
6
8 14 21 32 35 42
36
7 17 29
25 35
27 30

7 39
10 47
3 17 25 26 35
6 18 24
35 43
16 45
45
4 15
6 37 40
4 27


25 32 38
25
25

6 19
19 25 35
14
25 35 39 48
28
12
4
2 20 29 47
5 39 47

4
31 33 49
9 47
25 35
25 34 35 46

11 25 26 29 30 35

34 42 43

0 25 35
25 35


34
22
30 42

15

28

25 35 46
1 15 25 35 36
8 42
1 10 32 36
13 25 35
10
30
29
27 28 33
25 31 35
15
10 22
12 21
34 35

27
3 12
15
7 24 30 49
16 22
4 5 44
6 25 35
10 11 25 33 35 40

2

25 32 35
6

12 41
22 40
8 48

47
6 9 21
2
10 25 35
24 32 34 43
25 34 35
4 19 20 33
14
39
23 25 35
5 11 27 31

4 37 49
47
45
7 44
25 30 35
3 25
45
7 21 23
25 27 35
14 25 35 41
32

24

2 13
6 25 35
0 18 25 35 37 48


17 25 35

9 25 35

18 25 35
5 15

45
24
17
7 10 14 39
12 24
5 25 35 37 39
29
32
42 47
25 35
11 23 25 35 44
23 25 27 29 35 49
1
1 2 25 35 44
2 12

9 31
25 35

9 23


17 32


27

10

25 35
22 25 35
27 40 43

33
31 33
46



46

3 5 21
25 26 35
45
49

11
19 35
1 35 45
20 24 36
25
17
34

7
22 23 24
22 41
20 31
22
40
1 31
30 43 46
36
9 10
27 33
8 25 35

25 35
8
32
25 35 48
25 35 43 47
1 20 21
8 16

17
17 19 25 35

43
25 35
14 16
5 6 15 18 39
16 25 35 46
4 25 35
14 25 35
29 47 48
5 25 35 40
2 21 33
14 21 39
21 27 33

17 25 35 43
43
10 30 34
46
2
15 46
17 28 39
21 24
15 35

39 40
48
22 34 41
29
30 35
25 31 35
23

41
33 39 41
29
49

25 35
39
47
26 28

4 14 34 47
46
39
46
22 37
25

22 25 35 46
23 25 35
15 36
19 44
32
6
9 34 48 49
9 15 38 43
2 40
29
31
14
23 25 35
25 29 35 44
8
25 35 39
13 26 30 47
25
40 46
22 34
1 44
3 25 35
3 40

45
25 35
20 28
14
33
6 9
10 19 34 41
22 42
15 21
25 35

6 48
23 36
8 21 25 33 35
25 35

1
25
19 20
46
31
20
5 45
23 25 35
3 27 28 38 41
35
24 25 35 43

0 7 8 16
10 24
38
3 25 32 35
0
18 23
6 10 35
34 45
15
19 24 25 35 41
2 22 40
7
14 43

17 19 25 35 38
48
8 43 45


39
22 45
19 25 35
4 6
29 48
25 35

31 49
36 44
34

1 35
5
18 23
23
17 25 33 35
15

1
43
13

25 35 42
25 35
25 35 39 41
7 30

5 12 13 25 35 39
2 11
15

17 23 25 32 35
6
4 6 14 46
3

12 36 47
11 28 31
25 35
25 29 35
25 35
25 35
4 5 8
42
17
20 33 38
30 33
22 29
18 24 49
6 10 18 33 37
11 38
5 9
25 35 44
22 40
12
25 36
23 24 25 35 45 49
4 13
5 25 35
16 21 29
18 44
3 27 39
49
18 45
3 37
15 27
25 35
33
25 35
32
16 25 44

25 35 36 42
20 36
6 19 37 48
7 20 29
10 37
12 15 48
32 42 44

9 30
1 11 25 35
4 27
8 38 46
15
1 15 25 35
30
6 32
11
8 44

17 24 25 35 36
20 25 35
25 32 35
19 27
13 35 38
12 24 41
19
11 18
10 27
21 25 29 35
4 25 35
40
30 33
25 26 35 40
17 46
4 8
4
22
23
10 46
20 48
25 27 35
35
15 32 36 44

9 20
20 35 46
4 9 40
10
8 25 35

6 12 25 46
8 17 28 47
45 48
26 42

8 41
42

25 35

33 37
2 3 8 11 16
12 25 26 30 35

12
9 48
2 26
24 30
30 43
9
27
35
47
31 37
13 27

16 25 29 35
34

16
40


35 41
25 35

36 43

7 17 27 41
25 35
25 35
5 23 32 35
39
29
3

26
4 12 49
20 36
25
4
36
4 43 47
28
10 35 36
33 46

4 11 25 35
8 38 39
23 25 35 44
25 35
18 19 46
25 35 45 48
25 35
3 41
28 39
47
31 40
49

7 29
25 35
2 3 38 39
25 35 41
16 23 48
16 25 35
22
21
6 13 16
17
2 7 25 35
34
0 3 32
27
8
10
2 10 28 32 40
25 35 42
25
13 43
5 43
1 14 42

11
49
37
36
12 20 24
20
24 33
28 37 40
14 15 25 28 35 45
2 13 26
25 35
20
28
32

25 30 35
28 30 36
18 42
25 35 40
47
31 36
22 23 25
16 25 27 35


47
2 14 33
4 38 49
9
8 17 28
16
20
5 15 17 22 23 25 35 38
24 25 35

24 32 34 35
7 13 25 35 40
1 15 32 44
23
6
27 47
33
31
7 38
2 14
13
5 17
35
36

25 35

47

18 40
9 17
4 26


28
25 30 35


0 5 43
27
14
39
25 27 35
29
12 20 28
3 31
25 35

12
10 46
16

1 24
25
14 48

25 35
7 21
27 35 36
24 25 35
45
1
42


18 45
12 36
1 13

14 17

6 20
17 33

33
21
11 42
35
26 27


30 31 35
12 31
8 33 40
6 44
11 27
3
13 35

15
24 29
11 22
3 4 12 36
11
7 9
2 29
0 10 14 20
22 25 46
14
22
47
38
44
9
14 16
19
49
19

23 32 35
6 27 28
0
11 31

1 5


14 33
34 37
22 24
4 27
33

1

1 19
16
48
10
37
21 39 47
5
32 43
20
11 46
38

18 23
27 29
0 16 19 34
0 17 31 40
7 41
17
48
31 49
46
0 7

6 39

25
3 10 13 19
13
10 22 45
30
4 11 45

2 12 21 29
5 29 42

24 29 30 33
17 26
20 21
48
6 26
32
15 24 30 33
43
26 43 44
27 47
43 49
15
12

35
24
11 24
4 8 12 19 26

6 38 47
14 37
24

49

18
15 20 40
45
25
20


29 37 43

28 37
27

10 15
38
5 19 24


16 24 28 47
0
14 40
19
22
19

8
14 29



0 34
1 14 43


16
32 42 43 48


23

9
9 49
6 39
8
14 48
3 33
6 23 39 40

3
9 26
7 23 25
2 13
15 16
19
20 44
43
18 31 47
6
10
16

12
11 22 40 45
22
20 30
26
10 15
37
12 30
0

0
9

42

0 17
7 44
8 20
9
24 46

44
13 23 37 43 45
30 43
22 42 49
2 10 18
32 35
39 45
8 24 28 33 42
1 11
15 21 23
5 28 45
4 16
38
0 44 45
6 13

3
7 23 26
13
21 26

25 45
11 19
11
6 16 41
1


16 43
14
7
16
19
4 15 17 25
13 47
47
35
9 29
22 34 41
19 37 38
13 47
28

28 29 38
15 43
43
25 28 29
8 29 39

8 17

15 19 30
0 25
34
3 12 27 31 32 38 41
48
0 20
11 25
12
16 27

44
20 22 42
39
25
46

15 45 49
32 43
9 18 33
27
7

19 37
8 11
2
31
8 22 35
6 15
24 31 38
40


26 29 32
14

4
8 31
29


21 37
26
5 23
22
1 16 49
5 25 35
13 18 23 31 32
23
3 12 27 49

6 35
33 34
41

36
0 1 2 25 46
7
21 36


24 37
20 45
23
7 14 21 48

9 33

4 22 36

47
31
9
33 47
20
11

2
44
4 23 33


16 20 32
10
39
3 14 27 35


43

26
33 37
6
37

4 34
3 46
5 23 24
10
35
26
1 6 13 35 43
44
6
19 30 49
12
38

8
49
39 47
15 24
3
26
11 15

2 39
23 43
34
21

12 26
1 11 39
18 19 32
7 27 42 48
6 48 49
22 36 37
9 21 41
20
12
41 45
24 35
0
33
12 26 44
43
14 19 21 23 24 31


4 11
35 44 45
10 15 20
35
42
14
13 16 25

3
11 30
18 33 45 49
6
25
12 21 30 48
34
12 23 32


0
17 32 39
5 47
4 33
0 15 25
20 33
39
40
9 16

21 22 33
25
12 49
27 32 35

30

39
21

46
47
18
23 25 34
2 31
49
1 39
14 19 28 32 45
41
32 45
14 15
9 15 20 34

9 28
1 16 33

1 41
49
28 37

2 14 27

2 17 29 35 43
3 4
34

48
17 35
34


3 18
41 44
17
8 21 26

9 24 47
1 2
2 13 37
28 44
48
29 45
13 41 45


24
7
5


17
41
47
49
43

15 39
21
21


12
27 37
16
13 18
26
1 21 23 27 40
36
30
14 15 27 38

39


5 10 14 27

48
15 18 25

1 20 22
2
39

6
45
16 47

9 31
10

18
45
21
4 48
21 35
29 41 48
5 38 40
5 40
22 38 42
8 27
37
5
37
9 42 46
20 35 41
17 28

33 38
25 34 44 48
36
16 19 24 35
15 28
24 28


20 43
2
3 30 35 36
45 47
7
16 48
5
12

7 27 49
9 42 46


1

22 25 28

5 6 7

15
35 36 49
21
9 30 37 41
11 37 38 47
3 4 19 21 26 29
2 3 5 9 10 23

24
9 26


35 43
41 43
41
13 19 40

8 26
9 28 41


44 46
8 16 19
21
13 19
18 28
12
14
6 7 11
27 30
10 43
21
35
23 42
14
17
10 43
20
21 23 27 30 40
23 26
41 49



39 43
32
49
22

24 41
24 33

24 30 36
4
12
49

18
24
15
10 16 33 42 48
0

3
18 21 27 46
41 45
38
19 34 46
16
11 21
11 49
28
15 41 46

31
7 19 24 34
12 25
30
11 37 47

12 13
4
6 29 32
18
19

14 26 30 40

16 34 49
12 30 44
28 39 42
13 27
3 22
25
8 23

26 48 49
32 45
30 36
9 42

4 7 23 38
22 25 41
13 37
22 31
5 29 38
13
43 44

38
2 24 27
32 33 41
4 11 35
7
41
7 14 38
34 36 39
48
4 34
25

6 25 36
6
24 26 32
12 41
43
3
31

23 38
2 46

41 43
13 20 32
40
7 38
25 33
16
43
39 43
18 27 40
7
36
0 41
18 32
12 35
2 17

20 22
6 34


45
36 40 49
6 32 39
4 7 48

46


25
23
3 12
45
0
11 35
34
28 29
33
3 12 21
1 6 9 13 32 48
13
4 40
13 29
8 48


23
29
8 26
5 49

18 32

12 21
9 11 19

8 35
10 39
3 30
19

11
20 23
23 31


4 27 34


7 30 41

18 23 31 49
16 33
13
16
7 45
28
22 39 45
27

25
49
43 44
14
12 45
20 41
42 46
45
38 46
23 29
2 44
15 30

44
18 28 31 38
27
20 37
22 33 39
26 38 40

5

18
28 36
30 39
30 32
44 46
20 30
10 23 33 35
18

8 12

39 46 47

28 46
18 27 30 35 38
19 21
3 26 45
43 47
4


0
46
20 43 48
5 15 27
5 8 10 14 24 33

25 39 41
3 12 40
42
21 24

36
17 20 32 39
19 32
1
17
39
34
29

4 41


30
32 41 49
36
18
6 25
2
1 45
23 24 31
8 13 29 30 31
6 28 43 44

22
16 30 45
23 27 37 48

1 6 15
28

7 34 35 49
17 25
40
18 47
1 38
45
13 14 16




25 35
38


13 37
4
1 3 12 38
4 27
6 49
26
39
16
28 43 44
24 49
1 39 47
29 37 44

22


35
5 6 12 32 40
1 40 42
5 14 19
1 30 37
1 9 10
31
11 12
5 48
26 30
32 43
4
9 47
4 33 46


8
26 29 42 44
14 27 30 47

4 32

1 17
18
43
2 36 46
5 12 18 37 43
3 38 41
46

6 22 26

16 19
39
14 46
44
7 39
23
4 39 40
8 30 41
12 29

29
5
41
28
42 44
4 22 33 45
20
42 44
13
22
26
22 46 49
0 34
20


27 34 47

23
21

37
23
12
40
21
0
11
8 42
3 32
39 41
32 45
25
11 29
18
0
4 31
15 33



30
7 40
13
10
9
2 3 14 49
33
3 24
15
29




3 9 13 43
3 31

15 35
8 11 38

23
9 14
24
9 30 39

47
21 34 42 45 48
31
11 47
11 35
34 46
15
2 32
30

17
13 35
44
8 41
7 20 26 36
1 18 38

25
25
22 31

4 11 15
27
10 23 46

8 14 26 27 32 44
4 25 31
1 29 33
14 24 37 46
49
5 13 25
37

8
15
40

36
6 18
6
48
3 13 16 26
19 26 48

42
13
39
25 31
13 46 47
13
7 17 35
1 2 5 19
22 40
12 25 32 33
21 34
5

28 46
32

18
18 19

26 31 42 43

14
46
5 12 13
23
32 42
43
15 26 28 37


16
9 29


28
20 47
0 41
7
26 29 33 49
3 18
14 32
2 5 36
25
10 29 48
0 11 29 36
12 39
25 47 49

7 47
36
11
39
4 37 45
38
15 45

41

24

13 17
9 16 46
16 42 46 48
48

33

0 28
3 23 45
14 46
34
44 47
13
8
8 12 17
7 46
36 49
47 48
15 23 28 36




37 48
6 45
12
2 5 26
18 30
11 29
1 32 36 43
12
39
6 21 37 49
13 26
32
45

45
0 5 11 25

5 14 45
24 31

19
41
41
2

17 24 39
22 29 44
7 21 40
47

7 15 34
20 39

26 28 36
31 38
1 7
8 34
32 39
16
48
48
0
24 37 41
19
0 6 14
37
12
23

19
9
0 3 4
13
11 37
36
17
17 36

46
0
0

1
44
2 29 36
35
49

17 21 32 48
1
25
49
1 10 32 49

17

41
47
9 44

18 40

9 18
2 16 19 31
27
15
8 18

27
24 28
47
4 26 41
21 26
7 17 21
42
3
49
36 48

24
23
18 21 31
32
23 29 33
18 45



30

18 27 39
0
29
35
8 16

12
46


18 37 41

17



7
7 11 36
16 34
20 47
37
13 31
3 27 49

5 39
42 47
5 8 24


36 39
24
21
7 48

9 40
41
38 42
12


2 47
1 4 33
38 49
6 23

14 39
15 44 49

41
3
21 37
30 36
26
33
17

0 19 25
40
20 37 49
8 9 48
6 35

17 20
20
14 35 36
15 29


3 36
20 40

41 42
45

1
1
17
9 33
17 26 38
11 32
24
9 44 45
39
15 36

6 23 25
45
0 13 20

33

0 16 23 36

3 44


0 20 38 45

2 5 20
23 27
11 39
3 17 35 40
1 6 33
43
23 46
8
10 26 38
32
18 20
2 18 29
14
6 11

6 34 43

18

3 12
5 48

7 16
24

12 31
16
42
2 7 8

9 31

8

23 36

25 26


16
10 12
6 42
0 3 5 14
5 31 45

39

19
27
46

18 27

0

6
9 12 30 36 44
7
1 3

23 43
49
45
24
20

47
42
19 45
10
18 39
34
32

3
4
0
27 48
48
11
4 25
8 44
10 18


27
1 35
35
32
9 43



2
4 34 36
4 5 6 43
39 42
10 43
25
21 41 43
33 35

10
45
27 28
13 21 22
28
8
49
44
3 32
48
6
5 22

20
1 2 19 27
8 20 27 35



26 32
15
19 33
8 10 17
6
4
35 41
16
4 12 29
32
20 25
25
2 3 32 49
6 8
1


31
20 30 38
19

7 27 34 45
37

2 7
26 30 34
7 21
11

29 46
30
41 42
27
3 23
36
11 25
4
14 16 27 30 49

1 31
1
14
19

26
23
7 27

3 21 28 34
36
16 25 42
6
46

30
14 35
36


4
0 1

1 12

9
44
5 19 40
0 1 8 28
20 21 25
4 15 22 40
7 43

6 34 44
23 46
17 32
18
7 37
41 47
36 49

4 12 15 44
20
8 28 34
45
12 16 47 48
36
12 44
42
9 29 44
6
47
1 28 38

44
36
11
26

19 47
24 29
22
35 46
2
2
23 43

33
21 49
48


9
28 35 39 49
16 41 46
31
27
38
2
7 42
11 20 33 44

23 27
23 27
8
1

2 6
2 34
15 32 48
5 19 35

14 39
19 23
23 32 34 45 47 48
12
24
17 18 21 35 41 48
25 43

2
4 32
6 13 26 27 37

1 13 49
30 40

15
20 27
1 7 11
19 24
41 43
39
17
4 18 39 46

47
41 48
17 26 27
19 21 27
12

27

9 38
9 29
7 15
6 12 40
20 35

27
2
10
0
25 28 46

3
29 43 45
18 27
5 25
39
1



21 36 43


17
32

27
21 25
15
4
8

30 31
1 9
0 31

14 17
13 34 44
2


5 19
12 17

0 45 47
38
5 15 23

20
14
3 30 48
10

7 11 38


36 48
9

36
4 35
21

49
7
32
17




44
15 16 42
1 15


28
1
1 31 44

30
7 19 36 37 49
16 17 24
9
47
23


12

29
2
9 35
44

5 11
15

43
3 33

2 36

27

20 49
7
28

7 13
11 14 19 38
9 40
6 14 25 40
4 9
37
34 47
29 39
4

25
24 43
18 21

13 31
49
20 46
48
29
22
15
12 19
15 38

0

22 46
34
47
7 26
22 49
8 13 18 30
49
18 40
43 44
3

8 27 47
12
21 31
3 12
2 20 41
2 28
6 11 14 32
36 47
1 18
16
5 15
5 7 12
26 34
0 16 47

7
10
5 22
7
44

34
33

5 17 37
2 13
39

10

10 16 22
39

27
2 8 15
6 32 34

1 19 22 26
0
1 6 7

1
32
9 29 31
10 41
49
0 1 40
16 28
38
6 21
26
23

20
16
2


30
9 24
3
24 47


1
10
8 35
4 39 41
23 28


6


21 36
1
28

3
21
14 20 44

2 4 7 18
7 19

9 14
25

10
22 46
20 22 34
25 26 36
12 24
9
18
2
14 18 29 36

3 15 33


33

4
14 42
1 36
14 33 46
44 46
6 9 26 46
0
47
1

9
9 18 22 43

12 39 44 46
17 24
46
10 27 34 35 48
37 43
26
36
15 19 36
15 20
29 47
17 37 39
21 27
7

9
20 21


5 42 48

19

1 28 43
14 16
15
16 20
11
32
0
33
48
24

17
2 18

5
26 49
3 16 33 37
14
3 19 30
4 16
2 48

15
2 4 39

42
0 1 12 18
9 12 13
4 22
31
9 28
8
4 15 30
1 18 49
2 4 23
21 45

31
25
18 30 48

3
24 25
14 47
3 24


20 45

10 44
11 42 43 45 47
31 33 48
35 38 47

2 31
13
30 43
15 24
36
41 48
0
15
28 34

30

6
16 38
20 30
25 34 46
28
10 25
5
2 13 14

0 34 43

8 10 14 49

8 27 40 47
19 46
8 9
3 8 29
13 14
7 15 19 38
7
9 32 40 43
11
15
19 21 35 38

1 29 46
22
1
15 49
44
23 39
3 8 12 20
23 38 42 45 47
12 13 40
7 32 41
3 27
33
15 24
32
0
20
29
18 25 31
12

33
8 32 45

10
13 31
17 19

12
15

36 44 49
39
16
1
13 16 22 29 31 46
2 33 41
11 27 39
24 28



49
14 18
4
14 36
23 47
35
46

6
20 30 32
7 21
23
11
13 33 45 49
39 47
9
1 37
18 35 40 42
3 7 11 37
0 2 11
10
19 31 44
3 11
5 31 46

21
34
14 25 47

39
20
15 19 43 47
8 45
5 36 44
18 32
11
45
12 44
35
23 25 41 48

25 26 28

37
26
16 25 34 45
30
24
10 16 29 36 43


34
46

5 26 34 45

8 31
4
23 42
14
29 44
21 23
45
14 18
18
16 36

1 10 39 43
22
34
2 13
2 38
24 44
42
6
35 36 48
24
49

12 30
21 31
7
5
21 35
10 47

12 24 29 30
22
7 12 18 24
30
35
1 40 44
8 15 21
34
1 3 28

36
30
1 15
20

2
7
1
3 16 18
13 48
13
16
35
9 41
47
27 29 44
32
42



11 13 20 26
10 18
10 16 20 43 49

43
4 26
22
20 40 44

45
45 49
37
43 47
0 22


22 33
39


19 33 34
21
16



13 17

18 47
20 23 41
22 43
15 19 27
7 39
27

35
9 27 43

14 42
10 23
12

31
18

34
3
22 23 30
38
1 15 21 44
17 23 26
38 46


12
0 31
9 41 48 49
19 20 49

27
7 14

2 27 49
14 36
31
15
38
14 27
32
2 33

34 48


21
3 11 14 37
17


33 35 47
29

8 16 21 33


20
35
11
27 47
23 26 41

28
21 47
25 26
0 4 10 12 37
1 16
1
11

28
11 15 39 46
21
30
1 31
11 21

8
8 28
35
14 41 46
18
0 10 43 48
18 39
1 30
38

20
2 24
23 25


15 28 31 44

43
3 27 46
10
2 6 29 36 39

24
7 26 31

3 4 6
40
31
27
29 48
21 24


6 12

27 30 48
18 34 38
34
45
7 8 16
37
12
1 13 14
11
18 41
36 41
28
17

34


5 18




15 24
1 10 16 19 48
21 35
19
23 25
30 31
4 6

17
8

6 20
3 45
13
0 13
4 42
9 14 22 23
28 43
29
3
40
6 7 32
3 45
48
5
14


9 41
34
27
35
13 39

49
14 24 32
34
0 10


10 16

28
4 12 45
19 32
3 31 32
2 27 32
17 20
12 28


28 33 42
40 44
24 31
6 49
24 48
21
16 24
23
11 39
38 42
36
34
18 47
23
27 45
24
11 47
38
7 10

19
25
15 21
19 22 45
15 16 31
26 34

6 27
44
20
11 23

24 33 36 39
8
36 37
2 12 22
14 40
44 49
5 10 13 14 16 26 41
38
19
12 27
6
24 32 45
6 17 37 41 45 48
15
10 26
2
30


23 36 43 47
3 7 32
11 18
47
31 49
18 35
15
9 43 48
34

1 21 22
13
34

18
39
0
42
16
12
0
0 6 15 17 20 30

0 9 12
10 25 32
5
14 31 45
15 47
4 47

30

9

38


35
24 31
24 36
8 26
5 43
28
11 42

20
49
18 32 35 39
22
7
2
34 39
30
6 22

7 45 48
20 41 42
31
23
33
20 28 40

26
41
0
9 16 21 24


38
16 26
49
4 8 19 27
28 29
13 49
11 38
12
38 42 45
3 47

0 3
18

9 35
0 11 12 40
11


19

6 14 46 48
25 33
18
25

0 3
8 9 25 39
42

48


24 48
42 48
20

24

0 15 34 44


3 33
4
14 15 47


23
48


0 9 10 44 46
22
12 20 45
49
20
0 12
5
28 29
15 21

28
13
7
11 23 31 39
4
7 24 47

11 28
33
27


40
14 25
9


19
31
14
23
24

16
3 16 44
2 5
25 29

19 30 32
37
20
1

30 42
7 15 33 35

32
3 49



44
0 20 24 33
21
25 45
21 30 42


46
11 27 39
23 38 39 45
1 21 36
4 37 48
17

1 24 45
13
5 7

47
12 13 21 41
1 29
0
42
3 17
13 25 44
13 39 43

7
13 30
2
30 32
18 20
32 41
2 30 43
12
38
8 15 26

41
10
30
7 27
3

16
48
27 34
24
36

2
1 47
3 26
3 27
0
4 31
18 37 45

3

15 40
29
0 28 39
20
16
1 33 48

27
37 47
16
3 15 26 47
27

0
29
19 25 34
16 47
20
26 36
30
10

12 27 41 43
5 20 24
5
2 29 35
28
0 35
37
7 31 47

7
46

12 23 29 39
2 6 46
18 22 23 44 45
19
1
26
30 44
14 42
11 34 39
8 11 27
8
33
13 39
18 31 40


5 12
19 40 43
19 26 28
17 21

40
44 46
0 40
7 41 49
11
10
4 13 49
42

7 49

13
9 10 20
38 43

5
27
8 23 36 43
2 10 43 45

15
1 11
47
39 41
17
15
2 44
0 26 34 43
30 32
2 35 44
15 46
5 7 28


1
16 44
41
19
14 43
13
5 38
24
21 41
32
6 14
2 16 28 40

29 37
11 39
40
16
47 48
23 26 29

3 13 33 39
5 9
5 21 31 49

12
32



3 5 32
38
31 37 41
25 28



19 33
22 43
0
0
12 19 27 46

11
11

2
24

2 14
37 39
6 12 19
5 12 43 44 46 49
25

45


18 49
25 48
14 17
34 46
18
38
22 23 24 39
10 21 26
10 12 37
16 31
8 11
16 48
14
26 28 32 49

41 43

9 23
39
11 15

3 13
13 14 30

35 43
13

37
5
3
3 19

2

21
12 27
25 39 46
20
41 45
25
13
7 19 33 43
27
28
20
2 21
33
34 44
33
18 47
17 28 45 47
8 10 31
30 44
10 28
31 45
21 24
47
20 46
22 36 46

16 18 27 36
1 14
28 41
0
4 10 25 38 48
12 24 38 48

17 40 42 47
2 36 43
19

2 46
15
0 9
7 35 42
18
46
8 48
17 25 42
47
44
8 13 44
16
8 47
2 46

49

0 2
30 34
10
29
36
44
19
45
25 27

18


9
14 21
49
18 26 32 37 41
3 7 10
24 30 41 46
6 20 21

34 43


2
35
39
23

8
16 19 21
17 20 26
30 48
16
8 15 39 41

8
39 44 45
35
49

7 28
13 19 23 24
10
49
10 19 27
35
5 14
12 20 23
44
6
5 37
33
5 6 13 17 38
19

7 46
27 41
25
46
28 30 41 47
5 8 45
11 37

9 14
2 11 15 47
21 31 35
3
2 21 31 35 45
2 4
11
27 35

36
23 30

3
7 47
29
37 48
35 40
36
1 4 25
1 12 28
18 38 40
8 23
2 35
6 9 48

28


13 23

5
2 8
14 39
19 27
3 23 35
3
35
5 19 24

3 9 32 44 46
28 29
23 24


9 10

17 31
11 47


0
11 21
15 26
16 42 47
9 23 30

1 20 24
45 48

9 10
19 33 35
49
9

10

27 40
20
31 40 47


9 10
40
18 34
17 18 47

5 20 42 43
40 48
31
2
30
21
31 35
41
21 48

27 29
16
3 5 26

35
21

28 33
30 38
3 6
46
28 41
28 29



4 23

6
6 26 33
2 35
38


37 49
10 26
21
37
18
0 16
15 24 30
17
14
6 19

0 25
19 35
29 41
28 46
41


42
45
5 20
18
4
19

17
22
26 34
3 17 18 22
47
16 48



3 33 38

15
39
16 23 25 44
34

43 44

23 37
10 30 45
0

10
6 8
31 46
47
2 24 40
40

43 47
39
14 17
18 21
26

19
25

18 32 45
32
17 18 22
31
21
1
16 28

10
23 35 43
16 34 42

12 31
37

22
13 26




13 14 25 48

11
13
2
23 49
38 41
10 11 44
28 44

9
3 5
17 37
23
33 34 45
43
15 27 35
32
19 25
21
8
4 9 49

38
19
26

5


30
40
15 22 33
38
41
13 32 34
6
6

38
43

44
35 49
13
33
4
27
2 18
29 39


49
14

6 13 29 40

13 15
23
3 41 45
7 15 35
3 23

9 15 29 36


6 19
30 37 40
15

41


20 43
6 35 45


2 39 43
24
15

4 11

23 30
4
8 44
12
16 33
21 25
2 23
16
33 34 47
34

6 15
3 6
14 48
13

14 21
18 40

7 13 17 33
10
9 14 26
12 41
34


46
0 12 37 47

27
38 47

17
11
10 20

14 34
26
45

25
10 45
25

10 27 48

28 33
26
28 32
30
11
11 32
22 24 44
41
28


36
9 19 29 32 47
4 25 49

1 11 19 26 42

41
4
6
14
8
37
0 2 31
10
2 6 9 16 23 39
6
7 43 46
26 29 46

27 32 36
10 25 40
7 30

13
4
44
23
23
10
32 35 47

4 10
18
16
4 20 24
20 35 44

34
30
7 31 37
10

28
6 23 35
46
18 47
0
1 8 31 36
31
22 27
7 9 18 32
3 12 22
7


3
6 7 27 44
48
6 33
7 10 42
1

24

7
2 3 6 35
11 26 46
12
38
7 10 21
12 27 43
3 15 30 49

5 20 26 32
2 14
8
1 5 36 43 49
28
8
21
12 30


5 16 30 34
18 45
3 6 21 26
14 24
6 14
3 36
2 35 42

6 24 31 45
22
34 49
3 21
21 23 26 32
44
16 27
19
1 22
39

31 33 49
8 34 36
0 6 28
9
7 18 45
2 12 20

15 41
34
44
9 15 16
2 12
3 18
7
43
21

15
40 46
4 12
18
40
31
31 34 38
11 12 23
23 26
5 7 30 44
48
27
7 14 41
17 23 36

20
14 24
3
38
32
10 20 42
4 24 27 41
0 20

2
27
1 10 14 16
0
19
43
0
44

30 39 42
1 24 48
22 29

18 32 37

3 19 46
2
23 31 35 41
3
0 2 21 27 41
33
8
37
4 42

24 41
2 3

1 21 23 32


38 41
45
7 27
3
19
1 10 24
25
46
29 37
3 4
24 40
11 29 37
4 23
3 22 46
14 44
11 32
10 13 38

1 4 29

16 30
6
37
25
29 41
40


8 10 46

9 23
34 44

30 31


1 28 30 34 47
46

12 19 20 36
45
47 48

1 10
45
30

34
8 46
0 9 21 46
2 8 20
5 12
10 11 30 44
45
1 20
31
39 47
9 34 39 47
11 27 30 32 39
49
12
11 18 20
36

9 15
3 42 49
39 45

47
19 25 43
34 40
3
31
33
40
10 24 36
25 31
27
9 30 35 47

25
11 37
45
31
19
11
23 37

13
29 49

14
28


31 37
5 35 46


3 32
1
5 33 41
26 28

12 15 34
25
21


34

6 25
22 31 45

11
7 16
21 48
12 19 32
43
13 39
26 42 48
16 35 43 47
47
4 44
12 37
14
43 45 48
16
5 39

0 14 37

6 12 21 34
9
29 48
35
15 22 30 44 48

17 19 23

6 23
7
12 17 36
5 17 25 43
2 16 40
14 46
19
9 13 21

48 49
1 23
2 41
38
14 48
26 47
4 14 46
43
41 43
4 21
17 40


16 32
39

0 16
12
3 32
21 27 38 42

34
8 34

7 36
23 36 48
1 6 18
28
5 42
27
12
1 8 24
20
32
12 15 44


10 33
6
19
15
2 32
19 32 35 43
9 41
0 2 9 28 30 47
24 30 37
8 14
16
11
44
47
4 33 47
0 6 28 45


5 35
8 33
25 34
16 34 39
5
37
2

26 36
2 4 18 34 44
11 48

11 13
40 42
41
32
13

9
24
25

43

0
5
13 19
41
2 21 32

48
11 25

25 27
16 20 42 47
12 18 33 42
1 25
7 27
1 20 30
38


4 20 21

7 20 28
36 49

13 38

14
18 20 28 49

2 19
15
7 15 48

17 44
21 23 33 37
1 3 33 39
12 42 43
2 4 33
19 30
28 32
7 9 19
2 42
36 43
18
21
1

9
7 11 22 31
7
16 36
20 44
3
13 36 40


22
26
14 28
12 18
18
18 37
17 26
26
14 47
15
2 10 15
11 13
17
14 19
34
43
2 12 17 31
7 21
7 15 26 35
9 26 27
18 35 49
7 38
19
17
30 43
4 14 42 45
12
13 34
20 28
21


2 36
4 10

39 44

18
4
10 33
5 22
6 19
14 27 46

16
8


8
31 32 41
29
43
36
3 25
15
4 19
0 4

33
13
24 41
26

11

41 43


39 42
20 49
46

9 20
45
24 31

29 34
11 12 26

8 9 11 32 38
16
5 26 47
11

41
6 36 47
8
32
6
9 28 41

8 16
23


37 39
7 44
20 31
10 13 44
21
35
34
13 18
13
15 36
31
36 38
20
15 18 30
16
29 39
18


10 35
3 44 49


15 19 42
34


7

4
2 26 40
41
21 34 37
5 12 24
0 37 41 42
19 32 34
12 14
32
1 11 28
49
31 33
6
17 38
1 42
37
45
24
47
7
22
42 46
14 18 39
33
34
43
24
40 43
7
49
43
24
11 40
1 46
9


15
16 33
9
6
40

14 23
5
25 39
16
47


19 44

9 29
2 3 27 35
41
24
34
13
48
9
10 28

46
20 42
32 49

26
5 48
20
35
36
15 35

12

8 24

5 22 35 42 46
15 28

38
9

4
18 34
38 42
4 6 13 16
41 45
6
16 20

16
39
2 32 41
45
13 32 38
15 19 26
1 46 48

22 47


32
38 42
16
11 32 39 41
42

30 37 43



9 34
42
30
4 34 38
2 22
24
2 6 36
13 26
0 7 15 16 23

9 36 37
23


36
30
1

33
18 32

28 37
18 45
45

49
8 12 29
