22 36

6 35
36
6 20 22 35 44
0
25
46
11
38 48
40
35
45

9 17 32
12
19
7 25 38

15 40
16 49
33


13 14 36


32
36
22
6 39
0 7
7

17
40


43
37
40

6 22 47

3 23 32
17 44
0 28 34 35
5 13 42
35
22 37
6
28
9 27 37 42
34
25
0 43


5 13 27
14 37

0 1 9 45
14 22 35 41
25 48
8 41
28 32
5 21
6 20 45

9
3 6 45
11
0 5 48
11 24

33
16
27
14
8 23 34

3 4

3
28
15 29
42

33


38
6 34
9
15 45
0 19 24 27 47
14
33
9 11 19 41
4

9 12 20 24 36
19 34 49
42
4 17 28
17 18 26 35 37

47
47
10
25 37 47


7 23 28 30 34


8 40

8 30

31
13 15 21 28
17
3 26 33
0 34 43
1 5 9 21
46
29 39 40
42 48
24
7 24 35


16
20
1 15 18 21 44
12


6 12 40 42
40
2 28
15 17
10 17
17
22 38
3 38
2 9


5 9
14 31 37 39 46
16
6 22 24
11

16 36
30 39
16
9
30 49

37
21

20 29
8
1 4 34
11 28 32
16
31
34 46
19
31 37

13 42

38 39
24 26 28
35
18 24 42
28 29



44
19 41 46
15
4 21 24
4 33
10 36 39
11
15
1
8
11
22 27
35
0 24
2 26 32
29 33

5 23 39 45
20 21 46
24 25 38

37 49
16 21 36
34 45 49
0 10
3 23 38
0 42
28
22 37

42
0 19 39
7 23 26

0 3 12 14 23
16 37

10 44
39

4 22
49

34
8
1 7 14

6 42

17
44
26 30
7 26
0
16 19
18
20 35

7 31

36 40
4

13 17
11 44
24
17 22
7 26
22 29 37
27
5 8 21 38
3 20

2
43

19 22 32 43 46
4
25 32 49
9 12
40 41
7 12 13 14



38
20
1
41
18
36
26
34
0 2 24 35 44 49
36 37
45
14 42
1


4

6
32
13 24 43
8 42 49
8 13
37
3
31 36
12 28

27 39
26 33
9 20 33
37 40
5
5

10 40
19 20 38 47
31 34



24

10 12
46


4 46
41
24 26

9 27 40
22

29 48



17 41
15
18 20
3 14 30


17 25 38 41 47
4 19
14

42


3 36 42
1 19

10
6 36 38
33
20
13 46
26 36
27

2 18

29 36
49
8 37 40
9 31 33

10 17

0
1 47

29

29
3 9
23 25


2 5
1 15 21 49
8 17
11 13 19
1 43
26 41
1
4 18 22 32 44 47
24
6 26


40 43
40
28 40
15 17 24

27 29 46
3 35
36
33
24 32 33 44

17

0 11


30

35
18 29


35 43
49

20 38 47 48
49
49
5
26

37
47

30
11

10 12

5 6

8 36 46



21 26

15
4
9 12 45
45
5 45
34 42
37
4 12 24
23 32
2 13
23
7 10
13 23
12 22
34

42
36 39
11 17
44

21 40

13

11 27
28
5 29 43


31 38
25 48
1 33 35
11
13 16
11

28 39
43
47
26
10
0 5 19
12 34 40
24
2 10 13

49

11
11 14 42
27 33 37
35

7 44
4
3 14 32 38
9
41 47
21
1
38 40
10 21
33
17 38
35
4 5 12 22



11 28



42
47
33
7
12 30 47
46

3
9 40
20
29 31
8 41
11

34 49
10 19 42
14
4
11 35 38 46
7 42
19
21

48
2
6 12 29 37
30 34

43
49
16 44
22
12


34 42
28



9 12
11 22
30
5 9 41
35
6 29
14 25 35
34 44
20 25
32
28 30 31 41
12
3 8 33
16 25 46
3 9 14
49
26
35
8

10
18
22 32


2 14 19 40
34
28
32 38
12
38
30
9 31 37
17
25
16


24
43
31 46
2 32
2
39
4 32
49
2 19 20
46
30
0

1 36 38 39
8 19 45
2 31
32 40



4
48

16 30
10 35 49
11 14 46
5 40
18 41 48
23 31
3 9 13 18 28
1 12 36
7 45
15
26
5
15


2 5 49

7 9 20 31
13 19 32 37
46
32
1 26 38
13 45
17 48

14 24 25
38 48
19 30
17


10

16 37 43 48

49
9 14 31 38

10 17 25
49
13 31 33 35
46
12 21
3 34 35 43

19 22 32 42
10
27 49
26

6


13 37
11 16 21 29 36 40



25


39
10 22 25 34
2 16 38 47
14
27
8 49


48
35 36
40
17 20
23 34


14
45

48
35 43
0 11 45
20
25 45
0 38
2 49
20 48

3 10 42

17 44
3
1 10 37
44

2 37
1 4 35
14
11 27 39
3 49
2 13 28 31 34

41 44

30

28
6 8 35 37 39
1 10 14
18
37
48


17
30
38
7 15 18 44

26
0 10
14 34
18
11

0
9
34
48
43
22 43
24 35
32
6 37 45
33
44
14 20
34
9 18 47
3

32 33

20 30
8 41
40
1 34
41
20
32
49

8 15 28

36
9 37 49
27 46
9 37
38


1 7 49
21 39 44

8 11 13 20 24 44
10 13 16 21 36
15
6 15

39

31
10 33 39
38 44 47
23 26
42

10 19 24 35
10 12 36
20 30
4 24 43
25 36


6 18
6 39 49
6
7
3 8 29

14 24 32


33
2 15 29 35 46
3
38
24 34 39
10 39
9
21 30
27
28


6 8 21

9
6
1 3
3 17
3
2
17

1 18
31
47
2
0 27 46

2 30 33 41
11 19 21 45

32 43 46
32 33

11 17 34
30 32
8 9 32 43
48
7 11 30
28 30
36

8 46 47
26
9 16 47
7 32 38
11 30 35
6
3 8 44 45


4 22 49

15 18
39

30
0 41
4 11
10
0 20
12 31 40

0 2
17 42
2 24
16

10 24 30
44 45 49
20 41
7 9 30
41
26

13 22
9 39
0 25

1 28

17

8 18 42
10 28 33
2 17
14 26
15 48

21
14 25
44

9
15


32 38 43

24 49

7 19 42 44 45
4
1

5 25

5 22
21 33 36
3
39
28 32 36
38
3 25 33
27
15 19
6 39

6 13 33 45
12
44
6 19 20
21 35

28

23 29
18 19 29
11
13 14 18
31 45
4 10 14
28
10 43
1 6 38 45
7 10 33 38
3
7
26
41 44 46


47
6 14 31
8 30 35 36
3 9
3 47
19
21 29 34 42
21 32
30 43 44
9 30 33
17 20 32
2 38

16 17 31
41 45 46
48
17


13

2
28

11 32
20 41
11 13 42
28

32 48
17 37
6 19 32 38
14 27 46
29 40
5 47
3 32
23 25
44
3 32
29 35 38
12 18 34

8 19 36 41
2 47
22 28 32

25 26 49
18 39 47 49
44 48
30

24 35 44

15 44
27
34
5 16
8
3
17

2 41
26 32 43
3 24 26 39


0 13
9 15 24 32
7 11 43
18 47
30
11
1
27 28
14 29

23 32 34

43

9
44
13 33
12 45
2 7
5 26 49
26 39 45
30
29
18 45
10 37
2 29
38 45
39
24
19
3 8
4
41
18 33 47
37
2 13 42 43

19

14 17 27 44
33
1 22 36
39
37
26 38


17
9
5

12 32
1 2 28
21
3 6 39
17


38 40
17
14 47
19 22 29 32

22 46
17 23 49
36


15
34 36 41

0 46
42
11 26
0

5 42 45
26 33
16 21
42 47
31

13 14

18 23 46 49

28 35
16 18

5 14
35 41
12
13
4 41 48
35 40

39 42

3 49
5 27 44

20 34
21 29 45

17
18 43

0 37
38

15
25 33
6 18 35 40

17 26

0
38
15

33

10 46

25
25 27
8 9 11
4 18 35 37
0 24
35 36
43
9
11 18
26
37

4 6 34 42
41
13
16 42 49
21 46

6 30 41
2 20 21 25 34 43
7 48
3 38

1

29 40 48
30 40

18
20
9 12 24
4 28
8 32 49
40 41
15 48

38
1 9 21 26 31
10 23 37 44
13 28
35
7
22
6 20 22
34 36 41

5 24
29

8 19 20 33 34
34 37
3 10
5
12 24
12 13 17
10 32

20 21
41 44
22 36

14 15
11
48
1 9 12 21 23 27
17 24
40
5 11 36
29

13 28 33
6
24
13 35 43
29 46
17 36

38 46
1 47
7 12 16
23 35 44

8
9 25
15
25 36
2 14
13 39
25 28 46

46
26
15 43
3 11
4 49
22
48
6 20 31
26 35

3
27 34
24
9 30
26

45

4 14 31

1 9 23

4 22 33
43

33
15

21
39
6 25 35
18
29 34
33 35 49

21
6 47 48

1
30 33
19 43
19 33
2 8 9 18 32
9 25 44
14 22 29
20 49


29
13 23 33 39

32 45 46
32


34 41


9
22
39
44
24 49
35

26
22
4
46
46
11
44 45
39
38
10
0
15 21


13
10 44
1 5 6 19
7 27
4 29 37
13 32 38
17 27
3 19 26

25 31 32


3 17
18

12
6 39

5 30

36

20
9 44

22
4 36
17
24 38
34 41
10 11 49
23 27 30
14 25 33

12
4
12 28 37

17 37
37

0 5 7 8 21 36 44
15 34 46
20
31
39

0 4 11 26 28 43 48
10 18 21

7 26 28
2 12 13 26
9


34

6

15 17 40
3 25
0 16 33
13 26
19 46
2
20 46
35 36

0 14 42


5 17 27
23 25 42
48 49


19 31
2 6 14
38
15
11
6
15 17
45
28 36
9 21

30 38

33 46
23
49
12 41 43
13
6 40
2

11 36 44
17
3 8 37 41
4 19 44
40
0 8 13 36 38
13 42
0 46

37
16 25
2 37


29
18 39
34 44
0 6 17 45
16 33

16
30
37
9
28
23 30 42
1
43

34
21
12 41
6
33


22 29 39 41

19 45

7 39
15

10 31
27 44
12 22
24
19 37
2
5 38
27 34
40

9
8 27

12 47
43
0 3
39
48
40 41
13 15 40
36

10
1 5
30 38

3 49
12 16 38
18 21 23 33


25
14 44
1
10 35
48
5 49
4 26 43

19 45
39 41
26
8 40
7 26
25 29
10 40 47

29
36
38
11 23 39

29

22 23
13 20 25 35

3
6 9 29 47
12 15
31
14
3 30
43
19 37
37
11
2 17 28
42
45
14

11
18 36 47
10 43
32
16 34
12 23
7
3 36
34

12 47
41
8 9 49
27
24 32


8 28 46
43 49


27 36 37
0 28 44
15 29
35

36
2 6 23 46

11

2 18 40
25
47
0 2 33
36
35
9 10
12
8
18 21
0
27
25
27 36
31
2 17 20
34
1 12 17 48
21
26
31
27
33 49
43

12 15 17

42
6

17 41
15 33 45 48
31
37
11 43
0 38
3


2
15
12 28
9 13
12 31

3 8
19 25
13 29
27 41
46




19
38 39
34 40
14 17
5

40
30 36
31
39
28 42 44
6
41
19
6
14
42
17 28 47

8

22
10 40
46


44
4 31 41 45
2 25 36
4 40
16 17 35
10
25 48
5 22 25
28 46
1
12

0 8 16

1 29
11 40
1 37
39 48
13 26


19 32
1 20 26
4 10
0 12 24
10 11 13 17 43 44
0 8

17 19 30
4 13
0
37 41 44
6 27 29


2 3
19 21 29 32 36 37
1
41
38
37
20 39
0 9
40
17 46
16
45
28
21
19 27
8 34

4


20


14
20
38
10

10 35
1 9 22
29
12 23 31 35
27 48
9 21 33
31 36
19

3 22
38
0 5 28 29 33
32
1 3 8 15 46
8 45
30
18

21 35
22 30 32

24 34
10
0

30
17
16 33
5 6 10
35
33
30 38
38 43
20 38 43

38
1
27 29
28
41 42
5

2 31 40 43
7 10 46
26
41
7 16 35
29

40
8 20 30


9


9 23
1 38
6 39
6
6 13 18 30


8 11 26
22
3 47
16
33
34
43
16 26

5 23
15
23

1 23 30
3 24 46
27
7 28
0 14 48
2 18 21 30 34 39

12 16
25 28
27
38
30 31
20
13 14 19 42
6 31 47
34
1
20 47
7 24
26 38
42
32 48
1 13 41


18 26 46
37 41
23
36 46
1 49

11
24
17
4
4 46
5 9 25 45



2 49


2
11
44

13 24
29
14 16 48
18
18 19 41

8 15 21
9 43
0 20
48
15 44
0 6 24 41
23 39
21 40
21
17 47

32
9 41
25 32
2
45

9 28
15
3
13 27 49

3 32
6
49
11 32 36
38
1 37 41
44
1 41
6 25
39 43


49
2
1 18
6 9 26 43
3 28 40 47
26 30

49
45 46
37
32
7 29 45
13 22


0 4 10
19 21
22 41


12
12


32
38 39

7 33 45
27 33 34 41
0 2 37
41 48
45


48
12 18
6
9
3 22 33 40

6 44

36 45
7
6 18
11
38 43
5
48
29
19 41
40
46
12
19
45 47
28
30 31 36
7 13
4

34
15

10 42 47
3 38 46

14 18 36 45
0 36
23 33 43
13 29 49


18 40
3 31 45
34
25 29 47

31 35

17
0


48
49
27
12 17 23 30
1
18
6 7 8 47
22 41
31
19 22 49
27
35
10 43
32
23
49

30
16 26 27 38

45
38
3 4 21 34
33
1 38
47
37
35
25 30 32
21
17
13 20
25 48
29
24
47 49

27 40

5
16 22


7 9 23 34 48
24 29
46
4 38 41 49
16 27
9 26
9

11 31
9
38 42

19 34 41

20
14 31 45

6 12 38
32

1 31
35
5 40
20 30
14 41
32 40


10
28

1
3 12 26 28
4 14 35
32 35
33
5 20
4


29 33

20

3 22
23 37 49


25
33 47
3
9

4 35
2 21
38
5 30 49
10 29
9
41
32
35

22 30 34 46
8 23
4
18 31 33 48
38


22
22 41
3 35
34 44
31
8 26 40
3 8 44
14 17
16 18 22 23 30

19
42

8 20 47
27
5 20
8
7 20 32 35
4
41
42
20 23 40
1
13
6 19 28 30
43
2 35
1 27 44
12
3 19 29

5 35

29 42
2 48
37 44
16 25 35
6 29
42 47

0
17
7
6 46
8 48
14 26
44

32
0 34
2 7 8 46
14
22 34
4
26
37
38 40
23
23

7 48
31 37 43
31
30
25
1 21 22 24

19 36
6 18

42
26
7
29
27
47
2 10 14



9
41
47
39
27 30
7 31
16
9 36
13 33
24
9


17 38
19 34
16 27
22
32 38
38

11 31
0 45
5 16
18 47
9 24 46
4
2 18 34 46 49
2 43 44
7
15
0

5
0 25
23

19
17
36 39

0 14

42
5 26

2 41

13
3 13 16 48
41 44
15 19
8
18 23 27 31 33 39
13 27
31

32
5 46
1 25 46
8 24
4 18 25 43 44


17 49


44


0

13 33
14

18 42 45
24


9 21 24 48

34
26 32 49

2

11
30
11 13

9 21 32



12 47
29
5
9 10 13 31 44 46

2

6 10 29 37 38
9 27 48
1

10
40
28
0 31
2


23 48

17 37
39
40
9 37
31
23 46
35
35
8 35
45
2 16 23
2 42

6 37
1
13 41
4
21

2 7



45
5 20 28 33
13


6 26
8 32
7



17

6 8 27 46
46
6 35
2
4 23


40
4
32 43 49


25
0 6

10
20 27

7 46
8 24
1 6
10 30

5
12
16 35
45
15 41 43
13
7 12
10 23
0 5
23 34
17 28 42
33 44
47
14 24 49
0 6 39
35
35 38
10 22
15 41
7

9
20
29

11

29 35
38 42

6 42
47

19
15 26 30
30
36 46

8 37
25
6 46
9 34
19 38 42
10 31 43
1
31
28
12

4
16 20 30
18
18 44 45

46
41
26


25 29
36
41
23 42 49
45
12 13

24 28
5 18 27 49
46
5 6
21 25
12 16 28
42

23

28 35
48


5 27
11 15 47
26
2 6

12 22 25
36

31
4 7
0 19 32
11 27 39 40
36
12 20 31 47
38 43 46
11 29

17
5 17

3 4 24 25 30
30

1
24 31

6 32
22
21


9
31
38
43
6 47
1 15 16 37
44
20
6 11 24
15 30
43
1
18 42 45
37
11 39
32
5 11
44

42 49
25 42
3 21 33
1

5 35 42
33
13 14

13 29
2



5 11 24

11 27
8 31


1
31
20 30
13 24 33
10 12 18 19


9 14 42
1
21
13 33 37
14 41
20
1 9 16 38
5 15 44
13


16 29
0 15
27 31
23 35 43
23 28

33 47
0
37 38
36 47
31 44
0

43

3 11
49

26 48

17

20
10


43
27 36 40

33 47
2 28 29


10


4 49
19
16 44 45
3 14
20 48
3 26 44 47

36
12 28
11 18 24 25 27 41
14
15 27 39
32
34 48
14
16 27 47


8 20 32 41
40
30
5 48
10 16 36 43
8 42
19 25 26 39
18
14 21 35
32
19 40
26 30
31 34
45
23
23 33

20 46
24 26
9 12 49
24 27
26 46
9

43

22 35
46
3 32 34


5 42
5 44 48
14 22 48

10 11 24 40 43
15
4 14
36
9 19
1
11 21 36
12 15 33
5
6 46
43
15 19
20
24 30
2 25
39
32
19 30 35
2 44
2

34
14 44
28 48


3 23 29 48

46
16 38
8 9 21 27
24 34 49
21

27 49
41
4 34 35
27 46
32
3 42
5 34
5 10 28
2 19 35 38 44
20 36
18 37

35
12 39
20 37 39
13 48



0 33
34
0 3 12

13 14 23
0 23 39 43
33

6 20

6 36 38
15 33 44
12 34
31 39
19 28
11 22 26

39

15 36


15 43
7

32
5 32
1 7
12 33
2 36 45


3 20
14
27 41
5 11 38
7 42
48
21 30 44
12 15 21 32

10
39
20 36
1 28 43
10 48
3 39
37
2 5 25
21 41
12 19 38 40
0
5 29
2 20 23 48

33

24

5
13 44
38

5 9 27
10
44
18
17 26 28 38 44
2 36 37 43
31
27 30
45

47


16 17 49
13
25
27
19
9 10 30
17 20 45 47
25 37 47
31 32
47
2

9 16 33 35
26 28 44
3
0 22 49
46
37
23
2 18
40
6 32
32
7 30
9
24 27 43 47


39
24 33

8 27
33


4 21 48
18
40
18 40


18 40
5 32
17
11 16
16 23

4
33
13
31 43 48
44
0 2
29 39

19 45

9
18 30
24 33 48
12 41
37
1
26 28

11 25 34
22 30
6 33
27
32
12 26
5 27 34
18

11
46

12 20
7 24
19
44 47
16 21
34
23 35
22 27
1
44
0 1 2 19 41
37
5 6 30
35 43


17 38 48
2 41
35 41
5 10 35
17 39
36
6
16

1 15 18
7 33 34
18 19 27
38
44 45
29 49
21 41
7 47
11 43 47
3 6
14 44
8 24 36
5 6 13
36

37
1 15 16 35
3
46
14
4 13 36 39
6
7 12 14 35 47
9 47
7

30

36


24 40
40
49
19
5
21
0 10
38

26 43
10 17 44
17
4 48
15 25


46
5 26 36 46
49
21 30 37
42
36 43
32 46
17 21
9 41

16 17 36 41

19
14 21
8 24 37
6 12
23
16 31 38 47
0 42
4 33
4 24 29

13 16 47
1 37
12 35
17
3 5 15 24 37
29

14 37
3 34 41 44 46

19 34
14
27
11 37 39 45
19
36 38
32
11 30

22
7
0
14 23 28 43
6 10 35 44
25




4
46

2 36
42 49
39
22 37
20 36 43
19 42 43
17
28
26 34


5 20
33
11 34
27 35
39


47
2
12 29 43

38
31
12
2 25

11
14 44



31

20 35 44

32
8

14 49



11 12 13 33
18

19 26
5 40
47
18
38
1 8 29
11 34 42

6 28 29 41
44
3
13 31
1 7 49
6 28 29 37 44
38 40
25
26
28
2 39
12 31

15
17
0
37 38
21 39

3 18 27 45
6 28 31 37
41 45
45
36
3 35 45
8 30

5 9 15 18
34 43
12
8
26 41

39

0



47
30 49
16 34
48
19
15 40
15 36
10 40
34 44
28
11 27

44
4 25
2 5 44

22 42
18


1 10 46

13

41
48
0 20
3
29 36 39

7
32
6

4 21

43
15

3 5
26
27 39
0 7 13 42
27 31
5
36
18
36
11 22
0 15 41 44
47

17 30
14 24
20


12 26 41
23 38 42
0 11
4
20

4 13
32 45 48
17 20 43
22
21
30
10 40 44
44
10 40

33
11
29
11
27 41 43
7 25 26 31
5 31 33
5 26

9 48


28
30


11 23 31
23 44
10 23
21 31
6

12 22
17

30
5 31 49
0 23 36 49
17 37 43

24
12
1 13
7 8 31
29 32 42
46
34
15 48

36

39 44

23
46
19 20 45
29
18
21


0 5 32
12


10 18 34 37 46
6 49
31 34
4 38


8 12 13
4 11
8 32 33
0 12
0
33
5

31 44 46
38

33
27 38 45 46

11
26 33
0 35
12
29 47
13

16
20

3 4
34 49
18
14 25 35 39


10 23
12 31
9

38
9

47

0 21 27
31

20 22 31
7 19 44
15 16 35
29 42

35
27 35
43
13 23 35 38 47

3 17 18 19
16
17 18 30

14 18 40
36
38
25 29 46
18 27 30
30 45
37
2 22 45
46
46
39
25 28
39 45
6 42
1 15 26 28 34



8 26 29 46
18 30


0 6
49
10
19
12
38
25 27 45

14 46
22

11 28 32 42


3 48

10
9
2 8
4 36

15 18
10 21

24
14 18 27 33
16
33 46
10
22 40 42 47

8
30
8
13 45 48
7 16
2 8 17 27 35
20
17 41
12
6 25 40

32

20
18
13 17 26 28 34 44
3 40
47
24 32


11
33
4 27


0
13
43

10 19 43
2 21 22 42

28 44 48
49


34

10

37
22 38
18
0 1
31 40
14 36
39
35
13 26
1 3 40
1
25
45
2 9 25 36
38 42

3 42
6 26
17
38
7 9
45
36
11 26 37

9 10 36

33

2 8 11 26 29 31
20
18

32 33
4 11 29
3 22
4 9 14 26

49

37
38
0 5 8 36
32 34



21

20 23
16 26
0 34
29 30
35
2


34
47
43
28 31
0
46

42 47
0 12 13
7 42
40
19
9 30 31

1 5 37


1 19 46
43
36 49
7 21 37



0
12

18
32 45
26
33
45
40
25
16 28
1 3 46
5 19


12
5 41
28
3 5

0 15 19 20 36
1 19 27
39
7
19 34
24 27 41
6 29

15 29 48
11 49
24
16 17 18 30 42
4 15
0 1 27
14 44
5 18
4 42
3 29 47 48
17 28 44
47
21 27 28
26 36 39
8 10

1 47
23 48
40 43
12 13
0 12 46
45
34


0 12
17
1
22 33 35
22 47
39 43 46
10 20
30 36

5 17
6 33
11 25 47
23 27 40 47
45
19 32 36
25 38
18 22
18
5 11 37
26 48
1 46

0

26
27 31
24 27

9
36 37
31 34
18

1 6 15 18 30
8
47

21

15
18 36
39
3 6
11 15 32
6 19 35
19 21 27
7
26 47


23
2
0 31 36
32
6 11 19 46
43
17


5
6 19 29 49
1 7 44
19 33
9
1 32
6 29
31 46
18
22
11 38 49

23 30
26

7
15
1 2

22 40
2 37

6
31 41 45
42
12 48
8
18 27



3 49
19 23 34 44
8 16


14 32
30
2 20 34 49
10

30
2
45
30
27
13 22 26 44 45
4 31 47
25 29
12 31 42
14 19
31 42
0 22 46
0
24 49
38
13 40
7 28
49

31 46
9
7 19 46 49
12 31

26
4 38
23 37 43
22
29
18
37 45
6

15
12 20

19 21 49
26 43

26
22
42
5 8 32
1 43
20 39
39 45
43
4 15 40
13 33
19
2 45

24 27


14
42
25 45

6 45


0


16
28
8 45 49
18 41
17

23 38

5 25

35
5
7 8 14 43
18 42
4 12 15



4 11 17 33
21
48

13 24 31
42
26
9 40
17 47
20
6 20

5 12 49
22
14 15 16


2 14 34

4
5
34
26
2 8 33
13 23 27
1 14 19 22
0 32

3 9 28 44
33
24

31
8 9
6 16 28 41 47

4
38 45 48
3 19
4 13 31
18 25 49
31 48

32 37 40

15 40
31
20 27 38 45 48
0 19 24
12 20

30
19 37 49
33
37 44

13
12 26 43 46
12
0
13


7 37
0

0 1 5 44 46

28
12
19 41
11
38
48


0
27 29 45
6
20 49
11
29
35
10 13
4
22
9

3 11 17


21

40
6
20

6 12
20 32


0
9 14 15
29
5 25 28
12 20 25 31
6 43
30 47

15 43
2 20
18 30 34 40
10 15 39 45

45
11 14
8 30
24 38
33 42
28
4 26 27 32
25 38
1 37 42

26
34

29
39
11 16
36 48



10
17
33 43
15 26

12 15 28 47
44
11 20

9 10 43
5 41

10

38
49
12 16
47

3
18 31 34
34
19
0 2 8 22


20 43
10 27
4 18

7 32 43 49
5 36 42
11
46
21 30
20 41 42 46
30 48
2 36 49
43


17 32
15
24 45

23 24
42 46

2 47
11 19 35
35
0 10 29
39 43
7 31
39 44
1 2 7 17 40 46
28 30
0 12 16 34
11 12
37
39

21


45
6
39 46
0
1 2
28 40
0 30 34
46
1 20 28
34 44
4 11 15
25
30



44

21 29
39

15 28

44
42
11 36
17 20 30
12
23

44
22 25
7 27 29


8 35 48
44 45

41
4
3 4 38

24 27
10 43

2 44
16
10
10 15 22 23
4 13 25 27 41
23 40
40
16 49



16
6 16
39 45
25
22 45
20
26
13
19 27
13 44
38

19 33
14
3 37
20

24 45
45
25
15
3 23 45


10 39
45
19 29 45 46


21 35 36 37 47
5 26 34
27
16 33 47
15 17 22 26 39 46
3 10
27 31 49
20 38

12 23
28 32
15
12 19
26
22 28



45
7 35 37

21 22
3 40
33
18

37 39
2 48

8
0
8
5 18
25 30
29 42
0 16 41
20
32 38
3
38
13 35 42
16 43 46
8 24
2
6 10
1
29 33
25
36
16 21 47

8
43
42 48
12
24 43
8
21 25 48
4

33

1 22 49

3 17 25 45
34 37 39 45
9


12
27

38

11 20
2

0 1 7 39
19 46
3 18 25
13 14 21


17
44
29
11 30 48 49
3 11

5 24
21 41 43
6 32 38
37
6 44

16 23
10
5 14 28 41
8 20 26 43
34 46
31 38
24 49
26
11 19 44

5
1
23 34


4 20
5 38
33 34 43
21 34

29 38
1

37

20 28
8
47
14 28 33 42
13 33

23

15 26
13 38 48
29 31 40
37
5 27 48

2 31
1
8 49
11

6
30

15 25
20
5 14 15
5 15 22
12 24
13 22 44 47
0 12 17 38 43
6

12 29 48
1 12 26 48
0 2 5 15 39 47
20 28 31 32
2
5 15 16 47
6

5

2 5 15 23 31 42
19 37


47
13
5 10 15 44



8 27 44
9
10 25 34
11 24
13 30 32 37
1 19 36
9 21 39 41
5 9
8
3 25
3 8 31 47
30
6 17
46
5 13 15 29 47
4 8 41
47
20 29
17 26
19 21 25
5 26
8 11 21 49
20 49
16 40
4 8
5 15 16

18
36 43
5 36 42 49
48
16 49
24
12 35

5 8 15 44 46

5 28

24 43
40

11 38
14
2 14 38

15
1
5 15 36 37 38
24

32
0 5 15 31 32
43
3 24 44

24 30 42
35
5 15
18
10 36
11
14 17
5 15 18
14 19 46 49
7 46
31
3 11 27 46
12 44
20 42

39 41
5 15
10 13
5 15 37

17 25 47
5 7 15
35 46
9 32
41 46
3 28 40 42 43
13 43
5 15 36
29 38
24
43 49
41
3 13
49
18
4 14 33
2 41
0 23 43
15
24 32
26
23 45
5 10 15 39 40

5 15 21
5 15

22
5 15
9 42
0 32 37 42
3 10 49
19

31
31 39
27 40

9

7 18 20 35
19 37


5 15 33
16
5 11 13 15 45
5 15 18 39 49
5 15
29 44
5 15
5 8 15 38
13 37 49
3 10 11 23
31
5 15 40

5 23 43 44



18 36
5 26

16
15
5 15

5 10 29 38
16 39
9 15
6 11 27 31
0 5 15 38 40 44
5 7 15 36 44
13 42

8 17 36
22 46 49

5 15
21
27 29 31 36 41
13 14 27
4 20 49
43
12 25
5 10 15
3
21 30

5 15 43
8 10 16 41
39 44
15 25 40 45
20 29 38 40 45

6 14 22 47
23 42
20 29
37
7 16 48
7 28
18 40 45
5 7 15 25 45

14 40

12 28
42
4 17 36

25
12 33
40 45 48
3 41
27 44
15 31 40
12 24

21
9 39 40 43 45
5 15 44
3 9
1 5 15
16 35 40 45
40 45 46
26 40 45
45
36
16 20 47
5 15 18 28
39
38
7 40 45
8 40 45
40 45
32
9 22 40 43 45
5 13
23 40
5 8 15 18 36 47
11 23 48
40 45
5 15
5 15 16 21 36 49
5 30
8
15 43
13 40 45
33
40 45
22
5 15
19
17 20
34
3
20
2
17 20
40 42 45

0 5 15 25 34 47
20 30

24 41
40 45

10 19

16 32
5 15 29
24 40 45
29 40 44
2
5 6 15 30 39 41
40
1 5 34
1 34 35 40 45
32

11 16 21 26
40 45
20
4 5 15 32
0 31 38 41
5 6 15
20
36
48
25 39
16 36
13 43
27 34 36 40
6 14 31 47
5 15 32 45

10
19 42
48
0 3 29 45
0 18
16
3 10 26 30
5 36
1 7 40 45
0 28
20 23 34

10 34
5
11

5 15 24 45
5 15 28


3
44
8 31
18 19 44
22 40 45
5 29
11 36 43 47
39 40 45 46
2 40 45
5 10
27

20 34
5 8 21
5 15

46
3 16 30
33
5 6 15 47

9 40 45
17 21 24
28 36 38 40 41 45


5 15
34
8 17 26 41
8
5 15 22 25 48
37 39 40 45
34
13 28 40 45
34

25 28 32 38 40 45 46 47
10 25 26 29
5 15

34 44
26
20 40 45
23 29 32 40 45


40
40 45 48
8 45 48
14 24
11 21 30 38 42
9
9 20 46
8 41 43

8
40

12 23 44 49
14 38

8 29 40 45
5 15
4 40 45
18
5 11
16 19
4 5 15 19
3 16
11 31 40 45
17 48 49
11 22 25
21
0 5 15 20
5 15 16
25 33 43

5 15 16 25 27
40 45

2 15
22 32

5 15 23
40 43 45
23 40 45
5 15
1 5 15 32 33
38
5 15
1 8 38 44

5 15 37
4 20 34 42
12
31
48
32 41
5 15 17
35 37
37 40 45 49

21 37
15 26
0 22 37
6 15 41
5 15

5 15
2 16
5 15
18
27
38
38

29
5 15 17
9 11 18 40 45 47



3
5 15
5 15 22
8 40 45 46
27 33 39
26
32 38 40 45
40 45
12 20
18 22 24 29
18 30 40 45
17 42
19
23 37
5 15
40 45
33 45
31

13 16 39 40 45
17 39 40 45
17 45
14 40 45

0 10 40 45
27 45
5
5 6 11 15

0 5 26 40 45
18 43
26
40 45
0 5 15 17 39
22 31
44
9 40 42 45
40 45
18 25
30 32
6 34 38
38 40 45
4 35
18 31 43 45
25 40 45
12 14 40 45
5 15 20 24 35
47
4 7 14 18

40 45
5 15 24

9 26 42
6 18

30
5 15 33
5 15 36
19
40 45
23 26
21 46

5 15 24 37 41

20 27 33
15 24
8 13 24 32
23
16 48 49


12 36

5 14 15 16
14
4 14 35 40 45
6 20 22 34 43
31
5 15

13 15
42
8 36 40 45


5 15
3 36
5 15 34
16 40 41 45
3 38
31 35
24
15 40 45
0 7 30 31
5 15
24 36
5 15 37

0 17
8 49
5 15
48
43
48
13
2 28
40 45
5 15 23
40 45
7
0 26 44
5 15 34
36
19 46
0 40 45
25 30 40 45


5 15
20 37 39 42

11
15
10
0 6
6 11
1 7 36

1 5 10 15 21 44
26 37 40 44 45

37
5 15
40 45
2 31
1 2 13 14 42
4 36
44
39
40 45
17
8 40 45
27

36 40 45


40 44 45
9 32 48

4 12 28 40
5 9 15 19 33
0 27
3 29
5 15 20
40 45
29
48
15
5 15 22 49
5 13 15 24 34
0 5 15 41 48
27 36
26 37
5

49
1


2 40 45
37
2
25
23 34
1 5 15
31 40 45 47 49
2 3 5 15
5 15 41 43
46

3 15
9
2 5 15 36 43

1
5 15 17 30 32 41

28
22

25 40 45
7 18 43


7 17 22
8 13
40 41 45
40 45 48
9 22 40 45
26 39
5 15 18 44
11 34 42
20
40 45

5 14 15
5 15 37

4 40 45
40 45

12
6 23
5 15 29
5 17 19
14 45
8 12
29 42
0 27 37 41 42
37

7 28 40 41 45
12 19


5 15
17 47
21
5 8 15 38 42

20
12 42 48
16 20 28
4 28

1 27

15

13 31 33 47
4 6 15 27
4 40 45
12 30 33 47

1 5 7 15 29
12
30 32 40 45
25 40 45
5 15 21 38 39 49
5
24 28
40 45
32 39 47
32 33
3 23 39
9 29
5 6 15 29

38 40 45
1 3 9 28 33 40 45

27 36 40 45
13
6
40
5 15 17
38 48
4 31 42
7 8 26 31 48
45
23
13 34
29
16 26 34 39
15 32 41

40 43 45 46
21 23 35

5 10 32
4 15
35 41
25
35
48
5 24
40 45
5 15 31 41
9
6 12 28
17 20
5 15
9 30
25 33
25
2 4 11
5 12 13 15 26 44
6 47
6
5 15
5 15
30 31
28
22 38

31 32 36 40 43 45
5 12 15 23
40
0 4 24
46

5 15
7 16 21 22
27 38

17 39
5 15 33 40

30 36

27 36 43
40 45
18
9 40 45 46
24 36
12 23 42
23 33
5 15 42 49
7 21
2
4 40 45

15
5 7 15
26 48
10 13 29

15
12 47 49
15
5
26 34 44 46
1 34
7 13
24 26 35 40 45
5 14 15
32 48
5 15
7 29 43
13 33
12 41 42
18 27 40 45
35 46
5 15 25 44


32
31 39

10 17 20 24
0 2 39
8
1 11 16 40 45
0 1
13 19 21 36 37
46 47
41
25 40 45
26 40 42 45
0
17 44
5 11 27
4 12 19 38
22 30
5 9 15
27
5 15 27 39
5 15
25 42
5 15
24 30 33
5 6 15 21 44
24 40 45
23
10

4 16
18 37
5 15 42

11 13
42 47
4 13 40 45
4 5 15 39 43
19
17

7 32
10 18 26
26
11
5 22 29
2 40 45
5 15 31
5 15 35
20
5 7 8 15 33 39
32
38
31
23 40 45
26 35 40 45
17 31

0 5 7 40

5 15 35
5 15 23
23 32 41
43
19
30 42
2 3 9 26 40 45
9 44
13 29
7 49
5 15
14 38
13 24
4

20
5 15 16 23 36



48
20 24 49


14 31
2 3 13 24

9 27

1
8 40 45
5 15
5 15 41
5 15 39
2 5 8 15
36 42
0 6 20
5 11 15
17 40 45
5

40 45
6 10 12 30 45 46
10 40 45
6 33 34
5 8 12 13 15
7 17 29
28 29 42
18
7 12
21 24

17 31
24 40 45
40 45
11 48
40 44
34
40 42
34 44
7 38 41
38

18 41
10 16 28
40 45
5 15 18 32
4 38 40 45
42
40 45 49

0 5 15
14

5 15 46
5 10 15 32
40 45
8 20
17 27
16 40 45

6 37
4
2
5 15 21
40 45
16
32
2 40 45
4 31
40 42 45 48
37
5 15 22 29 32
34 39

8 42
20 43


17 24

31
45
28 30 35 42
5 15
13
19
5 15 24 37
5 15
9 37 40 45
13 38
3 4 40 45
0 5 15 20

9 49
23 45
45

5 15 29 31
19 33 44 47 48

17 36 37 40 45
5 15 27
12 15
24 32
20 37
1 20
45
5 15 28
3 35 40 45
9
21
5 15 21 40
5
22
36
38
14 40 45 46
49
40 45

25 30 40 45


10 23
34 40 45
16 26
5 15
34 41
1 5 11 15 18 46
31 48
5 15 46

8 16

6 10
5 15 46
8
40 45
12 40 45
12
2 19 22
34 40 45
18
6 37
32 39 40 41
2 27 40 45
5 15 21
40 44 45
5 15
30
2
0 31
16

16 18
21
11 36 48
40 45
36
8 44
19 25 32
5 15 48

13 25
33 40 45 48
3 39
8 21 40 45
34
0 5 15 45
0 10
5 15 33 34
8 11 29
29 32
5 15 25 31 41
3 12 23 40 45 48

5 15
44
8 17 30

12
33 40 45
18
37

4

18 25 48

11
5 11 15
38
20 40 45

26 29 44
40 44
40

40 45


15 37
5 15 31 33
14 17 21
18 38
7 45
12
4 37 46

18 40
20 23
34
0 40 45

0 48
44
5 11 15 30
28
10
45
5 12 15
48
31 44
10
8
33
40 45
35 40 45
9 44
5 15 32 44
47
44
5 15 20 36
38 40 45
48
2 16 19 24
36 43
4 40 41 42 45
11 15 18 23 42
27 39

5 25
7 17 40 45
26
29
1 3 6 16 20
10 15 40 45
31 40 45
40 45
5 15 25 36
5 15 39
2 12 16 37 49
2 19

3 8 27 40 45
40 45
0 8
48
14 16 34


22
5 15 36
18 20 40 45
40 47
30 34 35
1 9
24 39 44

11 17 22
28 40 45

13 45
45
4 31 39
24 33 37
2 31 49
20 28
15 40 45
41
5 15 16 21 39
1 8 20 25 40 45
4 22
25
3 38 40 45


5 15
10 11 12
10 40 45 47
14
40 45

40 42 45
35 36
48
40 45
3
16 47

5 27 31

7 27 40 45

8 19 39

38 39 40
34
1 25 40 45
29
44
5 15
5 7 15 31 34
5 15
5
40 45
36
5 15
6 43
7 14 17 33 47
5 15 44

31 40 45
24
10 39
15 42
36
40 45
5 7 15
46
34
7 32 34

6 38
15
28

4 5 11 15

15 22
14
5 15 46
5 15 31 40 45


14 18 33 40 45
0 7
7 39 40 45
21 46
5 15
31 34 45
1 17 37
5 15 43
3 10 40 45
3 5 15 38
5
40 45


11
19 29
7 15 39 40 45
40 45 46

3 40 45
19

2 40 41 45
40 45
42
14
23
2 27 40 45
11 16 47
3 23 40 45
2 13
6 31
36
5 15
3 26
27
0 8
9 19 29
5 15
5 12 15 27 40
3 45


23 44
5 15 30
14 42 44 49
11
3 22 37 39
4 9 22 41
22
25 27
8 13 16 25 44
12 40 45

5 15 22 43
8
36
4
24 40 45
5 8 15
5 15
35
26
14
27 37 40 45
30
26 32
40 45
10 21 23
5 15
3



3 10 45
1 3
43
5 10 15 23 45 47
5 15 16
40 45
4
36
18
5 10 35 40
8 28 37
0 5 15 35
18


5 6 15 44
5 14 15
40 45
33
9
26



41
8 21
35
5 9 15 19 24
21 36
24 40 45 46 49
5 7 15 32 40
40 45
5 15 27
6 15 19
40 45
4 41
5 11 15 29
0 8
36 40
10

0 7 23 49

44
46
30 38
10 26 40 45
39 40 45
45
11 13 39
10 43
35
21 36
25 40
23
33 40 45
7 13 34
5 15
17 22 42
5 6 7 15 39
25 40 45
9 16
27

0 30
8 32
30 40 45
38
5 7 15 21 28
27
12 39 48
14 16
5 13 15 20
15 17 27
0 27
40 45
38
16
40 45
22 32 47

14 20 40 45
21 23 40 45
6 10 20
20
18 32 40 45



41



21 24

5 15
10 40 45
24
18 26
40 45
5 15 24 28 36
3 5 15
0 29 32 48
6

39

40 45
28
5 15 38
5 15 16 29 46
1 6 27
28 31 32 38 45 47
2 5 12 15
2 40 44 45
45 48
0 2 5 15 30
40 45
40 45
4 46


33
49
0
5 7 10 15 24 25
3 40 45
13 17 27 32 33
9 40 45
5
9 21 40 45
21
21 38
32 43
3 5 15 33
2 40 43 45

46
39 40 45
5 7 15 34
16
26
26

28 47
11 14 27 38
11
11 24
47
22 27 41 48
5
6 19

15 20 38 40 45
10 29
35 40 45
32 33 41

30 43
24 25
8
5 34
28 44
27 45
0 5

6 26 33
2
30 37
1 8 32
7 10 29 40 45
5 15
9 39 49
20 29
19 24 44
7 22
0 8 10 40 45 47
40 45
44
24 40 45
8
10 12
1
0 18 22 34 43
23

5 15 21 22
16 29
26 40 45
35 39 44
5 15
0
21 39 40

2 28 40 45
34

5 15 41 44

0 8

40 45
7 18 32
41 42
34
19 34 36 40 45
22 26
6 11 30 43

5 15 23 40 42
30 35

1

5 12 15 21 44
28 40 45
22 36
5 14 40 45
34 40 45
5 15 42
5 11 24 40 41 45

14
8 22
21
40 45
5 40 43 44 45

5 13 15 38 48
40 45
32 37 39 40 45
5 15
27

18
2 13
49
17 22

22 31
33 49
30
5 12 15 19 42 46
34 40 45
3 33 36 37
17 44
33 37
10
2 5 15 17 25 30 49
19 47

13

17 47
2
29 40 45
22 34
19 32
19 31
5 15
6 29
4
5 32 35 46
40
9 15
35 38
5 15 25
22
6 31 44 45
42
14
11 40 45
5 15
25 40 45
8
49
17
2 4 12
4 5 15 21
36
45 47
5
34
25 26




36 47
33 40 45
40
18
35
40 45

25
4 23 35 42
40 45
1 18 40
19
31
6 10 20 21

34 36 40 45
25 33
5 15 21
31

27
15
5 12 15 48

3
7 19 31 40 45
36 40 45 48
1 41
5 14 15 38 40
29

5 15 43
5 40
22 40 45 47
40 45
15 35 45



0 4 5 40 45

12 37 42

11 40 45
2 18
4 11

2 5 7 15 40

48
0 39 40 45
34 42
8 28 40 45

5 15 41
30 40 45 47

33 42
8
28 40 45
38 43
6 39 40 44 45 48
15 40 45
11 32 40 45
1 26 40 45 48
13


2 46
33 49
48
9 14 44
3 31
34
3 45
5 15 16 26 37
0 1 2 9 21 35 45
0 30
15
5 11 15
12 18 20 27 47
5 15 37

5 15 18 19

31 36 45
0 44
24 28 40 45
19
2 33

6 7 9 24 40 45

23 40 45

6 12 38
3 5 15 23 34 45
26
40 45 47
1 5 15 19
25 38 39
23
19

5 15 31

20

25 47
23 42

11 40 45
44
38 40
0
17
5 10 15
20
20 49
5 15 18 28

38
12 39
20 25
5 15
40 45

25
5 15
5 15 30
14 22
13 16 40 45
25 42 49
15 17 36 45
45


20 33
18
5 15 40
5 15
44
7 49
9
1 42
5 15 46
29 36 40 45

14 39 43
2 48
5 15 24
5 15
45

2 26
2 5 15
40 45
25 45
38
5 15
0 2 16

31 35 40 45
10
9 37 40 45 48

5 15

12 13 33 34 46
5 15
5 15
5 15
5 15 37
5 15
0 33
9

2 4 40 45
23
5 15
4 16 27
8 19
14
40 42 45
5 15 48
4 28 48
5 15
29 40 45
5 15
24 35 40 45
45 46
0 5 36 40 45 46
30 31 43

5 15
16


13

5 15 20
3 34 37 39 45
5 15 32
6 23 32 47
40 45 47
40 45

10 32 41
16 37 49
5 6 15
10 48
1 35
9
20 40 45
5 15 19
28

0
5 15 48
3 20
14
22
5 15 30
2
7 22 26 32 43 47

0 16
3 14 39 47
8 42
11 32
2 36
24 47
13 17 48
40 44 45
25 40 45
3 14 40
5 15 25 48

23
24 42 45
20 30
25 33 42
4 23 36 41
42
5 15 33
23

15
9 41 49
5 15

3 22 31

9
5 15
31 36 38 39
43
37 42
14 29
5 15

39
2 22 29
40 45
5 15
5 15 30

11 38
26 31

20 22


37
37


0 11 23 42 49
6 12 14 31 35 40 45
9
4 13 39
32
23

15 47
14 23
25



5 15 23
48
3 27

3 40 45
8 25 44
20 23
13 36 48
18
48
34
44
13 14
24 41
34

5 15 21 46
5 8 15

36
47
1 3 5 15 30
5 15 44
1
47
40 45
5 8 15 39
5 15
5 10 47
23 47
1 30 32
15 38

5 15
2 16
0 25 37
25 40 45
23 40 45 49
7 32 35 40 44


31 40 45
40 44 45
49
5 6 15
6 8 48
40

16
37 40 45
30
9 24 33
43
2 16 40 45
3 5 15 36 38
48
5

35 37 45
46 47
3 5 15

29 45

32 42
5 15 31 42
22
5 15 27 34 35


35

6 40 45

5 15
28 31 40 45
32
20 40

46
14 33
10 24 26
4
40 45

30 49
5 15 49
40 42 45
3 20
1 5 15 49
5
37
40
36
11
3 47
2 16
15 18

14 20
35
18
12 40 42 45
4 40 45
0 5 8 11 15
22
5 15
5 15 29 36
18
5 7 15 47
5 15 39 40 45
39 40 45
42
48
17
15
1 38
5 6 40 45 49
31 40 45
3 44
5 15 19 27
5 15 38
5 15
10
25 38
25 28
48
37
6 34

8 18
3 40 47
15 23 25
14 21 48
5 15 38

5 15 20

1 23
1 3 35
13 40
44
17 41


6 15 18
1 21 28 30
27 31
15 40 45
8
3
16 46

5 6 15 26 39
39
19 40
17
0

27
24 40 45
35

21 40 45
5 15 22 29
4 5 7 15 18 32 43
9 16 39
32 40
26 30
13 17
40
28 40 45
1 32 34
40

23

5 15

20 21 22 40 45
3 10 47
5 15
2 36 47
44
5 15
12
5 15
9 43 48 49
1

17
12 16 21 40 45
3 33 36 41

28 40 45
44
9 21 23
2 11 40
5 15

5 15 38
5 15 22 44
5 11 15 49
3 5 15
45
40 45

0 40 45
23 29




5 15 48
40 45
6 17
44
38 40 45
46
29 37
3 40 45
23
10
21
2 18 40 45
40 45


5 8 15
17 37
5 14 15 39
24
5 13 15 17
2
11 29 35
16
5 9 12 15 38
13 33 34

4 5 14 15 40
44
25 26 40 41 45
34 36
5 15 46
14
35
27
5 15 27
9 37

7
5 15 23
42
25 38 40 45
40 45
37 38
5 6 15 17
25 38
24 40 45
40 45
2 5
5 10 15 38
5 15 24 31
10 26 40 45
28
40 45
21
45
2
37 43
40
24
45
18 40 42 45 46
25 36 38 40 41
15 25 26
5 6 13 15 46
5 14 15 24 41
11 23 49
27
28
25 40 45 48
2 46
14 40 43 45
8 23 33 42
30 40 45
1 43
23 26
45
20 25

25

27
3 5 7 15
10 11 18
22
41
5 15 17
2 22 23
12 14
15 39 45
3 40 42 45
2 30 49
10 11 22 30
12 34 35 47
4 13 20
5 15
3 5 10
2 6 40 45
9 23 47
31 45
27 43
11
14 23
0 10 40 45
13 16 20

4 5 13 15
40 45 46
5 15 29
14 19 24 45
5 15
5 15
11

36
13 29 31 44
5 9 12 15 32
8
40 45
40 45
15
20 37 40 45
5 15 42
5 10 15 42
20 33
40 45
41
8 17 25


42
5 11 15
1 13
46
7

30

2 24 27 47
40 45
17
21 35 40 45
37
5 15 23

6 22 31
5 12 15 46
20 47
5 14 15
7

33
3 4 5 15 28
5 15
5 11 15 33

45
30
33

40 45
0 3

5 15
4 39
5 15 49
19 38
40 45 48
2 7 42
12
13 29
41
3 27
5 8 15 48
6 40 45
27
40 45
4 29
31 37
5 24 40 45
6 11 13 22 26
26 40 45
43 49
40 45
5 15 35
44
5 15 17
32 35
10
34 40 45 47
10
8 40 41 45

2 8 10
38
5
33
29 39
11 41
37
14
26 46
5
40 45
38
14
5 15
5 15 24 29
11 35
3 5 35
26 28 37 41 47
13 45
19 29
9 42
25
5 7 15 21 27 33 34
5 14 15 39
12
42 45
16 28
8
5 15 38
40 48
5 15 41 45
15 35 39 40 45

2 6 35 40 44 45
5 11 13 15 21 40
34 35 47
3 40 45
21
25 36 45
13 23
43
15
31 35

2
30
21 39 40 45
40 45
33
26

5 26
22
4 15
5 15
12 37 42

6 8 49
5 15
12 37 45 48
6 39 40
42
5 11 15 33 35
41
0 27

3 31
38
29 40 45
0 29 40 45 49
0 5 13 15 21 42
26
10 30
5 15 21 25 30
0 46
4
10 40 45
12 40 45
1 14 34 39 40 45
8
5 40 45
49

6
1 5 26 40 45
5 15 29


5 11 15 36
24 26 33 40 43
49
10
11 28 30
27
1 16 30 45
7 32
5 15 48
25
5 15 21 39
13
42

12 20 37 41
12 40 45
14 40 45
24 46
24
17 19 46
10 35 38 40 45
5 15 40 48
33
5 15 40
7 8
23 47
16 24 36 40 45
34
8 16 25 27 28 36
31 32
29 49
30
42
5 15 48
7 28 29
4
40 45
38 40 45
5 15 28
1 5 15
13 15 31
4 9 26
40 45
29 32 35

22
10

3 5 15
5 15 20 26
13
16 49
33 40 45
33

22 48

30 43
30 41
26
3 30
8 37 46
24 31
33
13 17 26
33 40 45
44

4 40 45

6 40 45
10
15 25 32
4 10 16 28 38
42
20
39
5 15 18 25 30

5 15
2 17
16 33
13
18 25 49
5 11

5 15 25 39
14 21
37
29 33
14 24
34 35

1
32
5 7
6 28
11 17
40 46
5 15 41
34 40 45
24
26
21 40 45
4
5
29
0 27 35
30
3 37 42 46
1 5 7 10 15 28 33
5 7 15 23 34
18 40 45
15 33 36 39 43
5 15
5 8 15 27

12
4 5 9 15
42

34
14 22 36

45
5 15 20
10 12 40 41
5

12 14
0 22
9 12 19 49
33 48
20
40 45
3 25 28 40 44 45
5 15 31 32 44
4
23 28 38 49
4 31
30
49
22 40 45
38 42
4 19

12
5 7 28
5 15
8 33

5 8 15

5 15 41
5 14 15 20 31 34 43
6 12 23
5 15 25
24
5 15 22
1 5 15 29 41
6 40 45
21 42 46
5 15
4
0 4 37 40 45
30
40 45

8 31
18 39 44 46 48
47
6 40 45

0 18 27 28
31
31 45
5 11 15 16
3
35
5 11 22 27
25 38
28
5 8 13 15 17
10
5 15 41
32
4 5 15
14 25
41 46
30 41


14 20 38
34 47
33 41 44
10 21 42
10 26
4 40 45
5 14 15
10
11 36 39 48

2 5 15 27 44
23
9 40 45
34
5 15 26
2 5 12 22 35 40
10 40 45
19 32

40 45
11
40 45 47


13 38 40 42 45
38
6 21
17 28
35 37 40 45
0 9
47
30

5 8 9 15
20
4 11 37
13 40 45 49
2 32



3 5 15 30 44
15
36 43
16
5 15 34
5 15 25
32 40 47
14 28
2 5 31
12 16 23
31
18 34
32
32
40 45
5 15

8
3 5 15 48



10
18 39
16 27
0 7
7 29


30 40 43 45
5 8 15 26 31
14
6 40 45
17 29 40 45
7
19
44
35 40 45
29
14 21 36
8 33
15 42
5 15
33
5 13 15 18
5 15 43
40 45
24
49
43
44
5 12 15
44
1 3 19
5 15

5 15 43 45
5 15 25
13 14 49
5 15 36
11 22 40 45
2
19 41
4 30
4 20 42

5 14 15 18
5 15 33 47
6 23
3 5 15

11
3 7

0 2 36 40 45
16 32
42 46
11
31
19 40
5 16 24 30 40 45
21
5 15 38
33 37


23
5 15 38
11 21 46
19 42
5 15 38
5 7 8 13 15 20 28 30
5 9 15
37
22 24
24 32 35 36

4 5 15 34
32 40 45 46
3 5 26 29
28 40 45

9 31
8 18
20 30 40 45

0 12
6 44
1
44
6 9 16
27
23 40 45

5 15
9
46
26 34
37
38 40 45 49
16 40 45
5 40 45 47
43 45
2 45

27 28 41 44
21 32 40 45
4 5 15 48


3 5 15 25
17 24 40 44 45
10 21 43
2 5 15 26
7 11 24 39 41

26 40 45
5 7 15 37
49


17
8 9
33 44
1 46

11


1 40
5 15

32
47
5 9 15 39 46
8
5 15 49
36
40 45 49
13 18 21
2 15 44


5 15 39 48
11 18 40 45
7 10 21 25

6 24
12 35 47
15 17 25 40 45 49
40 45

35 41
5 11 15 36
3 31 49
35 40 45
6 40
5 23 31

34 40 45
2 9
40
34 40 45 48
9 45
8 47
4 5 15 27
25
37
27
5 9 19 32
9 18 28 37
6
14 40

40 45
2 5 12 15 27

11

5 10 15 24
26 48
5 15 44 47
25 45
28
3 15 21
10
18

12 39
2 3 9 17 23 28 48
1
34 40 45


5 15 31

35
9 42
13 19 34 39
1
5 15 26 31
5 7 15 40

24 30 40 45
1 33 40 45
24
9 27
3 10 17
34
5 7 15 33 42
5 15 23 40 42
0 33 40 45
40 45
20 31 40 45
15
3 20 41

5 15
1
42
5 15 28 39 46
11 36 40 45
5 15
3 14 33 46
40 41 45
5 12 15 38
2 5 15

6 41 47 49

23 42
12 20
5 15 32

21
1 25
5 7 15 44
0 24 29 40 45 47
17 22 40 45
11
48
5 13 15 19
18 27 40 45 47

18 30
3 11 40 45


40 45
32
5 15
9 32 40 45
21 29 45
47
5 15 37
1 40 45
43

18
6 39
33 44
17 42
5 15
5 8 15 49

5 15
9 25 32 48
26 29 39 47
5 15 18 38
17 40 45
39 40 44 45
5 15
8 39 41 44
31 42
16 36
5 15 22 28
15 40 45
1 31
5 15
48
4 40 45
5 15 26
29 37
36 40 45

40 45 48
15 23 40 45
5 15 21
40 45
6

5 15 30
5 15 17

16 26
2 5 15
40 45

45 47
12 30 49
40
19 22 44
4
2 29
16 17 40 45
17 37
16 27
40 45
11 26
28

36
44
4 19 22 45
39 40 45


22
0 25 36
15 29 45
23 40 45
40 45
23
1 4 7 26


28 31
20
5 15 27

40
40 45
5 15 24 32
19
40 45
40 45
5 14 15 49

19 25 37

40 45
7 11 27

2
25 31 38
0 25

5 15
33 43
37
4 5 13 15 30
2 7 12 40 45
25 40 45
27 40 45
40 45
7 11 48


40 45
26 34 39 43 44
20
9
4 6
2 30
26 32 38 40 45
2 8 18 23 42
10 28 40 45
5 10 15
2 20
21 33
40 45
35
38 44
33

4
22 39
1
8

43
9

4 11 29
20 21
6 40 45
40 45

19 38

4 8 21
31
0 27
33 40 45
41
3 15 23
5 12 15 38
5 15 18 38
16 26 29 40 45
5 7 15
2 5 15
14 21 40 45
2
5 7 40 45
6 29 31
27 33 40 45 46
2
5 15 28 34 49
32
4 5 14 15 39
5 15 26
40 45
31
20 23 24

12
27
13
32
4
5 15 41
6
1 13
6 37 40 45
42
8 25
3 37 46
11 24
5 8 15 38
9 16 32 40 45

40 45
5 15 17 39
37
0 10 32
5
40 45
33
5 7 15
11 25 28 39
5 15 20 31 32 34
26 35
15

39
0 13

0 41
5 15 24
5 15 26
40 45
2 40 45
9 18 45
5 15
2 10 24 25 49
8 21
40 45
18
5
23 26 35 40 43 45

31
12 40 43 45

8 29
19
7
1 10 28
4 5 15 40
31
12
28
5 16 34
14 40 45
44
5 15

5 16 41 49
16 40 45
10 43
13 23 45
2 38 48
15 35 40 44 45
19 40 45

14 20
42 44
38 40 42 45
8 11 40 45
8
5 11 15

1 6 20 46
42
17 40 45
22
40
4 9
36
3 14 42 44 45
12 31 44 49
10 25
5 12
26
6 9 25
5 15 35
2
3 7 19
42
29 40 45
5 15
5 15 16
48
28 49
6 19 20 24 28
19 30 40
5 9 15 41
6 29
5 15
5 15 16
5 15
5
4 39


20 37 41
5 15
7 31 47
4 27 44
40 41 45 47 49
19 22 40 45

20 40 45
5 15
34 35
2 5 12 15
16 42
5 15 21 36 37 39 48

17 19 38 40 44 45
22 23

6 11 21
5 15 24 38 44
5 10 15
40 45
19 38

2 24 40 44 45
5 15 39
7 16
4 13 25

17
17 46

28
8 10
18 24
5 15 27 48
0 40 45
5 15
9 24 41

5 15 33
16 36 40 45
29 38
27 48

3 28 41 45
5 12 15
15
1 5 6 15 17 26 44
41
5 15 21
25 39 45
25 30 40 45
1

12 42
49
15 40 45
46
13


38 40 45
10 16 28 46
26
5 15


1 40 43 45

5 15
0
28 33
21
3 24 49
38 40
44 46 49
30 46
27 40 45
28 29 47
29 40 45
5 15 26 27
26 37 40 45
2 5 15 44
19
27 40 45
12 29
40 45
5 15
22
4 16 25
13
5 12 16 21 43
40 45 46
27 40 45
16 27
40 45 48
27 47
8 43
5 13 15 31
2 38
18
4 33
5 15

3 22 24

19 22 27 40 45
39 47
18
44 48
27 37
17 30 44
5 15 33
0 3 47

15 19 35 40 45
40 45
48
16
40 45
30
19
11 48 49
32 34 38
23
5 15 16
4 23 29 33
0 12 24 38 39 41
35 40
12 27
9 20 22 37

21

34 40 45
34
5 15
17 33
5 15
31

10 18 47
23 24 40 45
25 40 42 45

5 15 42
21 26 49
40 45
25
38
34
5 15 31
9 16 22
3 22
18
5 20 44
39 40 45

13 32 40 43 45
5 14 15 16 31
32 49
21
16
0
0
5 8 15 22 23 26
1 11
40 42
5 15
42
14 23 25 40 45

13 41
26 48

12 29 40 45
4
30
16 33
5 11 15 21
15
20 21
5 15 17 48


14
33 40 44 45
32
3 16 31 40 45
1 5 15
24
5 10 40 45
3 43
5
5 12 15
5 15 21 41
8 36
10 16 40 43 45
21 40 45


21 40 43 45

15
39 45
2 44
8 47
25 40
1
8
28 49
1 7 17 22 25
20 38 46
35
4 27 40 45
47
20 44
20 39 42 45

26 39
4 5 7 15 35 38
10 24 29
5 15 21 29
27
15 40 45
5 12 15
13 40 45
3 49
7 28 40
12 27 40 45
5 7 15
39
39 40 41 45
18 27 38

5 15
5 15
41
2
21
3 41
34 47
5 6 15 22
18 30 46

14 28 40 45 48



46
40 45

11 33 40 45 46
5 14 15
6 44
13 40 45
27 40
4 5 13 15
18 38 40 45
3
12

5 13 27 36
20 38
20 31 34 36

25
7 9
40 45
13 29
5 15 44
12 28 39 40 45
11 40 45
19 40 45

10
5 15 32 48
3 7 10

9 23 45 46 49
6
17
13 20 49
32 38 44 45
27 40 45


37 38



41
40 45
5 27 37 40 45
4 45
9 19

5 14 15
40 45
19


9 30 40 42 45
25 40 45
4 29 40 45
4 26
1 40 44 45
20 40 45
30
23 40 45

12 21 31
5 11 15 28 33 47 48
5 15 49
8 45
31
28 35

18 28 44
1 3 7

9 40 45
6
13
5 15 39


5 15

11 32
33
1 24
5 15
5 9 15
41
28 40 45
28
42
46
7 10 22 24 29
13
13 45
18
19 40 45
9 24 40 45
5 15 25 34 36
39 47
5 15 36 40
5 7 11 15

3 5 15

33 39
5 15
5

21
14 30
5 15
40 45

41 48

47
41
40
1 27 40 44 45
0 16 39
17 25 43
14 27 28
12 27 29
21 22 40 45
19
2 14
38
6 18 40 45
5 15 41
0 7 43
10 19
0 5 6 15 28

15 23 40 45 46
25 44
39
8 9 39
6 8
40 45

40 42 45
1
25 29
40 45
1 16 41 45
0 18 31 35
21 47
0 30
33 35
29

8 10 39 46
27 36 38
14 24

40 45
32 40 45
6 14 23 24
1 23 30
35 40 45
21
5 15
3 18 24

30
10 26 40 45 48
5 15 16

29

11 25 40 45
31 40 45
5 11 15 31 37

22 26 32
19
5
6 27 45
7 21 29
15 40 45
27
11 21

29 36 40 45
31
40 45
5 8 15 22 45
41 46
5 15 27
24
13
31 37
13 22
28 40 42 43 45
12 33 40 45
25 30
5 15

33
14 16
46
14
24 37 40 45
14 29 45
0
0

1
16 38
7 18 20 42 44
15 21 40 45 46

17 35
6 21
28 40 45
40
40 45
21
0 9 13 35
9 48
5 13 15 17 25
33 38
3 28 40 45
3 13
26

29
21 22 44
40 45
12 40 45
5 15 40
5 15
40 45
12
34
7 20 34
11 15 23 40 45
28 29 47
17 36

4
2 18
5 15 27 37
2 46
4 16
0
35
5 36
5 15
5 10 15 35
5 15 21 49
8 42
15 47
31 46
1 34 40 45
19
22 30 37
6 15
15 49
5 15 47

40

4
11 40 45
2 13
4 5 40

11 22 40 45

26
5 6 13 15
8 48
5 15 25
5 15 20
5

45
29 49
8 34

32 43
5 15 36 40
5 15 19
5 15 18
15 24 36
25 47
2 5 15
14 18 40 45

23 37

5 15 28
12 21 32
28 30 47

9
48

31
20 28
5
5 15 41

40 45
11
5 15 29
5 15
23 40 45
3 5 15
39

12
40 41 45
39
2 7 12 14 17 33
33 40

21 41
40 45

5 15
5 15 46

16 40
17 38 47
15
3
3 16 31
37
5

20
4 16
16
5 15 44 48
3 44
34
5 46 49
5 15 38
40 45
5 15

18 25 40 45 48
5 15


11 37 40 45
9
5 15 45
5 15
6 33 40 45
9 43
28 47 49
5 15 28
40 45
3 40
34
8 27 32 40 45
5
46
5 39 46
24
15
15 27 40
15 31 43
4 11 40 45
9 31 40 45
5 15
18 39 46


5 15
5 15 42
5 9 23 31 34
20 21
0
40 45
31 36
24 28 32
40 45 46
3 13 14 18 26 32
41
0 5 13 14 15
38
1 9 11 36 47

32 38
16 17 36 37
5 15
35 40 44 45

19
27
16 21 34

19
21
8 21 25 49
18 26
19 28 35
0 5 15 45
42 43
18 38


5 15 16

1 17 24 32 33 46 47
46

9 29
12
40 43
10 40
19
6 38
0 5 15 46
27
8 32
38 40 47
34 38

6
17 30
5 15
5 14 15
20 44
28 49
15 37

42
18 21 39
7 43
3 4 5 15 31

2 42
44
38
5 13 15 29 48
0 7
5 13 15 34
5 15 25
6
5 15 44



8 13 35
6 15 36 39
24 25
9
35
0 4
1 12
13 25
8 21 36 48
5 15 29
22 28
40
33
2 7 44 46
15 25
4 33
26
13
1 5 15
0 5 15
1 17 18
6 9 26 28
42
5 15 40 43
4 17
3 5 15
27 40 47
5 15 22 39 42
43
0 31 43
46
21
26 46
1 5 7

5
5 15 26
10 46 48

15
19

43 46
15 44


10 19
47

3 30 39 43

3 17 31
8 47
5 15
5 15 18

10 23 32 37 40
5 15 28
49
20 32 36

5 34
18 36
7 10
6 19 26


5 15


25 37

34
14 28
27 41

15
5 15
15
22 23
1 22
5 15
18
36 48
16

36
14 40
3
43 44

5 15
5 15 30

5 15 36 37
8 11 44
29

42 46
32 36 38 39
4 39 45
5 12 37
14 21
49
12 36
5 7 15
15 39 41
6
3 32 37
6 17 49
17 23 32
5 6 17
7
1
43 45

10
30 38
1
5 7 14 15 47

47
12 46
1
7
3 28
5 11 21 42 45
5 15 45



19 20 31 40

20 44
36

7
22
20

7
5 15 19 47
7 10 18
13 30
3 5 15 38
5 15 43
47 49

14 17 19 22
20 37
34
49
36 37

31

23 33
30 31 36 47
8 11 42 43

7 41

0
13 19
44
31
6 39
42
28 37
3

33
9 48

5 20 34
8
34 44
3

1
23



7
19 35
25 29
11 34 38
11 26
46


24 41
8
1
28
0 17
18
27

2 7 14
10 13 36
2 26
25
29
19 21
4
14
32 35 37 47

16
0 13 16

34 42 43
3 8 13 27 30
39
29 38 40 42
1
6 13
25
6 21 38
4
17 32
18
44

17 44

2 10 22
0 2 16 27 29 40
16 34 41
35 46
4 9 15
29 47
29
40
17
28 49
48

7
38 39
14 32



30
5
44 45

26 27
7 28
18 20 47
1 34 38
15
10 12
6 13 19 25 45 49
7 23 36
1 44
6 19 34


19

14 41
1 23 35
11 35 42
27 28 47
1 20 30 34

6 33
4
2

27
5

2 30 49
6 30 38
28 33
8
17
45
33 40
25 28
12 14

18
21 46

18
0 42
24 31 44
41
4 7 24
5

15 44
21 27
11 24 28
43

43
2 29
22 29

8
1 28

27 32
4 24 33 34 37 47
36
2
24
3


40

6 49
1 32
41
15
36 42
1 16 43
22
21
5 8 28
0 13 47

19

5 13 27


3 32 35 36 41

29
3 23
30 41
36
8

49
15 17 29

32
16 49




49
40
46
45
3
15
49
19 42
7
21 42
10 41
1 12 30

38 49
34
1 7 9 12
25
29
41
15 28 30
24

21

49
18 26 35
0 36 41
12 42
4 15
4 24 37
25
1 9
26 32
14



16


40
12 28 29
0 42 48
18 37 38
6 44
0 21 24
9 13 32

8 30 46
6
2 29

16

3 21 29 46
7 37
26

6 20 44
23 24 36
17
5
21 46

12 41
14 48
10 37
10


42 47
1 13 32
24 27 30


36

16
0
2 22 37
21 22 39 44
15

27
45
10
44
26 46
41 46
6 12
15
15
14

29
27
40

9 26

4 7

26 29 49

1 35
29 38

7 12 44

10
24
33
42
0 31 43
20 22
30 36 40 48
21 26
39
47
1 21
3
38

36
11

33
2 9 49
2
10 26 37
15 29 35

48
34
8 25 31
27 44
33 43

2 7 18 45 49
26
24

10 22

49
27 47
3 8 17
0
1 14 23 39
14
5
15
1
17
40


21
20 47
35 46
6 19 29
18 45 46 47


10
11 13
18
7 25
24 28
12 20 26
2 7 28
5


11 45
7 14 22 25 45 46
33
4 36


15 30
1
2 18
3 27
34 35
7
12

10 24 39 45

4

46
31
4 29
18
30 37
13 15 40
9 47
3
11 34 42
26 27 44
12
3 25 35
24 26 27 34
7 36 40 44 49
36
21 33 45
24 36 46
5
0 15 34
14
11 20 22
10 39

27 35
14
37
11 17 26 27
22 35
24
39
2 7 27
32
20 36
4 21

1 30

23
8 12 14 21 25
14 44
8 19
19 33
8 29 46
31 37 47
8 20 23 34 42
5 29 31 48
21 48
3 34 40


20 37 44

20 38
1 15 25 28 39
34 36
2 42
19 33 37 38 41
25 44
0 2 35
34
39 40
31
36
3 49
43
6 32
0 46
9
15
21

48
18 27
16 41

2 6 47
15 24 45
1 10 42 43
6 45
21 37 43
2
8 9 24 40
26
19
34

20
30
18
8 14


13 16

5 44
32
22
6
4 37 40
10 49
38 45
28
9
9
35
13 27
2 22 27
1 4
19 35 39
41


38
23

26
1 31 39
26 45
5 27
34
3 18 22 23
9

3 42
23 45 46
5
4 35
7 10
4 6 8 10 19

11 35 39
15 18 33 35
17 32
9
0 5
26 47
1 40
4 46
5 47
26

19 41 44


0 38
39 42
4 17 19 41 43

10 12 44
38
26 42 44
3 38
21
11
10 11 47
19
16 31
11 34 38

0 15 18 20 29
5

15 19 32 45

44
15 29
7 29

5
36
34 45

18
18
33 37 38 43
22 33 34 42

7 33
5

34
2 48
19 23
1 11 15 34
13 22 43

2 39

0
4 28 45
35
4
0 25 36 38
15 30
49

4 6



7
14 26

28


9 18 19 43 47
20 32 35
33 47
30
24
11 37
35
7

25

7 33
24 49

14 33
17
13 26 37 44

3 28 44 47
31 47
5 20
23 37 41

30 49
5 11 42

28
20 39
33
49

2 6 24
6 37
9 34 48
10

30
24
15 16
36
2 13 48
15 38
26 34 49
5

43
29 34
8
26
5
24
38
17


41
19 27 47
3 8
45
14 23
14 19
11 12
0 14 29
10 22 26 34 41
1 9
12 23
9
8
24 32
5 17 39
40
5
28

27
34 46
36
7 25 26 48



4 26 49
15 18
11 12 20
23 40 46
4 39
9 32
17 32
19

26 37
23 31
35

27
31

31
39
37
7 8 9 10 12 45
1 4 46 47
40
29
48
6 12 19 26 28 42 47
0 41 46 48
28


1
12 28
48


6 22
31
14 15 37 40

8 28 39
8 9

43
18

2 48
35
41

21 33 48
6 32
1 15 25 36
46

1
41
13

8 29 30
9 29
21




8 15 25
20
42
6 12 44
8
40

4 15 27
15 44 46
6 19
7 18
23
38

39
40 43

49

11
4 23 39
12
20
31
25
10 11
31 35

8 20
15
0 1
17 31 46
9 27 41

35 45 47
20 26 42 48

8 21 26


29
24
1 20
9 48
19
5 27 36
5 12 43
6
7 9

25


45
25 36
20 32 43
19 20 26 37
34 44 48
10 46 49
1 36
5


15
4 6 25
3
1 39
17 27 41
13
0 1 44
14 17 27 28 30 34
13 47
18 27
5 42
16 26
44
38 40
29 34 39
23 33
25
26 33 42
26
9 13 28 29 36 38 43
0 7 25
25 45
6 13
32
29 38
7 20 26
14


17 37
22

25 38

30 33 40 48
18 28 43
3 31 46
43
10 31 32
28 29
43
41
5 17 32 41
13
47
0 2 12
29 31 33
17 18 30
18

21
8 42



8 21 48
17

0 7 26


4 8 11 31
38
13 27 32
10
9
29
34
37
27


8 35
48
37
9 11 16
4 22 29 38
12
13 32
14 34 46
11 12

43

24

7 49
15
37
23 39 45
11 15 34
5 6 17 45
4
11
11

46


0 21 41

10
0
36

20

8
9

29 37 40
48

5 10
42
20 30



6 9 20
9 10 46

20 29

35
28
12 40


41
40
3 12 32
31 39

38

33 46
2
2 35 36
21
13 23 27


31 36 46
46 47
12 31
1 35 41
13
24
2 15 22
6 49
31
11 44
38 49
3 37
4
19 46
42
42 45

0 47
22 32 36 41
40
8

6 17
10 41
0 41
16

18 38 48
37
20 23
44

0 45
34

23 39

11 16
6 7 13 40
14
23
12 16
9 11
4 9 31
0
31
2 24
38
40 44
16 30 38

6

16 24 33 49
1 39
4


2 9
23
4 48
7
4 9
9 12 13

45
19
4 25

28
27 44

38 39
48
14 17
0 27


7 10 17 27 40
46
1
10
27
32 34 39
46
18 38

38 40 48
16 19 30


10 17
8
8 36
5 29
38
6 31 44
29


36 44

23 27
31 41
38 43
16 45
0 27
37
17 44

23 25

2 19
0 16 21
18 28



2 26
4 41


9 28 44
16 28 30 31 44
38
41
37

8 17
9 14 49
2 4 20 49
15
10 26
23
29
32
27 32 45

7 49
8
4

43

37
32
20 30 35 41

36

8 44
19 33
23 47
3
11 19
3 16
15 31
8
7 40

21
11 29 39

21 42
4
5
7
29 30
30
8
22 23 37
14
37
27 39 43
24 47
8 18
6 27
0 6 24
9 19 36
12 22 45

4 23 34 35
7 19

11 32

31
5 23 43 48
16 30 43 45
18
10 27 48


22
27
5 8 40
42
32
13 20 27 48
21

27 34

21 27

30
15
40 48

21 32
15
46
7

18 31 39 48
17 48
34 40 47


19
15 16

21 43
10

21
18 32 35 41

45
19
20 34 48





11 41
17 19
31 40
4
5


31 33
14 29
7 46
20 26
14 25
28 34 44
11 36
29 33
23 29 34
24 37
13 25 46
14 43
30
22 46
4 12 13 27
48
20 28
4 10 18 31 33
18
3 30
22 37
18
9
37
8 27 29 31
44
14 17 23 45
11 33


16 18 23
45


33
10 19 36
10

28
42 44
34
25
4 33
48
9 39
3 7
41
5 33
28 48
24


1 3 32
39
40 47
12
11 41
5 13
4 14
38
33
34
6 8 11
18
23
4 38

21 22
38 41 42
8 32 49
0
19 43
20 22
13 16 32 41 47

28 29
2

17 27
2 5 17 26 43 47
45
4 27 42
12 25

2 21
4 43

4
42
32 37
10 12 29 47
28 29

0 35 48
8
26
20


24 47
17 35

11 49
23 25 29 31
11
26
0 4 6 42
14 31
1 8
23 37

7 11 22 44
0 20
36
11 36
9 25 26 33 35
22 30
25 29 31
10 33 48
0 36
1 26 31
18
0 43
13

31
31
1 13 24
4 14
32
14 17 29
49

7 15 17 25
11
23
2
11 26 37
39 45
0
28 40

9 25 30
7 18
16
44 46
4 21 48
5
0 11
30 48
10
14
14 19 47
37
30 32 49

8
11
2 3 23 44 49


16 22 34
48

44
24 31
14
38 48
27
11 35 47
26 46
1 36 39
47
39

26

4 47 49
2 32 38
13 16
28 31
19 22 24 32
20

20 24 32
15
40 46 47
5
10 23 34
29
9 15 30 38



20 46 48
24 46

32 42
15 43

44
1
2 46
11 46
42


10 27 42 46
8 34

9 40

9


1 36

27
11 14
39
39
12 37 44

33
7 21
38


13
25 47
11 12 21
32 43
36 47
42 49

9 22 23
19 29 44

12 14 24
3 9 43
4
1 24
5
5 19



15 22 42
38 49
4 16
26 28
19
16 28
30 42
26

41
27
28 33 47
2 11

45
13 44

4 13 48
4 27 46
8
15
13

2 16 35 49

8 10 38
23

35 44
0 11 30
12
14
4 20 32
25
18
19

3 24
28 31 37
13
25 40
8 41
14

32
20 43
3 22
3 20 42
28 47
24 25 40 41
1 32 36
10 17 22 31
42
8 9 15

5 13 20
4 8
30
32
3 19
10 37 41
29
9 35 36
42

4 18 26
45
4 37

25
25 28
30 40 43
39
10 30
11
0
25
4 30 36 46
15

9 18
39
27
10

6
20 35 43 46
3 10 14
8
0 14
9 19
0 14 46
1 26 35

21
31

0 49
10
17
0 19 21
13 26 29
40

16 48
4 22 35

5


0 20 44
34
14 27
1 27 30
24 26 30 45
19 20 45

4
26 38
19


6
24
5 6 43
2 10 46

4 33


24



1 38

37

19
28 38
0 38
48
14 24
37 45
12 26
11 18

12 23 38
19
22 46


0 22 29 40
11 13 26
16
32

38 43
39 46
3 8 33 38 43
17

9 15 26
16 42

10 23 45
12

39
17 43
15 29
4
9
23
2 23
39

4 42



39 47



39

39
22
36 45
0 36
29 32 37
23
18 30 42
35
22 24
37 44 45


3 24
15
16

20 46
14 42
13
0

24
27
22
5 35


25 41




3 21
41
1 19
24 29
10 24 25
27 33
10
15
16 31

6
5
6 22 23 46
0 6 39
3 7
16 18 41
11 18 32 43
2 35 43 45
38
33

9
11 15

6

5 20 26
27
1 25 31 49
26
43
17 33

23
6
8 49
24 27
23
40


9 13 24
5 18 34
8 33 46
23 41
29 37
0 43
3 21

21


11 19 27 30
8 16 21 26
46
17
18 43
19 25 31 49
29
5 9 17 19


33
34
33
27 41

16 26
13
22
36 43
21 26 45
26
6 25 41 46
17 28 32
9 33
19 20
40
28 43
14 22 40
18

34

46
7 21 38

3 33
13 20
14

0
5 40
23
47

7 33 45
7
41
31 46 47

38

10


14 44

46
42
24
3
15 29 36 41
10 26 40

9 12 24 29
24 44
46 48
45
40
37
38
28

40
32 47
20 25 32
30

20
36

24
32
25 26 41
24 47
3 11 27 35 49
5 11 16 43
24
34
16
44

2 10
8 46
47
1
31 34 42
10 21 39
19 26 29
4 42
26
5 49
28 37 41 49

6 47
48
6 35
49
17 31

48
14 39 49
18

24
29 46
23 31 35


18 21
46
35
46

12 43 46
5
20
0 13 17

12 19 30 37

1
7 13
1 12 21
9 37
13
1 17
7 14 19

5 13
23

18 38
0
7
20 37 40
5 7 16 36
28 49
49
17
23
2 21 27
34
9 16 37
14

24
29 35 48
48
1
20
6 23

12 26

21
30




6 13 42
3 28
30
11
0 2 16 29 30
7
14 32 36 48
27 30 42
19
30
26
8 43


16 32
18 21
14 32 46 49
30
0 39 48
18 27
15

8


0 13
30
17 25 49
38
10 22 48
38 47
6 18


4 21

47

46 49
32

32

10
17 18 40


10 20
6 12
26

16 19 31
38 45
16 33
36

27
41
37 44

46

39
25
8 40
32

42
29 45
18 36 45 47
20 34
26 37

2 40 43
42 44
10 22
2 5 8 9 12
6 11


24 47
17 30 36 47
26 38
34

6 8 26
15
15
49



15
34 36 37
14

4 15
27 42
7 13
11 19 27
4 16
15 17 33

46
5 40
11 37
32 47
17

28
27 35

6 12
25 37 40 43
9
20 27
33 36 46
2

32 45 48
36 44
44 46
32 43
27 42
29
28

28 34
42
7 24
16



2 10 20
21 26
3 30
12 42

46
7

5 8 33

4 13 16
3
18
13
37 48
23 27
12
13 27 41
42
21
9 34
30 42
20 33 36
9 16 20
44 46
12 29 34
0
9 34 40
25
14
30 44 46
3
20
46
3 10

43 47

9 30
3 29
4 5
16 25 39 40 47
2 7 13 19 46
0 21
16
24
43



27 41 45
13 29
17 43
6 16 25 34
28 40
30
5 32

13 19 28
3 17 38 41

7 11
6 18
5 37
21 31

11 20 41
30
23
17 23

10 36
1 15 45
7


8 28


17 32
27
14 43

12 23 32
27
35
14 19 36
21 27
47
27 42
3 25
23 42

4 6 39
13
2
43
20 27

2 17 22 23
15 47
9 41
6 31 45 46
2


1 45

8 40
1 41 42 45 48
32
25
38
1 43

7 29 42
0 19 34 49
15
13
2
13
21 43 48
9 19
14 15 18

4 19
5
24
35
49
26
43
5
1 33

21
0
14 17 26 34

23 43


1
11 19
17 46 47
18 40
43
48
24 44
21 33
7 8 22 43 45
13
7 19
18
1

19 44

38 42
4 10 27
2 36
32
10 17 25 46
35
17
11 41
8 37

19 20


16
24
33
40
24
0 34 37 48
28
27
13
26 33 43

7 15
6
27

12 22

9 18 22
9 23
5
9 10 17
5 31
33
12 14
39
31
11 12 19
4 17 18 26 41

29
5 49
0 13
20 45 46
43 44
14 49
28 36 42
16 21 34 36 48
0 4 12 37
39 49
21

10 12 34

34 36 46
30
21
26 42
10 47
4 10 21 28

16 21
7 25 46
11 30 32 34





3 37 44 47
37 46

4 46
14 32
27
12 21 26

16
6 12 34
46 49
13
4 15 33

15 40
13
3 24

28

9 10 47
20




44 48
38
14 41
2 17 18 42
35
30 32
46
18 40 47
46
6
13 33 37 38


9
37
3 11 39 43
13 15 28 39
3
23 33 45 46
11
11 29 49

36
24
39 49
46
2 42
47
20 28
4 10 25
8
8 10

1 11
7

10 32
32 46
19 28

20 28
23 27 44
5 8
42
3 5 17
7 18 34 38
35
7 25 34

0 18
8 29 40

31
9
39
5
13 27 39
30
1 4
29 38
27 37 42

32
46
12 46
11
11


27
26
28

23 36 42 45
16
10
18

29 32
43
0 25
20
28

15 34
36 44
37
18 43
35
13 16
30
6 43
35 39
18
44
4


0 21
1 23 40
32 43
10 16 23 24

48
47
10
47
28 31
15 35
17
17 46
43
4 9

17
6 43
40 47
2 8 46
7 17 19
9 19

38
5
31 47
18 31
9

16 26
11
15 21

9 17 36
30 35 43
30 39 43
31 45 47 48
29


33

13 21 33
1 31 41
15 41 48

18 21 25 42
18 49
3 21 27
30
0 8 15 19

11 47
12
6 13 39
6
3 39
28
29

44
20 24 41

6 8 45
2 16 18 26
22
21
18 22
29
7 34 43
10 23 32
23 28
23 26

8 26 31 32
18 23
19 33
8 21 47
13 30
36 43 46 48

24
15 30 40 41 43

5 12 21 24
0 46
12 14

14 19 26 33
9 20 24
4

46
4 8
28
0 17 48
5 42
16 24 26 32

11 24
30 35
4 30 31 32 48
4 35
6 11 40 45 49

10 13 21


19
12
4 18 20 35 47
35
2 4

38 39
6 13 25 43



36
17 31 38
9 44
9
10 16 32


35
1 15
8 19 36 46
42
26
14 29

16 48
28
21 25 37 42 49
7 37
13
21 35 44
29 36 49
4 24 27
4
5 14 43
3 29 38 47
0 41
29
5 12 38 45
16

23
11 29
13 16 18
34 37
37
47

14 45 46

6
11


24 32


28
18
20 49

39
6 25
27
5 19 22
28


22
35


1
40
26
4
1 35


2 14
16 21 35
5 25
0 8 17 31
9
2 26
0 8 21 26 31 38

0 17
31
43
14 22 37 38
3

44
5 44
42
2

9 19
25
23
5 23
13 16 41
3
39
22
35 46
1 14 26
22 34




4 26 28 42
16 19 33
13 19 30 44
20
38
13 18 23 46

22

41
30 40
2

9 29 35
32


33 36

21
27 44

23
1 19 31 49

28
26 42
43 48


24 33
8 27 39
27
7 46
2 18 27 37 49
13
43

7 21
29 37
10 20
34

0 17 42
42
19 30
38
8 42
33

34
15 39
39
10 16 39
2 37
31 43
1 27 44
21 42
25
20 31 48
7 48
25 27 37 42
14 42
10 19 40
2 16 29 30
26 30 39
37
11 31 37
35
18
7 26
9 18
13 36 46
39
12 29 31
44
10 43
0 38
23 30 35
7 20 48
1 46
10 23 38 47
6 47
46
24 47

8
14 20


12 34 39
2 11 38

5
2 3 8 47
24 42 43
33 48
4
1 7 13 25 30
3 46

29
7 16
23
40

29
1 13 16
8 30 34
28 31
4 35
0 5 42
10
32
29
6
39

13 27 41 47
8 36
24 32
31
5 25
30

12

21 22
10 22
21

27 40 41 48
42
49
34 41
9

1
23 36 43
25
15 24


35 40 47
46
7 19
4
22 29 30
3 26
21 37
4 8 13 16 23 45
3 18 37
12 23 35
25
19
24
19 23 32 46
18
12 47
4 22
15 39
43
30
2 13 26 40 48
2 10
39 48
8
23


2 19 42

15 47



35 48
5 25 36
42

5 18
15
2 36

18 24
9 16 34 48
37
17 28 49

40
21 33 34 44

10 13

28

35
18 31 41
13
5 13 45
47
21 39


7 15 27 46


5 42
18




0 41 44
1
49
19
7

47
28 39 47

17 28 35

42
29
7 13
33 39
36
18

9

29
6 44
12
17 45
26
8


15 16
13
39 44
1 25 44
0
2
30
20 31

46 48


6 30 32 41 44
23 34

5 16 17 21 27 49
10 37
8 13
20 33
26
48
14 17

27 35
20 23 35
6 38
48
1 2 21 46
8 22 29 35

21
38

7

14 41
9 10 22 42
36
10
17
40


14 18 49

20
14 39
46

31 39
18
0 5
24
43
33 39
12

0 24
28 41 45
28
7 49
34
7 12 23 48 49
16 40


26 46
10
7

9 31 42
18 28

12

14 18
14 24
6 11 18 33 41
5 25 27
27 30
1 3 28
38 43
19
4
17
48 49
4 42
1
24 33

9 24
2 21
20 44
39


45
9
6 8 33
48



29 39

27 36
31 32 36
4
1 30 37 44
16 40
16

40 46
9
42
5 17
2 17 42 48
16
40
33 40
5
24
47
4 19

3 16
40 49

46

24 38

22
0 38
41
15 34
31 33 38
6


6 9 14
19
2 32
35 39
1 17 30
8 13 18 34 36 38 48
6
48

39
23
6
10 33

16 36 42
44



45
0 33
14 26

8 14 29 45
20

24
48
36 49
32
22

25 28 38
16 30 35
25
42
6

14
32
10 36
49
39 43
4 13 21
14 18 32
27
21
21
48
4 45
0 35 36
42
13
29

6 12 17 18 28 48

1 2 20 37
20 38

27 48

31
44
34
38
40
11 22
0
26
5 6 48
47
0
21 29 43

12
29
10 12 37
14 16 37
8

27 43 44
3 35
36
46
16 29 45
3 4
5 34 40
33

12
13 26 48
2
4 29 33 36 46
24 37
14
37 38
12

32

30 46
3
7 27 28
0
3 22 25
10 26
16 18 19

17 24 26 28

2 40
2 31 47
4 49
0 35 37
34 48
31 37
19


23 26
48
36 41 42
7 45
4 14 30 45

3
10 40
5

4
1
16 40
21 36
4 7
17 21
15 28
23 44

5 18 26 44
7 24
43

44
28
22
5 45
5 39 44 46
20 29
12 40
7 18
10 20 37
32
3 12 13 33
23
10 45
19 25 41
16

36 42

2 20
24

14 26
5 12 32 36
28 34 48
14

14 49
38
25
22
7

2 27 32
19 43
0 10 16
23 39

11


28

5 14 31
3 18
7 15 37
0

23 35
27 28
24 41
4
38
9
12 29

33
12

19
27
17 35
47
31 37

2 46
1 42
28 33
17 27 31
13 14 23 30
23 49
24 27 36
37 38
11 13

7 19
28
32 42
18 31 33

46
10 13
9
4 36 42
11 46
31 40 43

22
39

9 30 31


35 40 47
0 37
18

2 34
12 37

27
27
14 19 40
24 30
45
4 49
20 30
2 21 25 33

6 41
29 40 48
47
19 47
40 49
30 32 47
1 21 46
0
18
10 27 48
48
18 28 32 42 49
25
27 34
14
6


27
14 16
15
12

1 47
1 16

11 34

5 40
1 16
1 18 28 32
47
28 47
26
7 17 34 46
41
12 29 36
17
7 24 40

11 42 45
7
8 26 38


9 40 48

16 28
11 39
33
6 10 46
0 24
39
24
6 14 21
40

11
17
0 12 39

13


19

24 48
7
1 3 15
2


25 32

13 29 32 35 45
32

26 32
11 12 45
11
23 36

7 15 38 48
39 43
38
2 15 48
6 8 19 26
31
46
2 32
3 26 41
21 29 33

46
40
2

15 44

14 20

24
17
30 36
30 49
22 44 48
11 33
34
1





28 32 38
28
14 20 31 46
26 27 32 44
0 38
7 22
16 18
28
6 39
23
27 33 35
13 37 43
16 27
19 25 47
28 31 37
30
0 24


31
10 29 34
49
37
21 29 33 37 39
15
16
15 21
49
7 26 35 49
4 33
13 23 37 42
3
16
9 23 25
18
20
14 17
11 31 45
44
48
32 39


24
11 36
13 14
8 23
24 42 48

4 29
1 12 14
44


14 31 39
18 26 48
17 26 31

49
22

13
14 18

0
8 11 17 21 49
47
37



48
35 47
13 37
11 24

12
5
35 38 40
40
23 46
10 23


9
35
18 24
19


21
7 17 44
3 25 33 48
26 35 40
43
42 49

2 35
14 45
28
22 25
27
15 19 48
3
42

29

34
5 14 17 24
11 20
5 6
6

3
10 29

3
26
13 30 41
7
45
14 16 29
12 13 24 43
7 17 32
35


2 23 27

2 30
0 21 31
16 20 48

12 39
0
45
12 42
14
39 40
33
12 14 32
24

26 27 43
18 29 37
13 20 25
22
10
35
2
0 29
8 9
36

6 48 49
45
24 42
26 40
4 6 23
29 45
40
0 28
36
32
8
17 22
20 39
9
42
7 28 32
1 5 32 41
31
27 40
15 32 40
3 5 10
18 33 42
35 36 37
2 12 25 46
31
19
15
37
19 26
20 25 43
9 15 19 47
3 40

4 19 45
25
4 16
0
36
14
29


9
5 44
39
20 36
12 37
8 9
3 10
45
28 41 44
12 46
13 17
5 6
2 39
14 31
3 14 32 34
13 14 22 45

6
16 44
9
18



21
13
16 34
8 31 32


40
1 4
11 22 31
5 13
19
3 19
5 9 21

1
46
7 42
49
0
17 21
5 17
41 49
15

27 31

9 41
1 28 36
12 28

46
24 42

7 38 42 47
1 48

1 31
33 41
2
8 9 34
16 35

11 42
33
39 48
2 47
17 20 37

14


36
34

4


37

33
12 19 26
14 18 26
0 7
18 28

27 32
35 36
0 2 28
29

21 22 48
9 16
37 44
49
36
41

20 21 37
2 46 47 48

17
5
12 15 36
45

16 27

9 20

9 20
27
18 28
3 41 42 49
44
14 47
36 45
21 36 45
7 19
48
33
1 14
1 8 21 40
40
13
14
8 18
4 13 29 46
21
13

35
26 27

8 26
18 24 26 34 40 46
10
41
26 40 47

39
0
13

2 41

9 15
34


43
2 6 36
3
18
3 9 22
15 20
16
36


0 48
17
28
8 10 21 30 46
1 28
13

29

18 46
31

8
22 42
5 12 29 49
41

0 17 27
18 23 41
21
11 13 26
36 37 48
24
17 42


0
38
7 11 33 35 38 39 40
11


4 6

1 4 18 20 25
27
24
12
27 47
15 25 36
0 33
0

35
7 35
17 49
11 42 47
24 35
26 41
12 33

36 49
10 31 49
4 17
17
38
14 15
16 43 45
43
11 20
10 35



34
1

7 14 38

1 26
18 42
34 40
1

9 38
2 13
4 19 24 29
4

23 36
19 26 31
7

16
5 44
24
2 6 14

40
29
24
13 19

4
33
22
19
4 15
13 37
39

48
9 13 20 42
3 12
5 39
17 24
5 9
11 31
45 49
20
31

7 32 43
15 17
27
0 20 48
20
14 25 49
43
20 42
44


14 29
36 42
21 25
22
49
16 20
28 41
1 8 12

8 10 40

15 46
44
27
23 37 38

29
22

15

6

16 24
4

24
18 34
18 26

1 7
4
15 41 44


28

10 46


3
25

35 41
8 29

7
28

4 18
19 22
10
10 21 25
9 15
24

34 46

34

36
13 14
10 27
28
39
10
22
13 25
0 9 44


9 31
2 7
30
22

13

15
36 37 44
33
30 40 47 48
30 46
1
21 25

16 17 40
22 37 43
16 24
32
32 42
4 46
3 28 32 44
41

32
14
24
15 22 26
14 48

1 19 24 29
6 22 36 44
17
22 41
17 23 43
0

8 18
16
20
9 10
19 33 40 42
7

13

32
0 13 42
36
8 12
2 9 11 23 35
19 48
5 8 49
43
19
13 42
49
9 26 33
20 43

32

15
0
45
32 47 49
31 49
13
5 9 38
33

26
37
9


28
8 32



8 11 20 22 26
5 33
2 10 16 20
45
26 48 49

9 22 46
5 16 26 36
22 44
13 16 27 47
38
32
34
30
5
35
47
0 10 18 22 39
20 24 43
4 14 28
20
0 13 31
4 10



6 41
5

41

39
5 37
14 16
9 48
37
1 12 29
28 39
23
4 14 36 38 49



0 28

46
1 32 43
31
6 11 45
41

22
47
28
42
39
21 32
9 17

13 16
3 27 29
45
13 32
26 44
43 45
26
35
0 13 15
12 17
7
49
41
32
15 18
24 36
17
4
15 21
43

32 34
35
0 34
9 29 42 43
1 7

36
31 48
6
35
7 17 33
0 8
5
24 42
1 5
32
0 6 31
32 44 46
22 46
38
35 45
6 20
26
20 26

47
9 12 20 23 49

3 16
49
24 37 47
22
35
25 26 28 44
7 11 20
6 17 31 33
27 28 32

46
12
32 38

9 16
1 11 40

1



30 37 42 49
18
44
2 4
8 47

21 45

0

15 16

13
34
15
15
0
22 42 48

25 35
12 23 35
11
16 19
36
9 12 24 26 41 44

27
31
14 49
17 36 38
30
11 18 20
25 26


4 17 36
23 27 48 49
2
6 43

2
46
0 1 40
15


43
28
48

35 36 43 49

5
11
34 35
3 5 15
10 21 39
28
40

12

15 22
29 34 41
8 33

16 24 31
36
26 39 47
19
8 23 43
5 10 14 37
36
26
13 46
21
29

3 37
2

17 30
0 13 27 37

13
30 37
42

48
32
18
32
11
15
40
15


8
39
29 38
14 18 37 40

8
0 25



14 19
13 45
15
45 47
18
3 11 14 34

9 28 40
49

13


1 9 25
36 40


16 29

14 42
32
7 20

10 14 45
12 15
2 9
1 42
23 38 43
35
8 15

7 40
2
3 6 38 44
30
1

19 33
44 46 49
7
29 43

0
4 7
2 20
17

7 18 43

21 39
16
28 32 35 45
47
29

9
27 49
3
0
25
18 33 37
17 42
19
3 7 23 43
26
9 14 36
8 23 26 29
3
14 17 26 38
5 31
29 37
21 23 31 34
17 36

0 24
37
11 32
7 42 44
9 16

24 40
7 25
23 33
2

13
44 47
35 37
25
12 22
31
27 34
10 32 46
0 25 37 43


14
0
10 27
12
19
3
39 44
3 38
37
18

19 41
31
0 38

23 31 44

29 36
11
13
33
40
9
2 39 44 46
41
6 47
14
18
23
30 48
43 48
24 47
26

1 20
14 23 26 44 49

18 37
12 40
3 11 34
0 49
37
36
10 25

2
17 45
30 44

1 3
10

1 15 39

12 23


39
9
19 35
4 43 45

40 46
8 23
2 43
42
15 18
1 4 20 31 35

13 24
14 41
37 42
14 26



8
33
22 24
26

3 7 27 28 34
45 48
7
49

46
3 10 23
14 24
46
8 35
24 28

43
37
1 13
9 11
13 21
21 26 39
26 36
9 10 30
13 24 46
41
17 23 24 48
42
2 30
25 41 45

11 24
20
17 31
12 16 34 40

11
16

7 38

30
23 49
2 24 43
11 33 47
13 20

29 46
13 16 29
3 12 16 42
10 28
45
13 20
1 25 41
2 13 21 26 48
27
17
29
18 34 46
34 43 46
8 40

43 47

5 27 32
30
31 40
10 29
46
44
29
32 34 41
15 19
29 38
29 46
33
17 49
5

36
12 48
33

13
14 38
4 21
15 20 40
15
10
12

49

3 15 21

3 26

0


4 31
10

19 31
1 23


17
1 41
43
1 21
19 28 30 40 41
20 42

1 25 45
13 18 43

7 42
15 18 32
17


37
3 6

24 39 49
31

6 9
39
20 46
4 29

14 36

42 43

27 32

43
13 22 42

23
1 9 49
18 22

0 3 8
22 33
19 39 44
41 48
18
32 40
6 24 28
24 37 42
19
6 49
8
30
11 25 44

0 33
12 24 35

32
22

41
40
11 21 49


4 6 36
17 46

7 17 38 46 47 48

27 37 46

18 40
41
29
13 22 34
33
6 11 34
24
10 35 37
13 26 29
15 16
4 15 47

40
36
20
7 21
11
22 32
16 28 45
12 41
19 38 47
8
28
13
11
1 26
0 3
12 40
3
24 31
0
27 31
46
3 4 30 44 45
1
18 35
16
1 49

15 27
4 23

27 34
19
3
14 17

11 34 43
28
47


41
38
47
19 49
1 2 31
39
49
4 9 28
16 25 31 38 43
21 30
44

36
3 22
9 25
3 8 18 46
48
0 47
10
38
3
39 42 47
30
2 13 14
28
44
19
7 20
4 6 18
4 22

10 14 28
14 15 31 40
39 41
9 38


7 11 13 38

14
6 8 46
25
43
35
3 39 43

32
7 49
1 44
19 42
7


42 49
3
34
6 25
42
5 22 29
16 28 37 41
6 10 17
10 25
0
17 19 37

46
10 43
26 42


24


0 29

29 42
7 20 40
11
28
14 25
12 46
22 33
23
26
3 29
4 23
14 38
39

35
15 16 35

31
2
11 47
0 9 14 24 44
6 17
2 6 39
22



19 25 36 40 44
0 21
4
0 49
47

15 32 43
29 47
10 14

27

38 44
11
16 18
29 39
31
44
8
9 11

14 19
0
38
8 10 23 32
17
39
26

2
15 20 40
16 45
16
19 29
1 35

10
10
1 21
20
22
49
4 23
45

24
27
34
6 36
3
31

5 13
22 35

38

15 32 46
2 24 29 33 42
3
1 7 23 26
7
0 28 32
16 45

26 48
4 40
8
0
28
14 40
12 22 27 34

15 19 35 49
8 16 31 41

11 20
17

3 16 48
18


13 15 25 36
40
17 43
12 23 40 45
34
3 33 36 43
11 38 44
11 18 33 49

34
25
13
10
27 36 37
45
34 44
14 17 27
44
37
43
18 19
0 6
12 32

30 41
39

23 37
42

40

44 46
1 11 21 47
19 20 27

22 33
4 30
2
7 24
4
5 16 39
0 33
21 29
29 40



39
22 49
0 25
12 31 36
45
15 37 39



22 46

32
12 37
9 10 31

18 19
42 49
12
14 30 35
10 44
27 47 49
4 34
27 38 45

7
8 46
15 30
7
0 34
44 48

24
20
3
5 21 39 46
1 17
48

25 38
31
13 14
15 18 23
15 29 46
16

9 21 33 48
10
22
19
2 21 34 43 45
20
32 43
21 26 47

7 12 24
5
35
16 21

28 44
28

11 20 41

34

45
16 27 37
24 30
7 10 45
12 30
11 20 38
25 35
13 14 49

8
8 12 39 46
2 10
37 44

0 19
1 26
8

29 43
10 16 43 49
30 45
16
20
23 38
14 16
9 26
18 33

6 49
12

32 35
45 48
24 36 38
29 45
11 36
11 30 33
2 15 34
5 30 35 48
21 22 43 47
29
4 16 19 34
4 32 38 46
29
10 30
16 30

20 26 34
10 25 36 41
2 7 15 43 48
15
0 2
10
43
40
2 7
40

1 12

0 37
12 32
48
2 12 17
21 23 30
1 10 11 49
6
12


2
21 27
3 16
30
12 25
4 38 42 47

5 8

0 15 21 25 44
36
8 12
14 32
32 33
3 9 18 41

6 8 13 27 31 39 48
34
12 13 24 25 30 49
8 25
7 8
45
6


4 18 44

35
2
7 11 42
19 49
12 33 35

0 33
0 2 3 16 48
2

10
18 25
20
7 45

18 24 35 40 46
33
45
10
20 43 44
9 31 43
24 41
46

15
13 31 44 47
43

13 43 48
35
20


20
4 47
17
21
16


44
1 15 21 38
22 49
17 24
15 42 46 47

5 37 45
9 18
7
0 16 47
30 36


8
20 35 47
22
15
10 18 27
0

41
24 49
23

16 25
26 32
36
45
30
3 43

25 26

26

5 32 34
27
44
6 10
46
33

0 2 14 21 40
42 46
49
19 47


6 15 28 43
41
8
6 15 46


2 18 39 44
13 42
13 47
43 45

7 16
8 20 22

6

7 40



6 29
16
0 44
10 19 21 27 30
6 29
3
19
2 7 8 9 44
32
5 32 46
40

23 27 40
36
32 48
3
26
22 47
4

26 30 39
5 12

28

30


3 6 44
15 22 36
37
21
8 21


42
21 47
10 20 22 23 37


30
23 27 29 45

30
11 25
2 30
17
12

44

31
8 10
6 9 37
30
29 42 47
11
18
35 47
19
39
8

2 14 17
30
44
3 6 35 39


3 25

15 20 48
24 28

46
16 44
48
16 33
7 23
8 42
35 46
19 36
18
17
37

13
7
30

5
25
31 44
48
11
4
10
17 47
15
12
13 17 27 40
2 10 31
44
17 37
18 30
24
12 40
0
4 37
4 29
17 45
11
31 48

16
5 27
22

9 31 42
10 39
1 18 29
2 4

14 17
7
6 39
8
14 40
19
3 15 23

17 40 45
10 24
32

4 34

2 40
2 3 24



16 39
27
25

27 36
1 21 31

32
1 38

9
48

1 48
5
2
20
18
45
2 5
14
29

36
7 11 20 25 41

4 12
12 20
20 43
12 20
3 18
11 32

19 49
1 19 34
29
3
20 39

47
7 20
14
5
1 20 43 46
28
11
3 26

12
27
2 3 23
25

40 42
20
7 49
44 47
0 30 34

24
6 34
29 44
44
20
10 18 28
45
15 16
42
8 42
1 31 32
12 36
0
11 14 41
17 26 38
29
25 27
8 19 24


25 29
8
16 35
0 38 43

39

8


8 14
33 47
7 23
5 12 40
12 17 19 27
1 13 44
42 44



23 31 43
45 48

10 13
22 37 48
4 6


4 24


25

28
21
3 29
4

28
14
5 20 38

16
35

4

29 49
4 20 28
5 16 32
10 48
27

5 14 17 35
2 45
20 25
28 41 45
18 38
23

48
42

12 28 47
13 42
5 31 41
45
7 19
21 33
10
9 17 43
16 45
49

8 9 15 17 22 29

7
10 28
2 21 47
20

14 15 29
0
1 14 49
28
10 14
42 46
34 36 49
4 30

7
17 23
17 49
2 7 28

0 6 28 34 41
0
0 34 43 47 49
16 32 48
10 45 48
8 41
15 22
12 20 24
14 40
11 29
4
10
10 24
31
5 26 30
32 37

11
8
16
33
4 6
36 47
46
45
33

35
17
29 34 43
31 41
11 13 26 35
30 46

20


3 31 41
40
12 39 43
2


2 22

21 25 26 33 47
12 21 37
0 35
46
3
8 40
0 32
6
31
6 7 39 48
35 45
27 48

33
11 18 26
12
12 15 33 34
25



11 26


23
42
7 21 34
7 15 39
33
25


22 36 49
38 47

18
13 35
19 20 36
13 48
24 39 46
6
24

7 15 23 27
41
8

31
22 36
16 33
0


6
20 40
45

21 37
47
27
11
41

20 23 44

6 11 27

0 18
9 12 40
3 35

20
35
11 40
48
42
14 24 25


9 23 36

6 26
15 45

49
15 23 41
42
26 36
35 43

16 25 28 35

4
36


40
44
33
24
27 44
8 36
10
17


31
10 17
30 43
2 37
48
11 40
17
22
0 45 46
25 48

29
15
46
15 23 42
19 49
17 29 33 34
36 39 42
7 31 32

11 17
1 3 25
27 37
26
44
19 36 39
43
13 36
12
37
1 36 44
38 48
39 40

21

7 25 26
23 43 47
33 35
9 30
21 22 23 48
9
23
3

42
14
11 47
3 23 25 30
14

29
24 32

18
41
18 35



3 40
15


22 37 49
31 38
4 39
12 29 38

20

3 27 44

10 44
0 29 34 43
5 12 35 36 43
27 29 48

38
49
29
3 9 43

2 24 42
14
47
24
10 29

8
28
13

38 46
6 46
13 23 32 35 36 46
19 32 33

11
21 26 42
22 26
19
5
1 5 45

7 48
33
32 38 44
16
11
7 13 39
23 38
23
20 37 44
21
13 38
4 49
22 33 42
17 21
39
6
12

43 47
49
17
30 37 43
11 41
34 37
0 20 21 32 37
43
41 46
22
4
13 18
10 34
11 24 40
27
12 40
2

49
12


8 31

0 16 23 42
16 20

29
14 25


23


47
11 17
15 30 44
31 42
41
32
35 47 49
7
28
41
17 32
12 22
9 14 30 37
10 28
44

21
27 43
1 9

16 38 42
5 19
17

0 30 36 37
29
19
29 36
14
9 17 27 30
18
49
26
44
29 41
0
22 27


27
1 19
44
4 20 29
0 16

28 41
40
1 13 41
36 40 43
20 26
9
0 13
28
24
0 6 40
42


7 40
36 45
2 8
5 32
1


39 44 46
10 40
20 45 48


24
0 4
2 6 39
17 46
7 32 33
11
39 43 46
6 23 41 48
7 18 22 30 34
3 33
1 12
10

11 20 39
9 16 29 33

42
8 25 37
5 42
8



47
0 17 47
0
12 44
31
14 41 44 47
20
15 44
7 15
27 41
6
3 36
29
1 17 28 31
11 20
0 1 3 35

33 34 39 45 47
12
8 15 33
11 25
39

41
0
22

1 7 8 34


35
8 10 38


5

15 17 42
16 19 36 40 45
25 38 41
2 29 42 49
25 30
24
38



44

40
26 31
10 14

23
2
7 37
14 24 26 33
28
46
27 34
8 29 37

5 35
48
14 36 42
3 16

0 26
5
45

8 27
19 22
2
4 14
30
32 41

3 17 23

22
23 38 45
47 48
5 47
3 16 24 43
25
25
3
30
24 26 46
18
41
8 14 38
42
2
17
8

15 21
19
38
14 22
14 16 37 39 49

9
13

45
11 38
19 33
23 30

22 39
31
2 27

1 49



4 47

2 37
29 31 44

12 27 34 38
18 21
8
3 7 15
16 44
8 21


22
0
0

26
4 34

8 20
29

38 43
40
35
13 47

4
9 39
45 46

18

8 37
10

16


38
22
7

23 39


34
21
21
20
16 46 48
2

10
2
0
1 5 33
24 46
17 32 47
20
2 49
26 39

0 25 36

18 38
46
24 25

45
25

1 37
49
29 34
14 40
38 49
13 17 23
19 40 47
28 33


14
14 46
7 8 14 16
36

38
29
1 2 43
18 31 42
13
8
29 45
27
39
20
8 28
44

49
6 16 42
27
5 41
30 36
11 31
0 8 22 35
7 12
23 31 40
24 36
20
2 40




34 49
12 30

34 48
2 35
20
4 23
6

1 20 36
3 24 29 47
23 24

5
1 21 23 37
14 24 30 35 41
40
8
4 14
37 46
48
11 21 29 40
20 31
4 35

36 41
0
49
12 28 31
39 40
15 18
11 12 25


22
4 19
35 39
20
39 44


25
5 35 47 49

11 42

41


43
5 10
1

5 13 34
28 41

33
17
20
43
2 27
22 33 47
24 45
21
15 29 48


24 26 43
39 49

16 17 22
4 9 26 36

31
24 31 32 35
43 44

33

13 33
40 41
31
12 23 45
11

20
17
29
10 20
0
20 30
6

4 22 35


21 47
37
20 33
37

17 28 29
15 35

20 25 35 37 48
10 32 47
10 43
21 22
44
13 16 26 27 42
1 20 49
41

42 48
33 44

19 32 40
30
46
0 49
12

3 27 40
23
0 14 22
10 47
29
6 27 32 35

33
25 33 39
1

5
0 26 41
45 48
10
14
1 16
15
18
0 48

5 46
27
8
16 18 20 26
29
39

1


9 24 46
36 42
3

3 35

26 47
1
23 49
0 15 30 47
40


9
33 40 43


3 19 35 41 48
12 21
10 38 43 47
27

7 26
32
46

25
14 27 35
0 36
42 45
26 30
7
43

6 49
10 22 25 48

2 16
46
6

5 21 25 49
30

42
19 42 45
22

2

12 22
28
14 15
13
48
7
4 25 33
3 8 24 33 40 48
47
32
26 28 39
5 7
19
10 35 45 47
36
5 32
5 41
3
10
11 31 45

3
19 30 32 48

4 34 36
11 21 36
6 28 36

27 28
2 17 19 26 39
33
8 47

43
25
5 30
33 42
29
3 6
18

27
12 15 27 46
15 26 44
19 44

4 47
28
18
28 34 46

44
1 4 14 29
9 25 43
3 5
12
15 26
3 30 49
42
33
25
27 44

39
6
32
20 46
1 43
19 32
12 17 18
38
12
17 43
25 46
1
38 40 44
38 45
9
35 49

16 39

36 39 43
10 18 31


11

11 13

40
2 13
12 48
10 39
25 38 47
6
23 33
7 42
21
32 35 36

12 29 42

18 20 28

10 15
0 20 28 37 44
10
16 30 33 41

46
37 47

6
42 49
9

23

1
15 41 42
42 47
2 20 38
5 14 47
0

19 23 44
24 31
16 32

18

6 13 38
10 21
7
31 42
36
19
10 23 45
2 7
46

19 43
13 20 38
4 24
14
24
35 46

8 13 42
17 37
4 10
30
49
2 40 44
24 48



1 25 47
41
0
9 23 40
5 27
20
45
3 6 27 44
37 38
25 30 39
12 23 32
30
4 18
25
46
18
15 19
26 38
5 13
6
1 38
6 31 39
17 48
9 25 45
29
5 32
11 20 44
47
23
47
6
6 16


4 9 40
4 13 18 49
3 45
1 19 44
41 44
27 40
32

25
20 24

31 41
0 22 38
25
39
4 8
8 14
16 38
0 30 39 42
28 32 36
27 37
23 41

15 41
9 32
4
11
30 32 42 43
19
15 17

24
24 26
6 8 9
2 5 26
3 32


11 38 42 45
0 34
6
16
17 36
13
7 9 26
30

1 27 28

1

0 24


27 45
18 19

0 5 35
3 8 14 24 33
11
2

0 4 10 23
13 36
13
21
20

12 16
41 46

4 18
42 46
16 28

8 33

3 13 35
17 48

33
16


33


7 19 21 43

35
18 23 25
44
34
18 45

5 18 40
9 13
6 32
3 10

2 18 24 41
3
22 27
19 36

37
48
36
26 29
4 19 46
32
17 41 46 49

42 43

39
0
20 34 42
35
21 31
6 18
38
19 33
3

19 33 36
27
32 43
20
25

28

13

4 49

23 30 46

17 18
23
24 34 37
43
0 32 33
9 20
3 6 40
13 27 49
11
40
23
0 24 34
32 36
36 39
41
11 20 43
19 28
4 32 34 47

18 40
25 27 42
2 23
7 17 20 49
8
0 32 36
8 24 40 43
13
10 28
32 35 36
31

39 41
32
2 15 22 25 39 45
29
6 7 30
19
19 26
5
30 34 48
6

29 49

15 17
32 39
5 8

39 43
38
10 17
10 13 23 39
9 25
21 32 48
42
2 42
9 39 42 44

34 45
6 28 47
46
26 28
31 32 34 39

2
8 16

13 25
18
5

25
9 32
3 17
25 27

42
24 35 42

44
47
0 2 24 32

6 34
6
3
49
21 26

34
0
17
8 10 40 46
34
29 30
26 44 46


20
28
21
36 46
4 5 25 45
7
31 40
24
36


12 13 25

3
6 22 40
25
0
32 37 41
42
13 24 37
14
30
0 16 34 47
17 19
9
44
28

0
20
32 36
21 32 43
7 23
48
1
49
2 19

6 36
4 48
6 11
16 45
28 48
4
17
36
9 47
26

17 25
45
24
32


5 29
8
42
3
9 11
4 7 21
22 47
5 6 9 15 31
7

38 48
23 25
11

6 25 28
28
0
22 48
25
18 32

32
3 6 49
19 25 38
20 47 48
31 32
30


0 30
26 47 49

11
22 39 46
15
22
18
21 42
31
34
11 15 44

39
14 20
5 9 35 42
28 39 45 46

30 42

6 25 47
5 10 27 28


12
0 8 48

41
18
9

29
4
41 48
12 21 46
31 38
2
7
25


3
23
2 14
35

15

15 20 45
32
3

43
16 43
49
49
45

16
22
40
24 27



29 33
0
10
15 42
7 15
12
25




12

23 39 45
21

1 6 24
42
3 13 24
21 22 37 43
13 43
33

30
24 25
17 18 30 33
40

39 44
29
22 45
37
5
20 41
27 40
24
33 36

15 17 21 42
31
12 47
27 29
2 6 11 43
17 20 33
32
26 34 37
25
6
12 20 42
49
3
16 41
9 31
40

35 36
38
5 40
0 20
22
15
0 21 41
16 44
23
7 16
31
0
9 14 36 37
33 45
40
41
4
16
31
20 29
4 16
15
48
19 47
26 46
3 7

7 32

17 28 32 43
37 39
23 27 28 35


27
44
25
9 37
39 40
9 17
8 10 20 22
1 38 43
12
15 22
13 33
21 26 27
3 25 32
19 23 42

15
21
6 12

17
21

2 13 33 44
46
12 34
32

6 28
43
0

1
11

4 7 11 48
25 43 49
34
4 45
37
40
7 13
14 24
17 20
2 18 23
5 33

37
1 16 20 26
0
1 17
37 43
29
32 33 36
17 44
22 45
11 33 34
0
6 9
35 44
2
27 43 46


12 22 24 30 34 40
6 17 37

44 46
30
48
10 16 33 34
3 28
1 25 46


42

0 20 45
14 15 44
18

28 47
15 18
19 31

36
5 40
16 17


12
41

38 40
33

17 31 37
9 24 43
17 25
20 25 33
20 36 41
10
19 46
0 19 42
21 23 25


47
35 43
35 45

32
5 7
24
4 46
0 13 43
8
5 21
29
0 39
40

21

44
32


23 37
49
7
19
1

6
8
14 34 36
10

9
7 44
1 22 27 49
20
17 26 27 33
13

29
6 9 22 44
5 36
0 24
14
2 29 33
38
2
29
17
24
9 19
13 21
17

8 22 37
41 46
13 43
8 46

48
21
31 40
23
12 40
25
49
14 32 39
32 47
9
5 17 28 30

4
27
3 27
4 6 13 25
44
14 27 28

17 30
22
3 10
13 18 33 35 37 42


36 37 42
16
0 15 33
40 49
1 10
11
16 27 39
5 15 35
40

8 49
11 24
11
2 38
16 38

0 43 45

4 33 37
6
30

24 48
14

33

3 10
6
25
40
11 48
14 35 37
0 6
16

20 41
4 6 47
30 33
18 24 25 37


6
14
17
35
7 49
5
30
3 10 17 38
23 46


48 49
48

37
5 12 37


5 22 40
31 43

0
17
21 44




17

14 28 41
24
45
5
46
30
7 27 29 44
41
28 45
47
37
27 45
2 23 38
1 9 11 13


33

1 29 49
30
40

28
13 25 40
14
47
45
1 31
18 21
0 37

1 26 35
30 46 48


0
16
8 16 18
1 12 21 45
2
4 18 36
8 27 46
21

9



2 19
3 21
41 42
28 40 48

5 24 36 40
1 3 28
5 22
28 46
25

7 46

23
48

40
8 12
10 37 38 42 48
34 36
9 44
12 34 39
12 15
30

18 43
15
31
13
5
34
3 37

45
0 10 33
16 25 48

24 45
15
35 41
25 40
25 28

17 39
18
16 22
46
9
8 17
40
3 31 35
8 18 24
47
26

3 26
45
8 12 25
3 19
4
45
0 12 25

29
13
10
25 28
11 24
5 28

11 24




3


25 26 40
19 34 43 45
41 49
7 39
20



13 28
5 10

2 17


16 17 45
6
15
0 34
26
44

2 41
25 42
1 46

41
28 45
1 47
11 16
40
5
36
5 11 15 25
19
43
34 48
6 27 35
0 41 49

23 34

27 37
45 46
3 8 35
39

19 24 26
10 16 48
28
30

48
18 19 30
4 10 49


19 45
7 12 22


29
8 26
29
6 21 22 48
16 45
22 46
10
31
37
4 12 34 43
2 23 28 37 47

14 16 20 40

28 30
2 3 19 43 48

27
6 33 40


21 29 48 49
21 40 41 49
13
43


0 19 48
8 30
38
1 10 33

40
16 21
0 1 5 19
12
44
16 25 42
7 12 30
26 47
27 34 40

4 20
40
14 22
41
19

40

8 36 45
31 34
0 38
11 33
18 19
6 28 46
23
18 43

7 41
28 31 48
11 31
13
13 24 44

2

27 42 47
31 32
15

4 23
33 48
7
5 30 42

0 17 46
43
38
35 45
2
34


12 37
24
32
38 48
17 19
3 33
31 46
3 39 47
7 42 49
13
5 14

2 48
14
4 14
1 13 30
45
4 11 43
5 36

43
9 10 29 44 48

15
12 38 48

36 42 49
7
0
3 41
15
40 46
25 34
2
19
18 21
4
9 46
4 11 27
35
2
13 33

23
16 37
12 13
13
1 7 11 24 27 37
4 5
14 22 26
13
4
16 25

6
3
4 14 43
14
23
13 19
37
44
13

21 47
26

5
39
0 36
4 7 13 45
35
6 24 47 48

31 40

40


21
26
11 13 43
7
24

38
6 11
39
5 9 25 38
0
26 27
10 38
36
29
0 10 36
24

13 20
11

27 48
2 20 31
9 15 23 48

1 15 22 27
15 25
6 18 25
0 6
2
14

10 12 22 25 30

44
21
18 45
24
24
43
26 31

28
3 38
28

1 7
14 42
2 10

23
19
5
22 42
34

28 34
39 40

1
2 39
9 43
3 35

4
35
19
5 23

42 47
34

8 27
9 26
29

33 44


14
6 30
2 13 30
46
27
11 18 34
16
7 36
10 16 36 47 48
10
13 39
5 19
44

45
31 36
10
1 10 12 19


26 41

31 33
12 16
4 6

5 38
21 45
29 35
8 13
44
13 18 35
15 37
11 41
13 42
0

25
44
3 32
1

11
8 45
32
11 36
16
10 31

11 18 19 44 45
2
16 22 44
6 45

36
38
14 20
30
27 36
10 26 38 42

9 13 32 40
17
22 23 35 38
6 17
26 28 43
4 17 28

15 17 37 44
38

11 14
1
35
43 48
7 20 46

49
46
1 2 31

6 9 17
29
9 16
28

14
5 43
31 41 43 44 45
26

0 13
1 27 39
1 7 49
22 23
28
5 13 28 42
2 26 27 29
3 4
27
17
4 13 43
0 18
17 25 43
5 6
23
4
13
24
38
24 25 38
11 23 26
32
22 28
7 38
0 12
23 25
7
28

2 26 49
6 17 44 48
14

7 13
20

48
8
17 24

36

3 23

46 47
2 30
26 35
17
10
39 49
13 26 29 39
20 27
36
4
34
17 23 42
9 33

14
3 15 34 48

34
48
14 16 17 22 39
23
41
0 14 37 49

2

7 12

8
4 15 18 28
12 40 43
8 11 13 25 41
40
32 47
14


46
22 28
23
4 22 38
10 37
45
10 20 34
13
9

39
43
19 40 41
20 32
32 42
3
28 46
46
15
23
11 27

31 38


33
12

17 41 42
49
27
18
28 29

8
13 34
19 21 36
2 21 41
10 18
46
13 45
37 40
40
12 40
18
30 38
22
10
26

29
37 41
6 13 23 26
0 11
31
17 35
14 17 43
34

8 31
4 16
1
42
20 25 41 44
6 14
21 32 47

16

3 18
42 45
3
1 25
14 41 44

0 17



22



22 43
36
25
30 38 44
24 31 49
15

43 45
32

8 18 22 29

22 36

16
42
6
10 46

41
38 41

21 40 49

22 37
32
41 45

7 10
4 15

17 25 48

16 21 29
40
0 39
14
33




8
3 30 34
33
6 16
37

3

15 26 36 44
28
38 45
0 36
5 46
13 31 39 43
3 9 23 31
5 34
22 46
44
23 31 33
35
38
31 41
8 43
44

45
28

0 4 14 15 37 40
9 26

37 49
47
12 41
10 35

4 31
45
6
0 46
23

1 30 35
40
6 14 33

13

5 33
40
42


11
2 13
2 28
6
7 35 42
11 30 46 48
27 37
2 7
49
25 39
3 4 17 34 42
42
0 20
21

3 15 35
3 5
1 42 49
45
30 40
15 19

9



20

1 38
10 18
20 22 25
31 44

8 13 16 29 49
11 39
3
19
37

9 17 34
49
8 9 14 23
46
5 37
24

18 29 38
32
14
4 32 44
27 39
20 48
27
4 18 42
21 25


31
47
42
19
22 38 42
40
24
31
41



4 49
2 16 18





35

10 29
16 19 20
31
30
0

5 11 16 24


0 14
8
18
13
8 38
30
12 26
49

12 21

8 10 40
34 43 46
3 23
14

40
7 42
1
19 29 31 32 36 42
14 22
0 8 34
3
18 39 43
4 27

42
23 29 35
4
12
34
0 2 33 43
20
10
39
15


11 30
30 48
35
23 27
43
36
12
27

19 20 24
0 47
5 42

30 35
16 20
41
25 29
6 20
24

16 36 48

4 49

44
5

3 13 15 29 37
27 38 41 46
11 16
2 5
2 6 8 21 48
2 33 34

34 40

49
18 42
31
7
27
18 20 29 37 40
2
4 20 30 40

9 17 44 48
39
14
7 21

10
0
37
10 14
19
42
35 36 49
3 14 19
15 16 40
34 48
10 23
45 48
23 39 45
35
41 42
8
12 19

31
0
35
39
0

5

18
20 27
2
49

37 48
11
21
24 31

4 9 30
43

13 17 36
15
20 32 49
10
40

13 18 24
21 33 45 47 49
22 24 34
27
8
22
3 16 18 37 47
31
20 44
36

11 31
28 31
10 17
9 39
33


6 35 45

26 49
7 8 42
11 46

1
0 3
39
1 12
34
16 18 25
10 12 39
47

26
29 46 49
34 47
5 10 11 43
15 26
38

3 39


17 49
3 43
14 18 32

34 42 43
9 27 29

0
15 21 26 32



5 6
2
0 28 30
12
2 11


8 42
3 13 42
27
10 17 18
42
32
15 19
41 46
34 35
28
6 20
5


41


25
31
2 29 30 46
0 16 46
24
4 17 26 49
6 41
44
10
12 19
30 39
1 30 38
8
3 12 30
28 37 45

12 17
1 2 36
11 15
38
31 37

6

7 31 34
48
44

4 7

5 21
16 18
1
34 36

15
48
18
19



19 28 35

18 45
16 32



46

32 45
6 13
0 34 46
2 34
27
4 22 23
3 8
40
2 45
46
37
27 40 45 47
27

18
20


2
15 41 49
22 36 44
33
46
16 19
18
0 4 10 27 40
4 12

1

14 23 36
14 44

21 48
5
4
31

17
0 14 29 37
20
18 28 31 32
7 24
2

9 36


13
7 8 40 46
39 42
35
0
19 34
40

40
24 28 29 41
11 34
37

46
2 45

3 19
7 31
49
38

18 42 48
16 36
14 48
11 22 26 49

14 15 17 25 35 41

18
9
20
20 30 40
14 20
32 39 49
45
18
41

40 44
8
2 12 48

26
0 23 32
5
18
0 20 23 26 44
34 45
32 42
11 24 30 36 44
32
23 33 34 37 46

19
43
11 25 36
46
44
32 49
20 29
10 30
14 20
28 42
2


7
39
31
2 5
10
13 23 45 48
18 39
16 36
2

38
14
23 28


46
15 19



30 31


37 38
2 19
3 10 39

3 12 28 29
8
1
26 36
2 21 49
31
49
36
49
17 29 41
5
11 31

0
5
10 19 28
26
4 44
21 45
15 26 33
11 12 33 47
44
5 19 26 30
38


26
41

49
36
0 26 28
24 30
23 38

3 18
39 49

44
35 49
11
43
2 14 36
12 27 32
8 25 41
11 37
35 45
18


5 43

14 24
49
21 38

25
2
6 19
0 16 45
40
44
7

15 16 23 43
5 23 26
25 27
39
36
23
16 42
34 42
8
13 17

26
6 24 29 42
16 24
12 48
32
20 24
36
18 44
6 29 35 47
11
1 32

14
14
41

25 41

23
14 39
31
28 29
9 15 20 25
36
8 25
15 35
26
36
21
22 25
17
2
18
7
14
23

45
1
40
2 35 41


25 39

15 41
25 35
7 34
19 25 26 36 46
6 17 36 44
46

11
16 18

17 30
13 35 37
34
1
34
7 17 18 46
22
11 12
41 45

38 41

31 32
25 37


22
22
29


15
25 26
16 21 23 37 40
26
4 10 15 31 39 42

14
5 22 43
11 29 39 40
20 40
20 23
21
13 23 25
20 43
18
11
33
15 37
6 12 19

41
46
11 12 13 40
36
4 14 44
15
1 33 43
19 44 47
18 28
26

13 39
6
13
1 25

10 42 48
3 10

5
44


13 31 39
14
19
17 24 34 37

22

11 44
13 22
20
18 20
1 46
4 6 25
38



20 34
37
32
17
26
21 29
25 40 46
13 39 40
32
14 16
3 15 21
39
22 34
8 16
23
4 37

26 42
3 23
47
1 15 45
10 17 18 23

20 48
12 48
36

14 27
4

6 18
18 19
0 27
38 44
45 48
8 16 30

26 46 48
14
14
27
11 29 31
4
18 28
12 34




18 19 30 38 40 47

49
7 25 26 46


29 30

19 41 48
34
1 6 42
2 3 15 48

16 31 35
0
1 37
0 3 20
2 12 17 42 47
24 29
3 22
9 12
18 22
18 28 42
25 28
17 18 29

24
17 29 46
6 30 39

1 42
19 40 46 48

36
12
49
39

46
0 1
14
5 14 26 45 49
8 12 16 29 44
9 11
6 27 47
1 30 46

23 47
21

18 21 47
33
15
1 26
23
23 38
38 39 41

41
1 29
5 13
11
14
5 21 37
9 27 28
1


13 33

11
41
15 16
10 17

19
16 22
28 35
32
13 28
36
8 33 40
35
7 8 45
12 19

28
42
6 14
43
6 28 35
32

22 23
13
17

34

30 36 48
24
27
10
5 6 9 10 16

3 16 40
0
7
21 32
2 42
45
9
19 48

29 40 48
13 36
11 36

11 49

15 26 32
3 48
46 48
12
13
15 31
17 25
8 33 46
0 17 18 32 38
13 37
28
24 42 43
27 47
17

43
19 33
6 46
15
8
11

25 29
16
15
0 48

0

3
22
7 36
32

39 45
17
8
20 31 40
8 24 47
43
10 16 46 49

3 9 31
29
17 33
0 44
36 40
24 33 34

35
30 44
16
2 46

10

14 30 43
36
12 19 26
13 28 38
31 39
27
39
17
4 38
33
16 20 22 39
32

24
5
5 48 49
8

26

47

38
21
19
23

26


15 18
5
33

33
6
45
5 29
43
26 27 41

20
18


10 47
6 12
18 47
0 7 14

1 38

25 40
29
39
4 7
4 32
1 35
1
12 15 47
30
1 29
5 28 30

14
4 22 26
33 39 46

17 28 30 42
42
17
5
49
4 7 39
25

4 21 48
38
0 33
27 29 30
18 47
30


39
3 4
0 24
9 18 33
12 22 39


45

19 43
32
44
1 29 43

7 46
15 29
21 26
1 21 23
31 39
44
5 35

28 44
26
36 42
40
34 40
5 28
3 30 36 44
10 25 49
12

7 8 10 39
17

30

2 36 40 48

15 26
33 35
16 38
9
30 47
33
48
21
20
13
12 13
2 17 45
18
31 46
15 20
15 49
8 48
21
21
18 21 28 29
36

32
1
18 21 23 37
34
44 45

16 17

3 19
24 28 41

30 45

6 19 25 42
15 39
22 28
32 49

1 21 28 44
2 8 9
29
29 37 43
28 34 37 48
16
6

6 36 37

30
29
20 34 42
38 48

44
6 28

24
16 30
46


32


5 25
19 20
14
29 31
20
28
32
8 23
21 41
0 41 45
8 15 28 36 44
41
9 36
5 24

9 47

47
49

16

7 9 32 48
11 33 46

37 44 47
1 11
12 24
17 43
28
13 15 41
33
21
7
27 33
16 23 27
25 38

13
21 38
2 5 12



49

24
25
30 33 34

27
31
11
35
3

5
38
4 23 38 44

11 43
0 10 26

6 13
0
1
9 28
44 47
7 14
27 45
13
14

46
8 42
46
39

0 29
17 40
14 25 28 31
8
0 8 31

28 44
10 13 45
36
4
4 23
3



8



31
11 20
2 36
14
21 25 45 48

1 16 20
16 33
33
29 45
31
7 17 30
4 6
18 31
7 26 31 37
27 34
29
21 45

13 31
12 20
3 14 35 38 39
13 48
36

42
1
26
28 29 32 34
22 25
14 21 41
16 47
38 48

18 27

20 43

23 45 48
1 26 34

16
43
2 10 37 41
19 39

39
2 18 47
1 10 15 46
45
1
12 45
20 24
10 16


37
6 21 23 44
47
9
20 36

3 22
3 41
1 15 16
3
12

39
8 43
14 32
1 46

7 21 30 42


36 44
26 37

24
44 49

15
5 36



11
1 13 25
3 8 11 15 30
24 33 40 46 48
6 14 31
31
20 35


13 18 34

19
1 25

43

8 44
3 5
7 39 49
7 17
13
30
7 44
11 23

16 48
28 35
20 23 26
46
36
7 16 29 30
6 14 38
16 32
25


6 25 44
12 13

9 12 18
39

42
45 47
48

4
30
14 38
43
12 29
1

9
5 27
2

6 31
21


9 15 28 35
19 33 35 39 41

15 20

2 19
36
3 20
26
9 23 35 42

13
17
30 46
7
9 18 30
8 26
17 43


26
7 46
13
17

5
7 25
28 30 41
25 27
27 34
28

31 37

47
2 18 36
23
7
38

11 19
44
21
6 25 34
0
10



1

41 43
17 20
11
24 42
15
8 35 47
18 47 48
36
17
33 39

21 36
3
26 34
29
28 44
5 26 45
13 18 32
49

12 19 30


16 46
12 39

45 48
0
7 44
3 15 20 26 37 47
2
2

5
1 48

25
4 25

36
16 36 46
34

14

9
19 23 37
26
7 22 30 33


22
3
2 44

8 27

9
12
1 3
29 49
18 24 42

0 12
4
21 28
14 15 16 35
44 47
6 18 42

1 18
35
43 49

0 35
42 45
5 20 21

6
2 11
16
26
2 5


1
5 11 32
9 29
40
24 40
4 5
27 34 36

22



23 25
0 2

22 24 40

47
20
12 20
37
25
15
40
4 8
2 3 18 42 49
18
8 29 45
49


33
7
24 26
26

31
10



5
3 40 49
5 28

2 5 20
38
5 6 9 12 40

0 11 40
25 32 48
22 43
28
20
22 27 31
5 41
18
6 10 20 33
4


24 30
13
19 34 47
7

4 10

12 36 49
49

35

12
16 33
7 34 39 46
3
33 44
34
11 25
12 30
29 42
32 44

16 19 27
23 32
0 30
20 23

24 47
3 22 32
13 31 43
4 23 43 44 49
10 21
23
19
24


2
2 26
36
49
45
21 49

49
26 28

23
30 46


6 30
5 16 31
10 34
8 15 28 38
25

16
42
43

29 43 45
3 4 16 46
29 42
12 49
27
32
0 13 28
11

18 37
3 13 18 36

41 43
13 17 20 33 46
9
46
13 38 44
16
19 27
27

31
36
11 13 18





41
41
3 10
1 3 17 28 46
1 6 14 15 48

14 32 40
43
27
18 31
24 39
28 40


29
35
37
8 12 40
5

0 4 22

31
3 18 24 46
27
31

4
4
19 37
3 18 28
0
2 21 22 23 45
6 24 35

26 32 39
35

12

29 48
29
2 11
12 21 22
2 29
2
20 28
26 32 33
1 23
6
21


40
6 30 47
5
40
10

7 26
8 17 39
34 42
42
42 49
44
45 49
3 34 43
27 36 46
24 32 39
24 35

1 33
11 49
8 49



7 26 29 39
6 39
16

27 44

14 46
1 26 46

43

2
9 20
17
9 14 38 41
3 32
36
49
20
13 48



10 33 44

16 45
8
7 24 26
0 15 28

4


19 49

1

4 30

8 16 47
14 21
3 26 38 47
30
17
24 29
38 41
7 14
14
47
34
30 47
16
1 32 35 39
26
23


6
19
12 44
45
9


9 49
17

42
12
2 4 29 43


42
8 17 22
3
27 47
5 41
33

35

43
0

2 10
1 6 27
25 36
4 19 35 42 46
10 12 22 41
21 23

0
5 23 28 43 48
1 16 40 47
35

12 27

32 35
3 37
10 33 37
2 20 37 38


42 47
45

10 17 22 48

18 47
15 17
7 12 15
21 45
4 6 10 23 28 30
19 35
0 40
47

24
10 27 30
8 12 25 27
3 29
35
15 44

3 34 42
29
9 27 28 29 33
8
12 25 36
6 41
5 37 40

1 6 36 39
20 22
11 14
28
33
28 35
20 24 26
24 28
3 21
18
20 31

25 35
13 16
7 10 15 38
18
48


7 11 18
25 44
10 16 42

21 32 40
15
25
1 40
2 9 47
42
42
8 30
19

39


21 41 43 44
12
23
27 48

28 36 48


20 31
28

24 37
13 46
1 8 34 49
5 7 46

22 45 47
43 44
32 42
0 36
9 20

11 14 36
31

4 20
2
11
2 31 45
40

37
2 4 8 13 45
38

0 37 43
13

27



13 47
22 39 47
19 37
2 43 47

36
22
34 35
14
27
8
4


1

40
26
4 9 14 34
15 23
40
46
3 17 48

24 25 46
1 24 42
21
15 16 49
3
1 9 15
5 25 49
33

0 25

2 20 28
21 26
27
13
2
30 42

47
7
34 40 44
30 42
12
11
0 4 16 27 28 42
20 45
28 36

31 42

7
28 34 42

12 18 22 48

12 38 48

1
20

8 40
38 40
1
15
32 36 48

1 3 43
4
39
4

14 35
20
1 28 30 37
22

28
39
20 28

15 49

5 30 43
35
11 23 30
3 14 49
6 17 18 35
27 28 31 39

20 23 33 43
1
10 16 39

10 20
31
4 49
13 22 39
0 46 48
46
4 9 46
25
11 36
41

32

43
5
29 42

16 31 40
42

1 46
4 26

14 17
13
20 33 35 36 38 48
5 14 47
3 29 34
15 18


2 32

7 8

12
22 42
28

12 42


10 19 24
35
41
49
44 45 48
20

11 15 39 44
2 8 32 44 47
9 30
23
7 24 43
17 31 36 49
38 47
35
27 40
2 40 43
20 40

32 45
38

29
18 40
16 30 41
16
6
3 10 30 44

40
28 44
21 34 39


13 22 34


28
10 14
33
10
20 33
14 21 36
19 45
12
43
37

43
26 43
45
9
1 30
3 27
6
16
45 46
10 31
29
17
28 38
14 20 26 39 43
3 5 37
2 13 19 25
5 9 10 11 37 42
15
16 49
13 35
8 23
0 5 7
4 27

22 42
38
8 26 42

24
4 47
25 47

31
6
10 46
13
25
16 30 31

4 9 41 49
13 17 22 40
48
3
25 47
24
47
0 24 35
15 33 48
45
11 15 17
20 21 31
4 22 45
4 19
27
26 30
17 26 34
12
9
9
21 39 44
9 45
47
10
4 41
0 11
11 44
2 28 38
32 33
17 48


5 13
31
26 30
41
8
36
4 7 35

6

26 29
5
32

19 20
30

6 19

0 11
25
37
18 31 48 49
47
5

3
44
1
7 27
40
2 18
35 40
29 49
12 17 38
25 34 40
7
10 40


2 40
25 41
5 26
1 22 41 45


2
37 40 45
7 46
6 13 43
2 38
26 32
7 48
26
0 28 40
30 31 44

16 22
36
15 16
4
27 30
0 17
5 13 14
13

33 44
23 26 36 38 42

33
9 37
14
30 45
8 28 43 49

10
25
16 17 24 37 47 48

45 48
32
3
9 18 30 33
1 47

7
38

47
23

9 12 29
0 26


31 32 45
30
13
13
32 46


1 37 39
49
0
31
4 15 20 25 43
32 40 43
41 42
36
9 28 43
19 21 25 43
4 38
7
28 32
32
9 32 36
30 40

3 32
15 23

25
19 43
26 44
20
49
46
41
4 13 35
34

23 30 31




33
3 10
33 47
15 18 31
32
18 24 29
47
8 32
43
5

36
3 10
6 26
25 44
8
33 41 45 47
15

1
1
4 14
19
21

3 40

7 42
15 41
28 39
23 34
4 24 34
9 17 18
2 42 43 47
47
20

6 24
14 37
30 43
6 19
31 35
0 36

27
33
3
7 29 42 43
2 28
30 37


3 18 20 36 44 49

1 30
16
38

14

11 42
7 44
9 26 42

23
24

17 26 38
45
13 43 49
19 23
12 22
24
31
17

26 27 33 43
29 42
0 9
3 14 23

22
22 37

0 10 26
11 43 44

22 27 32

12
30
13 33 48

27
47
30
15 30 46
1 35 47
30


46
3
40
4 15 46
0 27
1
39
0
19 27 28 48
41 48

40
18 33
2 44 46

22 26
18
44
20 28 36
29
15
34 49
15
38

43
32 33
45
18 24 38
15 23
3 25
23
48
7 26 45
37 41
49
39 46

3 7
16
9 44
2
15 47

2

11 26 30 38
19
34 38

44
45
47


12
40
48
10

29

26

2 37 40
37
18
40 46 48
4 26
26 45
20 46
45
4 23 41
13
47
11 24 41
33 42

5
6 7
12
30
30
12 19 27 37 45
22
35 45

6
47
46
16

12
9 19 22 26
4 17
1 13
39
27 32

25
21 36 45
3

10
34


11 39
34
25 44 47
27 33
14 40
42
23 30 49
16 41
19 38

7 44
12 45
1 13 41 49
8
0 2 19 21 41
18 30 34 44
17
35
17

28 38 44
45
35
14

6 40
25 37 40

2 7 13
29
3 26 34
20 22
23
12 15 40
42
5 38
17
36
14 37
2 17 39 41 48 49

1 7
36
34
16 20

0 17
2 8
39 47

38

20 24 38 43
12
28
26 41 43
14 15
4 9 29
4 28


14 27
34 46
10 11 34

49
20
37
6 19 27 30
5 26 33

3 36
14 29
6 7
19 36 47

40
18 31
4
43 44


15 28
36 40
18

26
22
4 18 22
18

14 17
8 26
5 34
19 29
30 48
26

41
8
20 39
13 41
42
22 31
3 40

9 35 44

6
1 4 17
0 18
38
34 37 49
48
11 41
2 27
8 9 17 22 41
21 38
32

0 14 15 30

28

42
19 26
24
10 46
3 39
26 40
2 20 47

26 27 42
31
15 22 49
4 14 45 47

17 18
35 39
34

20 27

0 2 11 23 25
11 18 25 49
16
47
12
9 12 47
47
8 29

45
2 7 13 25 26 30 38
24 30 31 41 45
2 10 21 24
42
32
1 3 36
21 34 48
14

34

6

8 30
17
0

1 18 48
29
12
8 29 36

20
16 49
17 42
25
11 42
23 44
12 26
23

2 26
21
42
16 48

10 14 20 25
37 44
8
21 49
2 13 15 16 20
7 26
21
18
16 30
48
39 49
43
19 32
3
12 19 23 33 36

28 34 35
44
5 39
24 33 45
3 24 26

28 40
17 44

2 9 30 45



10 44
4 25 26 41
22
19
1
17
13
12 46
2 35 43
0 35
12 20 27 43 47 49

26 48
36
22 24

17 28 48

5 6
11 38
7 10 36 48
4 12


40
20

34
37 46
46
12 35

2 44
0 17 46
14 19
22
17
16

22
7
46 49

44

4 21
6 28 29 38
27 43

43


15
11 44
12 42
25 39
30
37
19
8
14 42
1 31
6 12 16 32
0 3 19 23
7 27
15
32
15
6 19
10 19
8 47
27 32 45
26 31 35

19
12 18
23 25
32

0 11
30
13

10 16 27

39
13 45
2
1 32
16
6 22

42
9 11
19 24 27 28
39

25
13 46
48
49
27
10 17 44 48

5 13 34
26
4 6
9
31
14 22 43
8 24 30
19
2 38
30
6 38
1 27
30

37
27
9
8 21
25 34

13 24 38


49
46
5 30 49

15 20

27 39 45
42 43

2 38

6 29 30 33
3 32
4 15 45
10 45 49
18 26
41

28
12 19 34 44
3 32 35
22 29
20


31 33
45

27
11 40
40 49

10 23
38 49
43

35 36
28
17 24

41
15 25
24 35
34
16 19 21
35
23 25

2 22
40
18
2 37 47
36 38
38 44
38 44
19
10

28 49

34 43
15 20 36
21
9
32
6 21

29
31
43
30
8 12 28
1 34 38 39
14 18
8 26 48
27 45
48
16 28 49
22 49
22
46
37
2
0 29



21 29
49
8 17 24
26

46 48

46
30
0 38
45
35 43
37
30 31 49
6 13 14 24

33
7
25
5 33 41

16

9
32
0 22
38
2 7
8
21
44
8 40 48
38 39 47
19 31 47
16
1
37
19 33
27
4 48
6 38
26
11


4 36

4 17 26 29 35
24

3 10 41 42
26
6 13
42

2 47



35
3 14
37
3 26
19 35 37
48
13 44
31
3 4 24
44
29 47
21 28 45
34 38

18 40
6 33
10 21
5 7 13 47
18

19 39 48

2 6 21 48
25
25
5 7 17
12
17 23 31 42 47
10 13 30
34


17 41


2 17
1
37 40
13 34
3 43
16 26 31
8 11 36 43
12 17 40
2
21
3
1 11 33

30 37 41
9 19
25 27 30

13
25 41

5 10
13 43
18 31
5 6 27
26 43
11 21
6 22 49
18 28 47
46
35
4 37
33
32 44


11
17 29 41
17 32 34

20
34 43
13 32
11 13 18 40
14 26 43
40 43
1 33 40
9 38
3 47
42 43
12 29 40 49
19 34 38 46
42
8 17 21 27
40
14 26 42
12 22


3
15
22 37
0
3

1 25
32 46


21 38
6 8 13
18

4
42
16 22 36
29 43
14 37
0 22 26 35
19
2 3 28

3 49


24 30 32


44
13
24 41 47



19 20 42
46
12
1 4 26
18 22 34 37
48
35
18 47
2 49

40
12 19 47
26 29
25 47
9 14
1 29
9
0
37
35

16 22
43
17 41
7
37
26 29 33
17
8 21 23
48
36

27 29
20 28 30
14 17 36
40
7
18 38 42
22 33

37
46 49

34
36 42
4 18 28


15 49
47
9
10 33 36
2 4 10 27
13 38
11 28
33 38 43


41 42
12 19 31
42
22
8 9
21 32
8 23 42 44
0 33
26 43
18 24
25




31
32
12 13 28
38
9
15 39
17

12

20 26

11
45
20 26

32
3
38
9 38
4
31
24
3 8 16

13 16 21
11 25
9 35

31 38



29
15 18 45 46
41 43 48
24 25
33

28 42
5 8 32

8 30 34
41 46
12
6 11 30
15 45



26
16


3 19
11 46
12 16 43 48


3
27 31
25 38
22


3 31
41 48
17 21 35 37 39
25
25 35 41

41
3

17 18
41

16

1 2 36
48
26 38
22 27 33 34




47
11


2 49
36
1 15 38
4 32 41

29 47


47
14

17

36
8
8 48
5

25



43
29
1 30 42 47
11 14 19
27
8 25 27 43
9 38
1 25 33 36

19 49
28
23 38

9
38 49
0 7 31 35
5 9
30
16
35 41
8 22 25
26 28

0 23
7 13 20 35

22 39
2 35
8
4 10 18 22 43 45
26
9 28
7 42

32
7 42
1 49

8
47
21 22
5

27
14


0

0 35 39

14
3 7 35 45

46
30 31 34
1 8 31 36

20
34
14
17 38

12

47 49
17 28
0 18 35
1
9 16 34 35
5



3 16

1 36 44

20
17 33 48
6
8 32
3 22 24
18
29
13 19
15 20
7 22

17
4 22 37
18 25
3 38 44
38 39
11

4 37
31

48
5 8 11 16 27
40
10 46
21
8 41
1
31 39

16



39

14

6 9 25 49
6

0 30 39
43
45
11 31
7 14 15
8 27 42
20 36
5 23 39
28
10 12 18 45 49
6 39
8 19 34 39
34


21 46
31 39 48
10 30

37 49
8 10


21 33
47
5
3 22
2 15

3 42 43
3 23 42
41 44 47
35
15
2 16 35
7 14
1 2 10 49
45 46

32 41
13
5 11 13 14
1 8
37
21 37
18 27
10 11
7 27 37
25
21 28

14

18 20 28 44
12 13
1
35 46
40
16
2 38 41 43
22
30
14
31 35
28 30

22 30 31
33
1 7 47
10
2 12 43
13
30 35 44

3 7
7 9




45
0 21
11
2 44
42
19 29
6
42 46

1 31 40
6
1
0 13 45
10 12 15 36
28
12
7 9 26
10 31 48

40
4

19 33
14 26 30
27 31

18
5 9 38
28
46
16 18 30 33 36

12 37
12 20
6 11 30 41


20 29 38
10 28

21 41

49
9 21 31 39 44
5 48

20 23
7
10 28
26
26 31
20 26
30 48
3 16 21 35

9

8 30
45 47
0 16 40
40 46
38
13 39 42
6

46
16
8
45
21
3 5 33


14
1 5
25 27
0 33

7 10 14 31 43
5 12 37
40
5 36

24
20 23 26
8 16 23

19 41 43

44 45
28 38




6


8

0 12 26 38
0
14 44
2 11 14 32
24 35

30 36 48

48
18 27
28
10 15 20 22 31
20 32

0 32
1 25

8 21
22 42
1 4
9 12
0 3 4 26 48
28 32 49
1 11 19 33
0 26


2 31 36
25 35
11 20 33 34
10 23 29 46
40
8 30 47

7 36

24 30
34
5

15
37
6 46 48
13 24
24
3 7

49
14 42


1 3 34 43
1
28
3 20 48
32
36 40
24 32 34

0
26
6 19 24
43
31
0 7
31 34
8 27
21 42

2 16 38 41
6 26
37
23
35
0 15 21
3 38
31 46
2


26 46
7 43
16
20 30
37 40

43 49
20 27 39 47

37 45

45
0 32

46
16
44
23 38

14 20
37

49
19
23 28


38
5 10 24
7
14 17 25 42 44 45

7 19 22
30 44
28 40 47
3
10 21 29 33
29 30 39

30 35 47


6

8 16
43 45
38 47
49
8 28 39 46
2 29 42
49
30 46

7
47
9

34
27
3
33
29

14 34
20 40
22
7 34 36 41

18 24 42
8 37
48
17 28 45
14
16
46
4 34 46
5 17 36

38
27
24 29 32

21 33 48

2 33 48

13
47

21
17 25 30
47
3 48

6 8 14 15 19 27 30 44
1 3 25 46
24

6 16 23
22 25
22 46

24 27 36

2 44


11 15
17 22
3

44 46 49
34

37
8
5 38 43

12
42

11 23 35
1 13 35
20 23 31 47

31
29 36 40
15

10 32

4 11 15 24
19
30
25

2 12 49
10
49
6 19 23 39
23
39 48
22
16 40
17 25 47

4
5 12
5 37
7 12
1
3 48
25
45
14 15 17
3 24 32 39
1 8 40 43
8 22 29


17
10 41
12 14 21
8 38
27
44
9
1
47 48

0 25 36
3 34
19
11 25 34 42

8 10 24
8 36 46
49
7 17
45


43
27
17 28
10 23 45
42
14 17 18
31


1 29
6 13 34
39

13 44

4


9 25
47
12
41
36
21
43
22 27
29
5 29
6 42
0 23
8 17 18 33 44 45
39
24 46 47


6 10
10
10 18 20
18 26 31 42 49

9 35

2 40 47 48
1 3 8 40
35

13 36


45
40
18

39 41
15 26 42
25 38 45
27
4 26 29
40 45
32
10 20 34 39 45

29 46 48

6


3 8 32
12 19 40
35 45
9

42 45
3
9 12 23 35 36
10
33 36
11 27 39



3 11

1
16
43
42
9 10
19
11
28
18
46
41
29
48
11
13
11 48

14
0 49

28

23
35 36
39

1 43
37
0
