
0 33
33 47

1 23 35
16

40
9 17

12 28
33 38
39 42
25
32 35
7 16 36 38
1 2 16 31
12

37
33
7 39
45
42
7

3 8 41




1


2 24

17
24 32 41
8 28 31

1 9 16 30
43
7


25
25
9 19


7 12 30 44
4 8

41
2
36
43
0 7 42
9 27

6 39

18 46
9 24 35

16 24 37 49
42
9
3 17 23 27
6 17 46

19

11

4 12 16
22 37 39


5
33
44
13 24
29
4 37
11 21 43 44
35
8 23 24 35
4
5 46
6 12
45


24 26 43
17 39
9

15 40
29 30

1
3 25 30 34
3 25

1

19 46
25 26 43
34
15 37
18
4 28


44
35 42
12
0
2 23 31 44
11
8 16 47


6 10

38 46
11
23 30
12
20 34 43
6 8 24 31

19 26 33

8
7 28

5 18 38 42 47 48
10 41
28
0 48
3 30
4 41


17 31
10 41
12 14 24 44
24 49
1 2
9
7
30 38

38
2 49
44
23 34
4 46
24

18

10 15
15
46 47
11 39 46
14 15
6 41 48
46
3
5 27 28
3
18
34 36 45
33 48
19
13 14 38
44
43
31
12 22
0
11 48
6 46

17 28

10
20 39
35 39
17 22 39
6 49
18 19 37
18 44

1 15 16 32
40
0 1 6
13 25 39 45
43
8 10 15 39

7 22 30 39
18 26 29
7 14 26
8
3 17



11 35


40 49
10

16

32
5 20 35

46
4

31 41 45
11 27 28 32 43
8
44

8

1 8 9 18
21
5 21


3
39
39
15
4 31 35


0 44
1 13
16 36
2

10
46
46
0 16
44
31


0 4 26 35 44

10 14 29
17 20
19 23 49
12 30 39
28 37
0


25
21 33
0 46
4 42
46
18 42

23
8 33
2
46
27

28 35 48
6 11 14

3 7
18
27

4
15
18
7 9
32
10 12 16
19 32
37 48
31
36
20
3

17
13 16
30 33
3
16 20


14 36 48
38
21 26 41
3 15
9 14 23 28 41
0 11 27
47
12 27 38

7
9 27
4 12 20
23 48
2 32

31 38

16

45
17 43
9 14 15 17


15 20
7 10 41
33
0
26 46
6 30 49
2 37

8
18 45 49
7 11 22 27 48
12 22 27 45
20 23 39
0 4 28
11 43
34
2

14 15 27


9 35
5 27
14
7 11
6 24 32

1 35
23 47
8
6 34 37
23 24 42
30 31 38

8
29
4 31 37
40 47
49
5 17 25 42
0 20
34
30
19 44 45
11 19 39
15 36
33

15 30
5 14 28 34 35
33 35
13
47

22 28
12 18
29
4
1 15 32
23 28



19
15 24
13 14 44
9 36 41

11
3 21

8 44
7 36

7 23 35
21 48
20 44
16 18
13 17


10 26 42
2 13


7
10 39
18 21 41

31
43
42
29

28
28
1

9 26
10
10 29
42
7 20 45
10 18 25 35
1 24

27 36
3 22 24
7



29 35
18
9
4 10 18 22 44 47 49
0
18
11 12 47
5 7
2 11 36

12 40 42
1 15 18 33

27
26 38 46

21 39

12 21
1 11 20 39 45

19 32 34
2 3 31 32 46
0 42
8 15 46

39
5 7 15 26 29
2 13 17 23

4 10

18 21 29
22 42

8 14 28 40

12
21
5 9


27 44
35

3 42
16
8 19 40
49
23 29 31 35 46
11 45 47
41
4 5 32 42

27 41
15 29
37
12
19
38
1 11 31 34 41
47
12 32
16 24
1
1 34
25
4 49


37
14 21 27
41
19 32 35

21 47
20 38 41
2
6 9
24 41
5 22
22
39 40


2 27
36 39 46 47
17
12 30
10
0 12
38
19

4 10
0 17 47
36 40



9
5 8 27 44
31

5 47
46
41


46
40 44

33
45 46


10 27
7 25 26

14 30

38
16
19 21
3 41
43
18
14 16 38
10
4 18 21 40
0
14 44
19 24
17 48
32
2
9 10 13 16 20 47

18 33
11
24
8 35
13 27 31
16 46 48 49
39
34
29
2 14 35
8 34 43
0 1 5 11 32
38
17 22 23
16
13 17 37
17 40 41
34 39
4 13
6 10

25

3 42
5 16 40

49
24 38
22
31 37 49


7 20 34 38
5
8 13 27 31 43 44
12 46
17
19


3
12

14 17
29 42 44 46

0 13 17 19
6 31 40
5 38
7 29 40


36


8 26
5 23 27
30 31
5 18 23 46 48
4
2 30


15 16
10 16 44
16

16 20
32 41


1 20
18 25 30 42
16 28 31
42 49

43
0 16

18 23
24 26 32

28 34
26
2 30
0 21
5
2 28
2
3 4 18
23 43
26
2 8 11
18 29 30 42
29 33
22 38

1 3 9

0
10 29
5 27 48
10 14 29
26 44
34
12 31 34
17 34
6 15
19
36



48
2 19
5 16 20 34


28
10 13 44

17
42
36
15 49
4

4 34
20
12 40
5 7

33
9 18

44

17 23 36 44
44
24

40
1
47
46
27 42

30 32
14
32
10
13 18 32 39
11
21 23

18 28
29 44

29
22 44
41
10 16
29 32
31 37 42 47
5 25
37


41
41 43
19 46
14

16
9 13 23 31
36
1 23 42 48
21 26 34
44
9 23 28
35 44 49
49
12 35 47
29
7 13 38
6
19 40
44 48
1


19 20 47

30 34
46

45
5 34
8 19 41 48
21
5 6 46 49
3 17
16

1
31
20
8 47


6
12 22
40 46
46



29
1 44
22 44
11 41
3 10 46 49
14


21 22
10 18 31 40
27 40 44
7
47 48
31
25 41
28
1 35
27
4 26 30 41
30 38
45


23 45
37
28
16 22


13 19
10 23 44
28
24 39
10
43
0 24
29
35 41
4
13 29 32
22
28 32 39 49
12 48

18 25 42

12
17 22
29 32
24 35
37
15 18
0
2 41
36 42
18

18
21
3
9 14 38

41
5
19 37
2 23 26 30 38
8
5
8
15 16
34 38 48

10 14 48 49
38
7 25 43
43
34
6 38

1
9
6 41

0
7 16 21
2

8 14
42
32 33
40
24
39
27 43
20
46
22
9
40
15 18 37
24 28 37


3 4 27
49
7
27 46
7 18




15 42 49
9 22 35 38
17
46

10
34 46 47
28
3
42

0 22 24 29 37 42
25 39

37

6 16
8
22
15
35
3 15 40

38
6 14 42
7 23 47
42
44
7 17 35 42


6 7 37
4 18
14 16 28 32
14 29 48
43 46
34
2 20

16
6 8 49


1 17 27


27 49

11

38 48
21 26
23 48

38
6 17

9 16 37
7
4 11 25 42
3 4 6 17 22
10 19
21 31 32
1 25
17
37


30
1 13 24
5 47
7 28
27
17
23 30 49
9
21 33
42
18 19 34
29
17 23

18 20

14 33

4
19 28
33
18
16 18 36 40
43

24 49

1 12 29 32
10
22 49
15 49
13 16
15 26 46

39
12 45

8
9
9 35
19
6 27
9 37
5 22
2 42 44
30 46


21 31 41




2 3 10 11 21 23
10
36 42
1 33 36 42

30 49
1 2
3

28 30 40
29

19
4 25
32 38 41
10 37 45
37 38 49
14
23


24
28
20 35
19
7 15 19 25 33 37
39
29
10

31 44
29 30
16 42
8 10 22 24
31
30 34 46
12 48
2
25 29 35 37
29 36 41
2
2 15 48
4 22 33
17
20
45 48
0 8 43 46
34


42
48
21 24


0 44
15 42
17 26
8 17 32 40
43 45
19 23 43
3 12 35 44

6
3 22 38

26 44


16 24 43

47
20 32 36 38
0
21
0 22 27 28

14 33
20
0 37
9 14 48


12
42 46 47
16 25
8 44
19
1 11
1
14 35
9 26


3 17 26
5
44 45

48
25 27

44
37
3 22 40 41
23
22 43


33 35
8 12 31
41
6 11

3 21 26 38 49

30
9 11 28
38

27 39 43
22
8 40 49

25 44
10 22 39 43
12 22
18 23
40
45
37 41


7 19 24
6 27
17 33


10
2

43
28
8 42 43
24
23

2
11
46
16 19 33
9 14
0 12 27
14 16 23 29
8 38
12
16 18 23 30
49
12
1 22 38
9 16 34
40


34 44

22 31
23
14 15
16 38
10 44
17 28 38
6
31
15 27 43
11 45
11 25 40
20



29 38
44
3 41
9 36 49


39


18 38
49
31
8 24 45
4 47
17
23

35
23 24 31 33
12 13 14
23 25 38
10
16

13 28

37
2 13 34 45
9 34
18 45

22
30 38

37
18 48

26
3 40 49
7 39 49


4 37
14 32

18 40
47
0 25 43
40
24 28
8
4
0 40 44
49

12 15 49
3
4
35
33 38

37

4
26 42 45
7

30 48

49
47
9 33

0 13 26 31
47
47
4 35 46

28
2
23
3

1 28
31 36
25
25 41 43



35
6 12 34

11
20 39

49
0 12 23
3 32 34
16

19
18 26 27
4 16
35


2
5 43 44 47
42
23

18 22

1 5 20 31
14
28

3 37
11

46
40

30 47
0 19
44
5 10 45
42
16 24 28
23
2 18 25 26
23 29 31 36 37
17 40 42
12 22
5 27
49
0 10 20 41
42
14 23 35
2

22 31
2 16 21 24
22

26 34 46
5 14 15 39
14 32 44 48
36
39
1 16 24
1
30

10
13 22
42
32 39

44
34
32 33 37

38 47

23
37
0 28
1 12 15
28 42
4
33
31
2
48 49

8 18 26 45
15

1 15 23 37
39
2 12 23
24

30 35
0 5
42
13
45

12 28 32

47
16 20
8 26 38 41
35

11
26 38
8

7 23 30
19 39

18

36 40
11
20 27 38
10
20
14
47
20
14 16
4 15
36
34
49
3
2 35
14 27 48
25 37
6 13 36 43

20
29
7 15 28 38 45
28 34
46
45
47
17 21 42
28 36 49
19


32
13 22 29

40
9 20
19 46


23 32


4 7
35
26 34
4 14 28
9
10
9 48

42
49
34
2 26
13 17 47

21
2

43
30 32

37
1 17 45
46

2
0 16 42 43
14 25 42
16 26 36
29
30
24
13 20 49
21 46
37 46

1

25 29
9 18 30
2 36 43

13 21
45
3 12 26
17 44

5 40 49
2 45
21 23
26
3
25 45
0 23 36

7 41
1 49
30

33
12
26 38
7 19
13
10 20 38


22
37

14

3 24 29 40 48

17 42
27
20 24 41 42
3
27 28 35
19 38 45
2
7 14 34

1
3 29 30
15 23 44
15 23
10 35

20 21

7 34
20 39 40
46


19
14 20 39
14 26
4
7

25 26
11 40
25 30
30 31
12

45
19 37
31 43
40

24 45
10 20 49
5 18
14
8 36
5



3
11 24

6 7 39 40
34

7 22
22

17 38
5
2 10 22 26 31
49
0 21 28
37 41
10 27 38 47
15
17 25 32 38 48
26
42
0
48
6 34

11

3 20
20 34

14 18 23 47
0
16 21
40
36 41
17 38
5 38
23 35
23 42 46



48
21 32 47

9 19 28

0 1 20 40 41

15 36 49
25

25
15 19 37
44
33 40
43
38
4

2 34

10 33
3 10 18 32 36

22 29
4
12
26 47
8 46
29 32
3 15 40 43
28
48
33
14
18 21

42
36
16 27 29 41

37


4 28
3 35 47
30
10 13

0 12 22 23 43
2 37
1 44
44 48
0 14 30
26 39
27
10 46
41
11 16 44 45

3 6
5 11 41 49


4 10
10 47


30 37

15 40

4 40
32
37
9
6 17
16 27
26


47
13
34 38

30

39
40
39 47
6 47
44 49
0 6 34
29
44 49
7 33
17 35 47
31
37
17 24 48
1
46 49
12
19 41
19
7
49
10 33 35 45

26 31 49
30
31
38
3 18


7 8 46
2 9 11 21 25 34

43
10 43
22 29
4
4 5
5 11 13
49
6 9 29

15 40
0 41 44
42 43
2

27

7

6 8 29
33
23 36
22 25

6 13
8 13
14 19 28 44

43




2 19 30 32

39
31 38 44
3 46


10
12 14 42
13 19 40
45

37 44 49
5 45
46
7 8 12 16


45
27 35 45


33 45
3 22 47
19 22
23
3
20 25 32
2 7 10

33

32
3 5 10 42
13 48
25 48
15
29
11
13 16 29 40
3 46
8 28 49
13 29
27 41 45
28 32 49
3 6 34 35

24 31 35 40
15


14
3 21 38
4
12 27
30 41
19 21
6 36
4 22 29 46
4

8 18 26 45 47

16 42

47
11
17
40
11 32
35 39
25 48
48
3 29 34


12 29 31 38
27 44
9 45
48
35
9
33
7 42
5 47
4 5 33 34
31
4 10 14
24 47

2 6


6
0

29
2 43
28 39 41

18 49
10 30 35 39

21
33
0 3 39 42
22
28
3 19 21

40
3 23
9 24 30 39 41
15
34
4 20
25
29

6 13
7 35 41 49
6 12 25
6 35

4 17

8 22 49
21
26
16 28 41
5 18

26
9 32 34
5 20 38
26 40
37
32
18
2
49

7 26 34
35
38
3
7 36

12 23
8

27
25 33
30 49
28
3 30 31
14 18
22 38 43
8 42
34
15

11 18 39
14

5 18
13
16 41
21
16 20 36 37 38 47
13 22
30 34
29 45 47
4 11 36
2 32 48
29 46
17 33 49
39
6 11 28 43
13 49
13

12 31 48
45
15
14 15 23

8 36
0
49
9 33 35 40

5 17

2 8
8

10 35
8 40
49
14 46



22 30 37 38
34
33 41 42 44
25 34

20 27
44 47
13 44



20
20
20 27 39
14 29 36
15 44
19

8 44
15 27
29
28 33 43
7 27

25 34
14 20 31 40
7 27
22
15 30
14 46
30
3
16 22 38
46

15
18 40 45
16 47
7 22
10
3 6 7
36 37 40 44
4
31 48


6 21 40 45
18 26
13
5 8 11 18
23 29 30
19
27 34
23 31
3 6 10


34 40 45
1
5 25
5 20

36

22 40 42 45 49
11 23 35 40 45

19
2 16 45
43
41
2 15 26 40 45
10 14 41
34
43
11 38
21 39
39 41 43 48
20


34
1 40 45
27
8 30
26
15 40 45
4
27 29
7
25 34
15 17 20
3 30
5 22 40 45
21
40 45
17 40 45
7 49
10 43
7 26
8 48
28
32
14
0 44
15 18 27

10 23 26 40 45 48

1 40 45
40 45
16 46

0
4 11 17 33 43 49

5 19 29
5 17 26 38
16 29 45

40 45
12 26 31

47
5 17 28 40 45
4 37 38
9

33 37 43
4 40
13 21 33
1 12 49
12 19 38 43
24 44
18
17 25 35

5

15
48
8
40 45
1 2
25
36 40 45
35
20 25 28
42
4 40 45 47
0 11
17

11 28

31 43



45
39 40 45

0
25
40
23 25 40 45
21 37
18 31
37
23 28 49
6
40 45
1 11

20 21
40 45
0 14 19 22 38
36
31 40 45
10 20 30 40 45
10
0

27
8 15 40 45
2 24 38
3 22
33 40 45

20 28

0 16
2
40 45
25 31 40 45

43

40 49
20 40 45
7 12 40 45
20
8 19
10 30 40 45

0 8
20 40 45
10 25 29
8 31
21 43
23 47
18 19 28 40 45
20 33
34 40 45 46

0 2 48

45

2 11 17 45
37
10 38 40 42 45
13
3 11 34
3 16 38 40 45
11 26 42
5 23
8 15 47
33
15 21 40 45
1 19 30 38 40 45 49
2 36

9 40 45
43 46
9 17 20 31
25 40 45
33
19 43
36



32
8 12 15 20 40 42 45
1 4 10 40 45
14
19 48

47
40 45
37 40 45

5 15
21 28 40 45
40 45
42
15 40 45

37 40 45
28 35 39

6 16 33
10 32 34

40 44 45 46
18
33 44

22
37 40 45
18

6 35
13 40
39 45
16
10
14 24
21 47
15
37 46
27 40 45
0 8 18 38
5 17 35 40 45

14 35 44
29 30

13
23
15 36 40 45


6 35
40 45
7 47
32
16
8 40 45
18 23 25 46
17 36
11
39
8 15
24 40 45
4 25 39 47
8 34 37 40 45
32
18 39 40 45
13 39
2 4 12 38


7 11
11 25 27 46

15

0
16
20 27
28
7 9 20 40
40 45 47
44
23 25 43
11 40 45
20 23 28
6 11 18 40 45



38
36
11 39 47

40 42
18
16
38 40 45 47
36 47
7
1 8 29
4 8 14 24 25
26
9 33 35 48
9 19 21 46

23 39
5
33 38 42 43 48
28 40 45 47
36 48
14 32 33 40 45

17 29 40 45 47 49
1 20 36
0 2 39
1 22 35
28
38
10
25

10
11 16 40 44 45

11 13 25 26 38
1 14
10 18 49
19 28
8
2 40 45
32 40 45
40 45
23


14 18 43
20 40 45
35
39

35 37
43
7 9 37 39

16 39

22
30
20 42
40
0 40 45
1 23 28 47
19 28 42
0 20 40 41 45
17 48
44
10 36

21 37 40 45

3

27 33
5 11 21

0 4 9 30 41
2 12
3 8 40 45 49
6 44
18

16 22 39
31
40 45
35 40
19 35



7 18
32
5
15 27
2 40 41 43 45 49
22 40 45
37 40 42 45




41
25 36
21 26 29
20
36 40 45
30

3 18
40
31 40 45

38 40 45
39
31 37 45
14 30
16 18
17 25
7
23 43
22 38
21 28
0
0 2
3 24 38
33

15
9 20 33 34
23
32
19
34

13 29
20
25 36 40 45 46
3 21 36
19 32 40 45
18 25
36 44 45
7 8 14 40 46

25
43

1 40 45
49
14
32 37
5

2 30 40 45
9 41
19
19 34

27
6 28 39 44


26
13 16
40 42 45
40 45
4 23 41
42 45
22 30 40 45
30 40 42 43 45
38
0 4
0 16 36
13

21 37
5 41
33 35 40 41 45
40 45
25 43

40 45
18 34

6 18 34
40 45
1 11

6 11 35 40 45
26
17 26
1 42
17


13 40 45
21 28 40 45

26 38
7
44
6 22 34 46
35 44 45
17
16 36
39
9 11 17

15

14 45
35 40 45
14 31 33
16

16
1 3

30
0 17 22 25 40 45
15
29 32 36

28 39
9 18 19 32 39 48

17 32
12 19 29 36
19 31 40 45
4
19 31
1 5 10 28 42
16 23 30 40 45
40
6 21 42
19
7 12
1 7 8 15 34
16
17 48
37 40 45

2 10 17 40 45
0 6 40 45

40 45
1 40 45
16 39
23 40
21 34
13

7
31
22 34

13 22 28 33
27 40 45
5 24
5 21 32
5 18 32 39 40 45
4 11 14 35
3
24 40 45
1 27
30

46
7 13 40
23 25 32
35
29
5
0 4 7 22 40 45
9
7 40 42 45 49
16 29
5 21 42
16

12 49
17 28 30 47
28 29 40 45
40 45

35 39 45
9
35 39 44

3 9 19 38 40 45
5 40 45
11 31
40 45
6
3
31
10 40 45
44
15 31 40 47
6
40 45 46

40 45
0 1 20 46
26
2 6
1 33 41
16
39



9
28
19
21
42
11 22 46

40
20 32 48
24

0
23 29


16
40 42 45
9 19 28
1 11 39
5 16 17 40 45



8 19
31
37
4 8
7 25
35
15 17 19
20 43
44


32
47
10 18 28
14 18 43 49
7 9 26
1 11
7 18 48
14 46
14
40 41 45 49

10 33 47

35 38 40 45
2 12 40 45 47
8 27
41



6 25
3 23 46
31 35
18 40 41 44 49
9 40 45
7
1 35
12 44
40 45
32 33 49
21 40 45
24 30

38 40 45
24 40 45
18 20 40 45
24
0 6 27
10
12 29
4 7 42
40 45
40
40 45
18 19
11

7 47
36
49
1 21 46
11 26
1 12 19
23 40 44
17
19 37
18 33
5 6 15 25
26 41 42
7 38
11 33

4
32
19 40 45
20


6 9 16 43
28 32 37
17


7 10
47
5 13 20 24 36 38
4 13 34 42
24 37 39
47
34 40 45


3

2 23 34 40 45 49
9
5 46
26 30

0 36
0 34 40 42 45
23 39 40 45
37
2

2 12
16 26 27 40 45
16 33 40 45
15 36
2 26 40 45
22


15
17 40 43 45 46 48
17 27
40 45 46
12

12 20 26 39
40
3 14 18

8 28 44
4

4 7
0
30 40 45
17 21 40 45 47 49
7 40 45
40 45
28 40 45
7
3 17
40 45
48
10 35 40 43 45

0 5 12 40 45
12 20 40 42

9 23
16 42
15 21 28
17 40 45
31

17 48

20 46
6 12 24 32

40 45 47
5 25 26 34
12
12 18 32 42
40 45

12 20 21 40 45
40 45
42
17
28 29 33 40 45
14
19 49
9 18 48
11 43
49
33 40 45
26
5 26 41
7


18 40 45
3
8 25 31
28 40 45
17 27
2 8 17
4 8 34
40 45 47
2 13 20 44
19 28 37

21 33
3



40 42 45

2 28 29 38
14 32 40 45

15 37 39 40
9
16 34 40 45
41
10 40 45
8 23
7 32 40 45
15 41 43
46
40 42 45
44 46
1 18 40 45 48
40 48
16 40 45
13 23 47
0
15

16
26 29 31
0 15 32 49
39 40 45
37
40 45

13 19 41
12 40 45
40
47
32

23 40 44 45
30 40 45

40 42 45
7

30 35
15
11
17 27 42
36 44
49
14 21
18
40 45

40 42 44 45


3 19
25
18 33 40 45
8 28 45
6 26 35

1 29 33 45 49
15 47
21 40 45

40 45
39
6 30 40 45 48
25 44
40 45
40 45 49
46
23 35 40 42 45
17
45
38
0 3 26 32 35 49
21
14
9 18 35 37
19 40 45

40 45
21
32
12 40 45


7 21
40 41 45
16 31 40 45
24 32 35


18
40 45
39
7 20

21 35 40
17
10 28
33 40 45
40 45
31 40 45
23 31
13
35 39 40 45
40 45 46
20 32

39 46


35 44

0 8 17 21 40 45


25
7 40 45
2 34 39 40 41 45 48
15
12 30
41
6 19 36

40 45 46
29 35 45

0
20

44
15 22
7 25 35
1 40 45
37 40 45
4 46
8
28

8
19 34
11 29 44
4
41 47
31
1 44
8 16 21 34 37
27 31
5 13 16 29
28 39 40 45
21 31 42 48 49
13 40
10 43 48
1 40
40 45
10
16 23 49
44
43
2 6 9
27 35
41
31 35 38 40 45
40 45
43
40
37 44
39 40 45
20 32 36 40 45

34 39 40 45
27 35 40 45
6 33 35

17 31 40 45
25
40 45
19 40 45
4 40 45




6 22 44 46
14 44
34 40 45
30 38

4 23 43 47

13
30

45


25
8
4

10 40 45
42
38
15 22 45
34 47
48
28 43
21 46
2 13 47
5 11 16
15 40 45

12 47
17 33 39

5 24

40 45
25 35

42

48
13 44

41
40 45





5 6 23 26
22
10 34 40 45
19 27
41 47
3 8 14 40 45
27
40 43
46
0 38
10 36
15
6 27 47
21
28
30
32
30
23
5 9
0 3
27
5 19 24 29 40 45
5
36
40 43 45
46
14 22 34
10 40 45
9 32 45
10 49
37
21
18
22
13 24 40 45
40 45
11 25 26 40 45
33
28 40 45
16 40 45 49
13 30
11 26 40 45
38


35 45
3 9 40 42
1 5 12 16
34
1 24 40 45

14
10 12 29
7 10
40 44 45

1 33 39 40 49
11 25 36
36
6 40 45
22
39 41
11
3 30 42
40
42 49
18
31
26

1 10 23
36
9 13 21 40 45
14

24
28 49
6 17 46
15 34 36
33
39 40 45
2 4 25 44
24 29
12
3 19
13 44
43

30 40 45


27
16 27 36

33
40 45 47
1 7 40 45

26
10 34
45
15 35
6 8
40 45

4 8 13 18 40 45
14
23 44

19
23 40 41 45
18
19
11 46
9
40 45 49


0 17 19 46
29 31
40 45

13
32
10 22 25 40
12 18 40 45
7 18 24 32

19
12

14

26 28 40 42 45 49
11 21 41
28 37 40 45
34 44 49
15 25 45
31

25 26 42
9 17 40 42
5 12 40
8 9 12

31
9 18

8


0 1 17 30
30
6 24 39 40 42 45
3 12 43
40 45
28 45
1 9 15
2 3 20 40 42 45
3
40 45
7 11 18 40 45


2 19 21
24
25 26
13

38
4 38
40 45
5
28 31 40 45

40 42 45
20 30
31
8 42
44
5
10 41
46
12 37 40 45
0 49
40 45
24 33 47
14
2 3 5 19 20
23 40 45
25 42
48
36 45
6 44
25
19 32 40 45
7 26
15
37 42 49
7 40 45
10
2 19 49
5 23 36
4 22

10 40
24 39 40 45
36 44
1
39


14
9 13 30 40 43 44 45
14 29 34
11 44
12 40
40
21
17 25
46
28 29 40 45

17 40 45
6 23 40 45
22

4
1

20
20
13
9 34 41
28 33 47

34
33 42
27
15 40 45
4 40 45
21 44
5 10 18 29 30 31 40 45
1 5 18

4 31
10 30 35
41
19
44

40 44 45
5 7 9 39
17 20 40 45
4 21 26
7 8
14 29 40 45


8
17
6
5 23
34 44
10 27 40 45

1 40 42 45 46
18 24
2 11 14 40 45
40 45
21
42 47 48
21 24 28
26
2 10 21
8

9 32 35 36

3 11
1 36 48

21

13 16 33
6 27 35 40 45 47
2 40 45

10 35

18 40 45
40 45
3 28 40 45
29

0 31 34
1 14 35 46
42
33
24
41
2 10 24

20 39 47
34 39

48
7
8 48
40 45
4 21 49
2 26
8

40 45
31
32
14 19
40 45
12
1
20 40 45
17 31 47
9 23
39
25 30 39
8
0 11
41 45

0 25
48
23 25 35 36 38


0 41

7 21 36 48
3 36
4 6 10 12 39
10 23 25 47
31 40 45
47
36 47

31
6 10 40 45
28 34 40 45
46
3 48
9 20 47
40 45
4 40 45
10 26
23 46
23 40 45
4 20
13 27 48

4 24

7 20 40 45
29 40 45
0 21 22 30
14 32
12
6 12 17
5
31 36 40 45
40 45
5 29 30
14

40 45
5 19
13 15 33
40 45
22 23
36
18 25
25 40 45

26


28 44
0 19 29 38
40 45 47

40 45 47
34
20 42
39
2 6

0 45
0
3 26 28 39 40 45
5 16 39 48
8 26 30
26 27 32 41

4 24
2 36 40 45
1
26 49
41
15 43
8 40 45
4 9

27 40 45
2 10 38 43
11
40 45 46 48
11
40 45
35 36 40 45
34 39 46
12
24
33
34
0 28
1 14
1 9 12 26
32 43



36
19 27 43
4 26
10
25
40
33
34 45
4 15 41
10 36
8 16 28 30

0 17 20 32
26
17 36
3



27 31
41

15
18 44 48

2

35 49
20 34 36
35 44
1
39
35
0 26 30
10 29
5 14
16
31
1 26
10 21
8 13 20 48
13 17 19



9 23 24 27 47
26
6 9 25

15
18
8 22 39 41

2 9 22
23 31
14 31
9 14 36
14 20 43
48
4 40

4 18 23 34
29
36 37 48
8

8 26 38 40


28
34 39

32
22 36 48
10 17
11
37



28 39

16 38 39
33
42
12
33 42
21
8 9 22 27 32 44
6 37
26 30


45
22



40
8
16
4 10 15 16 24
16 25 29 34 45

15 18 33 47
16

17
3 4 12 40
4 46
1 25 32


41
1

21 47 49
30 38 47
14


6
4
23
44



19 28 29 36
27
37
10
35
7 9 18

5 40 43
12 22 34


1



5 14
20 24
9 14 18 48
11 16 30 46
0 2 11 46
13 14 28
8
5 6
44
42


31 35
29

2 3 11 47
12 32


4 29
1 12
22 32

6
0 6 30

14
9 33
16 18
0 10 19
2 7 25

13 17
30 47
44

13 35
13 16
24
9 43
0 30

22

5 46
35
49

18
16 47



13



14 22

19
18
1
5 26

28 46
10 43

6 38
13 43 47
23
12 25
18
48


23
21
14 17 27 38
29
16 17 26 41

2 12 46
12
30 38 41 42
28

19 41 42

17 26
15
16
30 32

12 37
3

1 28 38

26
12 30 49

6

30


26
18 32

34

16 35 44
13


35
38 45
16

12 24



31 42
44
14
13 36
16 47
2 44 49
7
16
33
28
0 48
13

48
12
3 25
47
2
27 45
6 46
32
25 26 28 31
5 43 48

43
17 19

5 42
48
13 34 47
31
31
15 35
14 21
2 9 11
24
13

4 11
42
0 24
18
39 42

29 36

0 15

26

8 23 28
7 36 39
7 16 21 39
35 47
9


16
45
26
16 18
0 23 25 27
46
9 42
19 23



45
10 39
21 22
10 30 35 44

27 32
36
41
30 35

0 5 33 49
27
17 24 43
12

9

13 20 34 38 39
25
9
9 33 38 44
16
1 41
25 30
23


3 12 14 20 24 25 46
26 31 42
8

15 19 40 48
9
31
1
28



9 28 30

21 44 49
31 35
48
3 9 34

49
46 47
21

11 12
3 7 47
34
15 47
8 17 32 40



39
27 39
1 23
11 26

27 49
18

0
2
39
19
33
20
0 9 10 25 44 49

12 49

2 36 44
42
7 20

6
6 14

24
1 11 24 28
23
1
7 14 36 47
36


25

17
6 45
49
15 28
33
40

45
1 33

10 28
15 39
24
44
16 38 47

9 20
36
39

48
8 12
3 22 37
29 34
2 16 44
47

4
9 25 26 44
23
16 20
18 24
15 44
3 24 35
2 21
16
14


3 11 16
36 37 44
32
48
20 48
6

1 2 13 37


32 48

4 6 12 40




18
30
11 12 44
22
2 24 37 45
17 26 37 48
41
43
9 44
40

3 7 32
39
32
5 34 44
35
24
41
17
4
2 5 15
11 41
16
46
19
16
5 6 13 34 37 47
44


5 22
37
5 15
10 16 29
39
20 34 36
45

25
7
2 34
2
33
13 27
6 36



41
5 13 15 24 31

9 13 21 46

3
4
15 48
38
12 37 48 49

29
22 24 34
4 17 27
23 30 33 35
30
1 20 26 30 34 42
37
21
19 30
20
5 15 18 33 39

11
19 45
2 3 27 35
25
29 33
23
12
35
24


5

17 37

12

15 17 31
43
20
34
6 16 26
3 26



7 13 40 45
15
5 15
29 46
41
2 11 33
1 11
47


20
21 33
22 38
2 14
11

27 47
5 13 15 48


0 31

14 23
37
4 5 15
28
18 31 46
28
15 16 37
41
13

2 23 34 47

5 15 45
29
29
16 18 25

40

45
40
3 5 15
46
25
31 39
32
29 39


4

4 5 15 22 29
5 7 15 20
26 36 49
5 15
8
4 36
12 15
5


29
28 46

5 10 15 27
43
25
5 12 14 15 35 36 48
14 22
2 22 32
5 13 15 22 36
2 12 31

5 15 48
2 25
32
5 9 15
49
0 5 18 23
0 5 15
26 36
5 15 24
27
9
5 7 15 40
3 35
5 11 15 28 34

35 38 47
39 40 48


10
22
7 18
32
7


5 9 15 22 37 38
19 36
47
17 20 26 38
22
16 47
8 13 41
28
17

26 41
35
46
4 5 15
0 3 46
25

5 15 24 36
33 34
13 40 49
47

0
28

12 28

5 8 11 15 26 36
8
38 43
19 37 38
5 15

5 10 15 16

6 24 43

5 45
1 3 4 19
22

5 15 43
25 26
7 49

20 35
20
14
14



1 6 18 30
49
5 12 15

0 5 15 37
47 48
19 40
11
1 42

42
22 24 39
17 22


7 45
2 28
13 25
20

42
34
0 3 48
5 15 41
26

32
1 3 22 48
40
3 35

5 15 16
5 15 20 29 32 43

6 28

5 13 15 22
26
6
3
1
49
11 39

24 36 49
7 13 46
6 18 49
31
1 16 28
31
9
10 39
9 15 16 23 26 32
34 42
16 22
4 24

14
34 37 39
10
5 10 15
23 45 46
9 15 33 36 46
14
12 41

32 48

13
16 21 42 45
1 49

0 45
5 15 23
6 24 26
0 5 15 36
0
31
46
37 49
5 6 15 42
22 35
21
23
15 47
9 43
11 32 49
9 21 24

20 49


13
14
14 33
32
5 15 17 30


18 31 49
0 19

41
10 29 48
5 14 15

10 24
41
19
5 19 35
5 10 15 41
7 44
7 23
2 24
5 14 15 49
9 24 42
40 48
31
45
5 15


3 18 22 29 41
16 17

48
1 5 15 21

4
30 31 43
0 5 15
5 15 31
19

19
19 39 44 49
23 31 35 37

8

34 48

3 34 36 42
0 5 15 29
4 18

5 8 15 40 47
43
5 38
28 44
48
11 25
3 33
5 15 18
5 15
15 24 26 37
27
42
22 25 29 30 40
21 41
27
5 15
13
0
15
5 13 15 30
5 15

6
47
34
41
1 48
5 15
5 15
16 41

8 25 48

16
8
5 15
40
20
5 15

1 14 34
13
9 26
3
47
25

0 4 9 18 24
29 33
10 11
7 31
46


13 20
11 31

24 48
0 14
18 29
13 39 49
11
33 42
11

19



10 29

17 20 21 44
10 19 24
28 43 48
5 15 47
2 5 15 40 46
35

22 26 40
11 32 44
5 15 48
16 33 44
23 46

39 45 47

26
34
5 15
7 13 42
17 35
39
20
5 15 25
1 14 16

21
8
32

21
37
33
9
1 4 25 28
1 18
23
18 29 30 32
8
2 6 39
20
15 37 42
20 24
32
5 15
39
15
5 15 45

10 49
7

3 17


11
45
30

6 42 49
5 15
10 43
27
8 37
1 46
28
34
5 15 49
5 15 29
10 24 42
4

38
5 15 22
40 42
1
26
3 42

34 40 47
46
12 27
36

5 15 26 31
46
26


43
9 22 43
49
5 15
20 28
0 5
26 28 45 49
1 42
4 42
29 47
33

4 6 18 40
2 5 12 15 23
26 30 40
5 29
21 48

7 16
44
47
21 36
5 6 15 19
5 15 20 33
19

33
11 39
6 9 32
6
21
29
26
31
28
11 16
39




36
49
30 47
5 15
1 6
7
38
0 7 33
37 44
5 15 30 49
2 8
29 33
31
24

0 5 15 16 17 28 45 49

32
10 26 29
5 12 15
13 24 35
11 44 47
38
9 19
4 25 29 36
1 8 31
46
2 12 24 43
33
19 44
7 14 32 35
1 15 25 36
1 47
10 18
13 40
3 8 32 33
5

37
24
34
14 21

5 15

32
8
16 40 47
35 36
5 15 39
13
25
0 44 45
5 15 25
27 30
42
11
5 15
13 40
8 22 46
5 15 31

11 42
24
14
5 15 37 42
16 34
16
9 19 23


20 36
36
2
34

17 35
31 36
0 5 14 15
2 5 15 23
0 24
29 46

5 15 22 26 41
14
2 15 31
23 26 35
1 19 48
21 38

5 15 34 44
26 42 46
14 27
4 31


2 29 31 41 45
5 15

10

7 11 21 44
12
0 20
8 11 18 48

15 37
13 30
5 11 32
8
20 31


4 13 33 34 46
26 40 44
2 22 49
5 15 44
9
22 26 39 47
16 26
5 15 18 33
37

5 10 15
18
18 35
35
5 15 26 32

47
1
2 17 22 41
5 15 30
5 15 24
23

34 36
38
5 7 15

2 12 35 43
14 16 17 26
15 24
1 48

3 5
1 9 40 42

12

14 36
5 15 30 37
11 25 35

0 31 45
5 11 15
27 40
13 14

13
11 15 31
28

1 32 33
24 29
1 23
5 15
14 20 26 49
36

5 43
14 21 47
21 47
17 23
14 33 39
15 26 49

18 30
5 15 16
34
19 32 44
26
7
21 40 44
3 25
7 47
2 19 34
0

6

12 22 48
19 21 25 45
10
12
8 41
1 30
5 15 39
5 15 32

5 15 42

16 29
8
5 15 30 33
1
15

5 15 29
21

48

2 38
40
5 15
5 11 33

2 15
24 25 33 35
3 5 11 15 36
40
1 5 14 15 24 26 35
34
13
7

41

6 7 8
0 30

3
9
5 15 22
24

43 47
9 16
35
14 40
22 47
0 17 28 43
6 31 46
43
10 35
31 39
32 39 44
14

19

2
6 48
4 22 33 47
21 33
13 17
2 32
12
4 24 45

7 13 42

5 15 49


44
49

46
26 41
16 26 38
38 39
2 19 32
4 41 45 46

16
16
39 44



5 15
16
5 15 40
8
16
7 18 32 46
4
5 15 21
4 14 33
36

8 39
1

12 34
5 15 20
18 20 31

9 28 43

5 15 46
5 6 9 15
12
0 29
33
5 15
4 32
14 19
5 15 36 38
7 11
26
3 5 8 15 18 28 29 46
49
20
1 5
2 43
9
20 41 44
5 15
12
5 15 37 41
13

24 31
5 15
9 47
12 41
44
5 9 11 15 34
5 15
5 15 28
41 43
5 15 39
6 47
35

28 45
4

45
3 18 21
24 25 26

42
16 25 33 43
2 5 15
29
5 15
5 15 43

33
5 14
5 15
5 7 15 18 38
40 43
32 36
14 24
4
7 39
21
34 38
29
33
11 24 43
17 45
5

41

33
42

3 5 7



21
28
5 15 35

4 5 16 21
1 16 17 36 44
41
26 29
33
24

5 15 19
13 28 45
5 15 35 43


37 49
12
15 23
14 25 27

46
40

7 10
39 42
5 12 32 46
44

41

15 16

30

18 19
8 27 48


4
5 15 17 19 33 35


5 6 15
2
4
33 43
21 23
5 15 33
33 35 49
5 15
17 36 41
3 13 15
4 5 14 15 22
5 15 47
17 48

15 40
21 27
5 11 15 32 46
26

48

17
5 8 15 32

20 46
15
17 28
5 15 18
31
49
4 5 11 15 25 27 37 42
9 31
8
1 5 15 47 48
28 35

8
11 22 32
5 11 15 43 47
5 9 15 32 47
14 27 32 34 48



15 38
38
19

20 38 43
0 21
31
13 14
11 16 20 37

17 18 24
6
14
5 10 15
17 34
5 15
4 12 16
30
49
27 37
5 15
7 30
5 15 20 26
5 15 25

15 34
17 32
6 47
16 34
14
8 17 19 24 30 48

5 11 15 28 37

9 19 22 33

41
36
5 15 32

18
5 15
4 17
5 15 32 33 38


5 15 27
2
38
5 15 31
11 12 17

22 28

40 48
10 16 31 36
42
4
2 5 39 41
32
36
26 27
11 13
29 31
2
9
20
5 12 15 46
31 39
20
7

29
5 15 35 40
5 9

10

39
29 49
3

37 44

5 15 31

34
1 41
10
48
24 39
9
17 20
8 10
41
16 35 37
5 10 15 16
19
23 28 35
5 15
34 39 48
46
5 15 22 32 45
2 5
9 34
15 27 45
4 26 34
5 15
49
5 15 26 48

5 10 13 15 41 48
24
11
48
5 15 42
2 24 48


13 32
16
1
24 44


0 32

19
28 34
8

39 42
10 36
21 39
33

5 15 36
12 15
20 31 34
4 5 12 15
46
28
0
4 18
32
30
9 28
37

12
7
1 27
0 42
19

5 15
47
42 45
4 11
3 5 6 15 34 42

5 15
5 15
14 20 25 38 42

16 27
8 45
34 36 38

7 40
1
14 15
23 38
25
4 21

0 26 35 47
0 5 15 25


11 19 45
11 13 47
19

18 19 35 41
40
30 45
40
9
43
5 15
5 15 48

24 33 42
5 7 8 10 15 29 32
2 5 15 19 32
2 18 42
7 47
0 3
2 5 15 28
44
24
28 49
45
5 14 15 21 40
27

0 21
5 15 45
16 22
5
11 34 40
32 37

11 37
34 46
3 17 41 48
10 31
26
5 15 28 48

19
9 16 17
23 38
45 46
39
1 37
20 23 25 29 30

48
7
33 47
3 21 43
1
32
10 12 16
0 25
7 33
25 33 45 46
8 31 36 47
15 42 45
22 40
14
28 37
41
36
17 38 46
22 43
5 27 40 47
47
5 15
7
24 37
27 39 46
26 41
0 17 36
10 23 33
4
31 35 40 48
5 15 32
16 34 36
22 34
6 23 48 49
38
5 8 15 35
5 15 37

12 43 48 49
3 32 34
16
19 34
35
10 25
47
30 33 34

0
12
20

6
14 30
6 10 11
2

23 45
25 27 47

5 11 15 41 45
5 15 18
5 16 49
9 12 44
15
14 17 30
5 14 15 49


23
31
5 15 37
19 41

5
15 16 37
5 15
20
0 39 49
2 9 16 33
19 42
5 15 43



5 15 22 34
21 29
5 9 15 21 49
14 15
0
12 24
5 15


30 44
0 39
5 15
7 25
5 7 15 31
21
0
5 15 35 36
1 4 18 43
0 9 43 48
38
5 37
22

4
2 5 15 48
5 9 46
20 34
5 7 15
6
5 17
2 11 46

5 10 15
48
46
2 42 48
42
7
2 5 9 47
5 15 17 24 35 47
47
5 23
5 15 34
5 14 15 36
16 43

1

38 49
32
3 10 36 48

3 22

16 18 19 28 33 46
19



48
41

6

30 41
24 36
37
17
1 31
18 44
5 14 15 25 38
11 28 36
28 45
28 31
5 15
29 48 49
2
11 16 20
36 40
7 14 45
18 43
48



4 13 42
5 15

14 21


5 15 28
16
34
25
11
5 15 19 26
5 15 34
14 46
2 5 15

5 8
10
6 27



21
12 35
37 43
4 5 15 44
5 15 39
13 48
1 6 14 38

45


5 13 15
5 15 21

7 10
11 22
2 11
22 36
12 15

12
0 16
5 15 35
34

2 12 38 48
3 5 15 24
32 46
23 40
39

5 15 43 45
38 49
32
4 31
1 5 15
19
23
27



41 44
15
6 22
3 5 15 43
5 15 28 38

35 43
19 29 30

20 32 48
5 12 15 40
38
23
3 5 15 23 24 28
34
4 10 47
5 15
36
49
5 7 15
3 49

35 40
12
34
2
3 15 26 29

9 45
2 41
0 5 15 41 46
18

25
5 15

44 46 49
12 17 37 46
21 23
5 15 26
8

12
19 26 41 47
44
16 23
5 15
34
3 5 15 38
41
28
39 42
39
2 4 15 27
5 16 30
16

9 41
5 15 48

49
47
17
7 37 40
5 15 16
7 9 13
17 26
0 1
24 37
33
7 21
8

5 7 15 33
2 5 15 34

6
17 23
8 38
0 4 7
5 35
15 19 42

11 13 25
37

7 9 47
31 41 45 48
15 40
12
5 15 28 49
7 22 34
35
5 15 30 35 36 37

5 15 22 36

4 14 32
7
37 49

8 22
12 26 32

32 49
3 32

49
5 10 15
20 22 29 31
5 6 15
5 15
14

6
5 15 28 32 35
29 39
13 36
5 15
22
21 45
5 11

1
5
6 41
5
13 49
13
17 22 25 32 33
14

7

5
0 3 8 13
5 15 35
5 49
46


43
27
28


12 28 43
5 15
40
3 7 20 26
0 26 29 47
2


21 25 43 48 49
5 15
23 45

4 5 15 25 42
7
17
19
34
8
10
4 34
16 19 21
5 9 15 29 37



5 15 27 41

5 15 31 42

5 30
40
8 9 23 27
22
7
12
11

28
26
8
5 15
18

20 40 46

5 15
23

34
13 28 43
21
49

5
12

35 42
26 32
9 33 37
5 15 46
5 15 26
15 44
42
2 32
17 30
5 15
41


27 49
11
27
43
38
5 15 42
24 40
26 39 48
48
24 38
43

39 41

13 21 24
20 49
35 42
6 39
24
41
17

9

15 45
22 35 46
13
38
18 47
15 16

28 36
8 10 16
0 5 15 45
5 15 20 31
4 5 15
10 44
27


2 42
19 39 40
24
27
30
48
15 36
1

44 45



47
37
3 5 10 15 32 38

34
26

8 35

12 29 44
9
5 15 16
12 36 46

2 5 13 15
6 42 46
48
11 24 38
5 14 15
12 34 38

2 6
5 15 23
2 33

4 8 41 47


36
34
10
14
8 12
5 15 23 44
32
5 39
15

5 15 25 43

3 8 14 46 47

35
5 15
10 21 34
5 15 17 46
41
5 20 37
5 15 36

31


19 23 26
23
39
49
42
31 35
14
5 15 22 29 46
0 24
5
1 30 38
10

20 39

6
15
24
5 11 15
18

4 5
4 5 11 15
16

5 15 26
30
5 15 29 46
43
45 48

32

23
0 10 17
10 35
30
13 28
6
19

4
5 15 25
22 47
0
30
11
19
34 41 46
3 34 48
41
5 45


12 35
5 15
2 7

31
27 49
11
18 20 23
4 8 20
1
3 5 15
10
46

29 41
21
18

1 5 15 26
46
12
29

0
45
7
13 30
26
5 15 37
6 20 31 42
1 12 37
0
3 17 33

26
39 40
10
26
9

47
3 5 12 15
7
1 15 19 45
0 5 6 15 39
12 45

5 15 36
41
5

23 36
25 39
8 28
10 36 48

10 27 43
5 15 25
14

33 36

5 15
30 48
16 48
26 30
1
0 12
1 2 20
2 5 15
46 47
3 5 15 49
5 15
0 5 15
27

31
5 10 15 17 42

14 34
3
5 40 48
24


19 45 46
32 49
44
6 46
24
5 20 21 28 38
41

4
31
12
18 31 39
49
22
18 22
22 34
7 36
4 40 43
13 28 35 37 47
18 22 24
5 7 11 15 16 22 38
22 37
41
5 8 15
44 45
5 10
25
25
28
5 9 15

22

18
8 43 44
37
16 24

18

3 34
0 8
4 34 43
5 15 43


39
5 15 34

46
4 5 39

33
5 10
5 19
44 48
41 49
29
5 15 19
11 26 40

18
14 28 34
27 42 46
17 31 44
5 13 15
29 38 49
5 15 24 39
5 15

19 46

28 40

9
17 34
24 34 48
5 9 11 15 25 38
11 13
5 15 21 23 25
40
25
3 20
15 45

6
19
37
6 38



43 44
21 22 29
24 37
10 44 49
4 26 27

5
42
5 15

5 9
34
12
5 15 22 35
16
25 34
47
2 5 15
16
0 15
37
31

39 49
26 32 41

21 48
5 15 16
0
35 44
7 27
36 39
23
9 23 47
11 13
19
1
5 15
0 20 41
3
19
0 1

3
41
16 36 37





7
0 5 44
39
4 5 15 31

5 15


5 35
35
5 14 15
5

2 29


16 32
30
5 15 25 49
5 15 26 41
23 36
5 15
5 15 19 40 49
45 46
25 38
5 15 43

44 49
11 15
35 37
0 5 15
5 15 36
7 8 40
1
39
3
5 9 15 36
5 15
44

5 35 40 48
8 19
4
9 38
2 5 15
8 12 46
3 26
9

9



2 11 17 24 26 47 49
15 27
11 34
5 8 15 19 26
25 26
25 33 42

1 5 15 16
4 30 44
24
4 47
5
45
1
24
5 15
5 15
5 15 23
9 19 29 43

5 15 33

41
5 32
18 26
5 15
5 12 15 24 35 47
39
18

20 38
41
5 15
17 26 47
25 35
32
0 5 15
5 7 8 15 48
19
29
5 13 15 17

7 15 41
8 35 43 48
16
10 24
0
18 37

16 28 31
5 38
24 45 49


32 38 42
9 38

18 19
10
48
9 29 35
9 25
8 15 44 45
3 44 49

0 12
0 40
7 9
2 5 15
1 5 15 49


26
5 6 7 8 15 46
12 41
48
6 37
22 33
5 15 26 49
14 31
5 15 23
40
9
5 15
15
3
0 31

23
13 25 33
5 15 49
5 15 40

6 14 29 43
15 25 31
17
20 26
4 38 45
2 11
5 10 15
26
6 11 34
45
19 38
38
30
5 7 11 15 29

8 19 24
7 17 22
6
5 15 40

13
5 15 38

35

5 15 30
18 32
44
0 20
22
0 14 19
38
2 5 15 31
0 6 7 36


5 10 15 20

27 44

5 15 21 23 32
2 40
4


21 30
11


49
19
5 15 49
1 11 30
18 21 40
5 15 26 42


2 7 26
35 41 47
8 16 18
22 29
16 36 49
26 39 42

1 13 14 28
3 5 15 44
5 30



47
5 15

33 35
16 47
5 14 20 23
36
3 5 15 25

13 30
15
17
6
4 5 15 34 44
16 35
5 15 33
28 46


11 26 37 42
28 34 41
0 7 47
33 38 44
39


16
7 8 24 41
4 38 43

35 46
6 29
15 20 46 48
5 15 44
7 38 39

46
9 35 45
5 15 35 37 47

23 36

49
32 47
6 15 17
21


18 41
5 15 21
5 15 37
23 43
24 49
5 15
25 32
16 18 40
29
20
5 18 44
11 35 43
8
29 34 44

5 15 40 46
5 11 13 15
35 38
13 32
6
32
19 41
26


21
17 28 45 47 49
1 5 13 15 16 42
2
5 10 15
0 16 20
5 13 15 20 48

13 30
41

33
10 13 48

12 41
4 7 15 40
33 42
4
13
5 17 35 48
30
5 14 15
7
15
2 5 8 15
10 31 38 49


11

15 16 41 43
12
5 15 44
31 41
4 8 14 17 23 39 46
32
1 30

2 43
48
43
13
2
29 34 36 48
23
5 14 15

22
7 39
5 15 33
12 28
34 45
35
5 15
21 32 48

39

22 36 40
16 25
19
8
29
9 48
9

19
1 37
28
13 29
2 41 44

9
23 45
34

6

6 36 39

20 42
31
2 4 29 33 37
22
5 15
5 6 8 15 39 45

30 32
23
7 14 23
0
5 15 30
8 20

32
11 16 36
15 25 44
13 36
25
9
35
9 19
1
3 6 25
7 20
44
5 15

5 13 15 22 23
48

15 21 28
27 39 40

31
23
0 2 13
28


27
15 32
10 14 15 25 40
36
29 33 39
41
26
9 35
5 15
5 15 42
40
12 19 49
5 10 15 22 42
5 6 15 21
18 41 44
31
24 27 36 39
29
5 15 35

4 22
5 10 15 33
6
17 22
1 30 43 48
40
48
21
5 15 17 27 28 46
5 15
4
0
43
11 22
19 27
0 8 38
0 39


8
15 29
18 19
0
5 10 15 30 34 37
5 15 36
23
5 15
32 46
2
19
1 47

32 33
5 15 45
22
36

5 11 15 44
38 47
0
5 12 15 27
9 38 39

3 13 32 35
16 19 23 29 38 46

7 27
5 15
5 15 23 28 43 46
9 17 27 37

5 8 10 15 22
9 17

5 15 49
34
41
4 20 22
27 47
38 41

4 5 11 15 16
11 12
1 42
49
5 12 14 15 27
42

4 8 44

3 16 19 27
5 15 36
29

5 15 21 45 47
8
44



16 38

20 31 34
4 30
18
7 35
5 10 15 21 48
35
22
2 26 42
1 14 30 40
7 40
5 15
5 27
5 15
5 15
15 34
5 15 21 39
29 41
5 13 15 37
42
5
19

44
9 32
25 39 46
46 48
1 5 15 21 36
7

4 24 27 41

3 12 35
45 48
35
15 30
3 22
20
23 43
26
11 49
5 10 15



5 15 43
5 15
8

41
25 39

49

11
4 39
17


5 15 16
12
32
8 44
25

21 30
36 46
16
5 14 15 25
30
34 42
25
5 15 40
41
10 24 36
9
47
7 20 24
2
1 5 7
5 15 16
46 47
8 21
22 30 32
8


5 15 18 28
8
9 35 37
22 34 48
4 9
16


5 15 28 37
1 20
5 15 19
11 12 17 35
38
13 20 47
2
31
17
9 14 16 36 39
1 14 17 42
47
23 27 32

39
3 38
24
25
6 14 28
5
12
5 6 15 33

13
33
13 21
38

32
44
10 25
37
17
22
41
19 23 47

1 12 41

16 40
16 25 33 41 44
5 15 23 32
21 31 37
5 15
17 30 34
21

0 8 21 22
6
15 43
43

15 41

7 16
5 15 42
2 33
5 10 12 15 22 39
0 1
4 5 8 9 15 19 36 45
11 24 49
45
12
7 18 38 41
29 31 49
2 24
5 15

5 15
3 9 41

16 32
44 49

5 15 37
5 15 40
1 48
7 35 37
5 15 31
6
5 13 15 18
44
7
9 14
5 15
14
0 6 14 17 40
5 15 38 43
5 15
2 18 32

12 31
33 49

33
15
1 5 15 17
0
3 5 15
0 5 15 45

3 7 18 39 43
10 37

31
1 16

21
4
17 26
0 20
5 15 32
14 33
37
21 37
4
19

5 15 27 46
5 8 15

29 31


16 33 45
5 15 42

5 41
5 15
33
4
30 35
38
1 9
5 15


5
1 16 30 44 48
6 24
1 5 15
13
36 44
5 15 19

1 13 24 45
5 15 33
5 8 11 15 44
45
39
12 23
47

46 47
43
42
41
21 24

28
8 47
7 14 24 28 46 47 48


8 16 37 38 49
1 5 15 34 44
12 16 30

9 23 24 44 47

31
32 43
13
3 37
44
15 24
2 6 18
5 15
22 33
9 11 19 48
10
8 13
11 41 44
38
13 49
29 37
8
21 27 35


12 17 37 38 44
12 43
9
29 42 46 49
22
5 11 15 49
29
0 7 16 29 31
25
19
22 36
14 49
5 15 18
7
25
24
43
45 49
22

44
41 45 46
3 19 38
4 18
3 40
26
6 29 45
19
36
40
5 15 16 46

1 5 15 26



5 15 34 43
0 5 15
31 35 41

12 23 43 46

11 28
6

15 41

1 9 13 19 22 34 39 49
26 39
22 24 49
10 16
5 19
11 17
5

5 15 41
1 5
19 35
3 5 15 43
22

22

8 29
5 15
5 14 15 28

39
5 15
1 6 7 39
39

0 5 15 49
28 46
25 40
37 43
11 21
5 14 15 49
40
5 15 40 49
5 15 37



5 15 17 49
9 41

2 7 45
1 17 21 44
41
19 34

5 15 17 26
5 15 16
27
28 32 35
9
34
26 37 41 45
17
5 15

26 43

22
5 14 15 38 49
5 15
5 15 40
5 8 14 15 22
11 27 47
14
13 26
2
7 24 47
15

7
5 15 30
43
1 17 24
0 2 5 15 19 42
23 42
5 15 39
0
36
5 14 15 42

48
3
5 15 41
5 15 41
12 21 28 31
35
5 15
5 15
5 15
2 12
5
5 15 43
22
34 37

20 43

8 16 41


15
3 5 15
12 38 47

12 26
2 7 34 45
4 12 27 35


27
18 36

35
2 26
18 22 44 49
18 32
4 22 44
28
11 23
31 33
15
35 36 37
7 42 45
45
24
15 19 38


5 15 41
40
41 47
12
32
14 31 45

28
48
5 15 24
5 15 34 43
4
48

23 25
44
5 15


21 41
15
13 18 26
1 5 11 15
10 23 28 33 41 47
33
26 44
23 25
4 34
0 22

5 15 22 44


17 30 42 49
46
5 15
2 34 47
5 15 31
15 23 36


25
0 5 15
23 35
40
19
33 39 49
10 13 18


30
5 15

23
14 45

14 23 48
5 33
6 22

25
5 15 24
9 12
6 11 29 41
4 5 14
37
2 5 15 44
5 15 21 37
14
41
44

8 10 20
7 11 16 18 34
5 15 24
39
0 6 19 30 44
32 43
5 8 15 19 40
19 48
24
18
43

2
2 14
10
31 46

2 5
18 47
32
27
5 15 16
31
47
1 16
9
0 14
40
18 24 29 40
4 15
1
31 43
5 23 38

4 25 39 45
28 32 34
18 25
37
35
5 15 48
5 18 28
1

15
14 15 16 43
5 6 15 23 45
29 43

5 15
5 15 40
23 41
24 25
7
12 29
5 15 33
5 15
9 16
1 36 41
2 12 19
12
12 21

0 5 30
5 15 36 43
23 40
38 39 48

2 4 5 15 49
35 36

30
1 5 15
2

3 21 38 46

32 37 43
5 15 34 49
48
3 9 17
2 22
34
20 42
15 35 38
32
12 14

7
5 15

3 9 12 23

5 10 15 48
9
14 21


26 46
6 10 12
17
5 15 17 33
8 43

0
5 15 45
14

22 35
44
14 36
3
5 15 25 40
15 17
7 25 34 39

35 46

5 15 17
2 5 15

5 15 33
2 10
3 39
5 15
5 15 22 40
5 15 18 22 26
3 13 40
0 16
37
12 23


5 15 21
1 5 15 48
0
3 11
18
13 16 35 49
5 15
37 47
5 15 43
21
7 17 28 48

19 29

2 5 15 45
6 15
6 48
4


9
9 16 42


6 13 17 19 25 36
7 14 17
7 34 42 45
17 31 48
4 37 45
5 15 26 37
29 48
4 8 20 28
5 15 32
6 25
5 15 39 42 46
30 36 39 43
5 12 15 23 32 43
8 24
44
5 15 17
42
44

1 14 24
38

5 24
31
0 46

1
21
0 9
3
49
43
1 5 15 21 43


0 5 15
49
9
3
31

35 43
22 35

49

5 15 49
38
8 12 24


7 19
18
0 5 12 30 39
3
23
5 49
0 36 43
26
5 15
5
1 19
38 42
42
8 38
5 15 17
5 15 19
7 30 41

3 40 44
24 48
5 15
19
48
1 5 15
5 12 15
25
38
6
12 26 43 49
12 17 47
37
5 15 32 45 46
5 15

5 8 10 15
5 7 15 43
2 18 39
12 32 43


28 30 47
28
45

10 13 27
2 5 15
38
5 15 24 43
0 24 41
14 28 47
9 19 47
8 12 44
36

4 7 48

30
23 33
3 5 26 31 32
3

5 15
23
27 44
3 34
10 42

22 37 38
2 13 16 49


19 42
5 15 38
23 26 34
19
40 47
28 29
9 40 49
28
12 31

16 36 42
20 26 27
15 16 25

45
5 15 27 42
15
20 45
5 21 23
12 16 41

48
5 15 39

1 19 29
41
24
43
20 30 37
19
34
23
1 14
6 41 42 45
49

24 39
19 21

5 15 33
19 27
30
5 15
4 15 26
7 20
5 15 32 38
16
12 13 20 33 40
12 38
11 16 29
6

5 15 38
4 5 9 14 15 17 24 30
32
2 5 15 20 27 40
14
5 15

32
12 18 46
18

24 44
7 30 35 39
6
5 15
36 37

44
5 15 26 43
4 5 15
20 38
9 26 33
39 43
13 18 32 39
3 22 29
13 42
4 12

5 15
19 41

8 12 44


20
43
46
6 13 40 48
39

5 10 12 15 19 41 47

5 15
17 35 43

43
0 2 27 42
18 19 46

19 35
26
45
5 15
5 15
5 7 15 21 26
2 7 20
10
14 21 22
15 24
5 10 11 15 47
5 15
33
47 48
3
18 22 49
10 14
46
9 35
5 6 10 15 32
6
15 38 43 45
19 40

5 9 15 16
5 15
42

3 5 45
2 5 15 16 35
21 45
11 16 33
21 24
10 20

21
0


14 36 38

48

23 43 47
42
5 46
9
12 21 36
18
2

46 48
5 15 26
41

34
34
10 25 48
49
5 15 39
5 15

13 48
13 29
31 48
44

31
15 30 40 47
39
14
48
18 25 43
5 12 18 35 46
23
25
42
5 15 23

5 6 15 17
2 41
36
9 39

6 12 16 24
37
3 5 15 45 49
9 22
32
5 15 41 44

20 28 47
43
42 47
19 39
43 45


20 21 40
35 37
1
5 15 36
13
43
24
5 7 10 15
27 33
9 47
6 36
7 9
19 42
28
19
35
16
22 43
4 44

35 49
7
4


1 20 44
4 27 40
10
45
3 13 45
6
41

36
5 15
20
40
2 5 15 41 42
7
11 31
20 30 45
4
46
28 45
20 45
1
17

2 27 34
16
10 14 42
1 5 15
46
12 39
29
3 5 9 15 39


5 15 20 39
12 34
23
4 45

25
10 25
15 29 34
3
14 46
10
43
13 28 39 41



0 13
33 43 44
27
45

6 23
21 48
7 16 49
5 17
13 33

5 15
1 22 26
1 28 29
48
17
5 15
21
45
2 45

15
0 4 31
18
7 47
5 15
1 41
5 15 24 33 45
15 42

5 15
18


5 15 19 28 35

9 32 35 44
34 48


5 15 25 37
35 44
2 10
1 11 39

5 15 23
40

8
21
5 15 41 44
3 22 31

21 40
5 15 40

26 31
4 5 10 15 41
47

2 28

9 40 49
5 6 15 45

6 11 28


43
6
42 45 49
27


4

42 47
5 15
13 22
18
37
29
6 44
28 41
10 38
13 20 31 41
11 38
5 14 15
5 15 20
7 25
8
40 49

1 30
5 15 26 47
7 11

14 15 37
25
10 28 30
19
0 2 7 20
5 15 30 43
6 29 33

9



5 15
33
28 44
12 15 20 31 37
22 42

20
5 15 35 39

9 22 44
5 8 11 15 46
34
1 12
11
18

49
5 9 15 21
5 15 35
5 10 15
5 7 10 15 22
6 39 43 46

5 12 15 19 39
22
12 20 35
5 15 17
35 40 45
5 14 15 41

5 15 38
2 5 24
26 49
12 19 23 30 48
2 25 31 40

15
14 26 30 45
5 15
27



5 9 15 19 31 32
1 11 43 46
47

23 35
19
15 31 43


0 5 15 16
31 32
5 24
23
2 5 9 15 38 48
5 15 39
10 26 28
48
27 32

7 47
4 11 34 43
28 37

4 9 39
22 42
18 19 20 27 49
5 15
6 33 36
0
5 15
30 33
1 13
34
3 38 49
5 29 31
36

6 27
6 16

12 31 36
1 12 42
12 20 39
5 15
25 42
12 17 19
19
12
16 18
5 15 16 30 31 47
23

5 14 15
12 16 21
18 23
11 21
45
13


5 7 15 42 43
28 43
49
49
29
17 28 32
4 37 45
12
36 43 45
3 4 15 35
40
18
5
10
42 48
23 38
28
24 42
15 33
4 29 42
1 48
6 19 28
5 15 18
13
12
35

5 15

5 15 17
17
15 25 32 36
29
26 47

32
0 31
8
25 48

33 48
44
5 12
19 33 48

0 7 25 39
1 4 18 32
36
23
23 32
25 32 44 49
0 9 15 26 33
12 21 33
15

5 36
5 15
20 24

20
5 6 15

25
5 15 29 36
38
4
10 16 23 37
5 15 47
2 34
23

5 14 15
20 29 40
1 40 43
16 25 48
3 42
39
34
46
0 13
31
2 4 46
5 15 39
23
15 22
21
49


2 8 44
34 36
6 9 23 45 46

0

2 29
17 23 47 49
31


41

27 49
9 22 43
3 7 28
12 23 28 29 49

26 29
7 29 48
2 44
48



32 35

44
1 4 12 45
7 9
34
37
48
36 41

42
23
5 14 27
18
16 30
8 46
9
23 27 40 47
19 27 35
44

12 19 33 38 47
26 27
2 29 45

41
16
1 24
24 44

46
8 31
5
49
8
27 36
8 38 40
4 10 44
12 15 33 41
48

21
23 24

2 20
10 22 29
23 37
30
3
6
6 18 26 28 41
30
27 42 47
12 25 48

13
27
39

6 34 46
16
26
5


29
3


23 37
10 19 36 47
30 36
27 48
14 28
44


1 6
27 45

19
23
18 31
38
24 27
6
43
12 26 34
6
11


12
13 20 30
47
18
31 48
48
7 9
26 32 39
7 28 34
27 38 43
44
49
18

44
36
6
14 15



9

25
3 10

11 44

9

27
46 48
26 28 31





43

49
30
24
14

15
13 14 41
32
1 21 35
3 42
4 16 44 49
10
19

44

43

16 27
1 34 39
29
8

16 17 28



20 26 27 43
33
0
8 46
45
25 30
9 22 43
10
7 13 14
43
7 23 38 41
20
25
27 29 31
2 22 26 35 41
5 32 41


38
4 9 11
17 20 42
29
40
41 44
27 45
14
49
49
2 29
12
48
44 46
20 27
12 25

24 37 41 49


20

17 40
17 25
26
28
10 39
10

12 36 44
0 16
34
25 39
17 31 39
38 40

2 23
1 35
7 11 21
9 21
13

13 29 34 49
24 26
20
13 47




43
25 32

0


20
13 25 46
6 44 46
26
23 34

10 14
18 33
7 27
14
11
5
27 43 46
17 37
34 49
14 31 43
41
34
1 8 22 24
19 25
39
10
12 14
16 33
37
46

41 45
38
4
13 34
15

5 26
9 48
22 43
0
8 10 17 30 43
20 39

45
11 34 47

7 13
14 48
30

4 10 30 42

15
30 41
8 20

12 40

27 45
22
14 25
18 28
38


3

14
30 39 49
7 15 31
19
17 22 37
14
7 20 29
26
32 38

5 15 17 25 42
2 39
5 25
2 3

4 8
7
11

8
21 28 30
31
1 23 27 28 29 30


23
12 40
1 42 45
43 47
15
25
1 12 17 33
14 28
8 24
36
12
29
3 33 34 42

24 29 44

7
8 37 39
19
8 16 30
15 18 28
15 26
0 1 11 28
18 20


9

33
29

11
18 23 24

35
9 29
13
1
6 13 22 34


10 45
7 18
13 47
12 16 33 49
36 45
49
14
9 12 20 24 39
11
0 2 23 32 34
6 18 19 41
38 39

2

9 25
29
12 25
9 10 36 43
28
36 39
4 6 12 33
8 45
18 25 45
4 12 17
2 41
29
8
8 21 30 47
24
25 44 48
8 10

7
46
30 45
30

5 8 12 40
35
10 44
13 34 35 43
0
16

15

0 4 21 28
0 47
4 21

28



30 33 40


28
28 41
9 19
8 13 46
30
9
5 47
46
15 27 38 41
43 48

45

1 13 15 29
2 4 35
9 20 24

24 44

2
41 46

1 16 18


13
37
2 13 40
3

38
15 22 31 49
12
11 34


17 49
32

37
30 32
1 46
14 26
11 42
8

4 31 43
24 31
13 19
20 21
40
15 18
0 3 5 11 26
35
21 48
49
0 30 38
36 48
42
17 27 46

16 18
12
10 13 32
39

1 24 49

5 15 44
3 49
31 35

6 11

6
32
18 25
0 26 31 38
38
1
31 49
11
13 35
0
42
12 13 42
3 44
14 18 40
10 24
14
36

18 38
7 15
12


16 42
18 46
27 45
10 30
19
10 13
10
19
2 3
4
27
26
38 39 47
26
16 21 47



30
38
28

11
17 40 46

15 19 30
1 8 10 46
38
43
4
6

7 47
10 11 16 21 29 39 47

19 28
3
26
26 48
0 9 16 20
11 20

15 22
19
13 31
25 36

4 21 23 42
19 28
7
22
46
7 23 36 37
38



18 25 26
13


34 48
2 14
40 42
45
11 13 23 26
8 14 39
39
38 48

22 35 40
26 46
4 32 49
7 10 17 49
4 17 39 42
18 43
47
15 22 40 41 45
0

33
16 35
15 39
1


27 48

2 34 37
12 49
34 44
2 46
7

22 45

2 31
21 32
12 18 38
28
46
6 26 35 46
23 42
40 45
49
38
2 23

2
0 11 31

1

3 38
26
7 20 46 49
35
29 30 44

6 41


17 26 30
19
16
27 31
4 21 33
27
11 13 33 42 46


1 29
27 44
9
7 24 48

2 17 26
21 47
17
34 40


5
5 36
12 25
21 32 37 41 44
12 37

10 25 46
6
9
38
32
32
23 40

34 37
38
36 39 44
11 45
24

0 27
30

10 48
8 38 48
31
4 14 27
9 21
41
2 19 31
6 36 47
0 8
0 24 48
0 24
16
11 37 43
15 17 47
12
9 23 30 31 43
16
28 46


14
37
12 15 33
23 48
21
20
44
5
21 45
16
12
28 45
15 29 39

26 32
31
26



34 43

23 45
40 48 49
7
7 23 41

30
17 39
19
26
13


22 24 28 29
48
8 13 46
11 21
13 43
3 48
0 13 28 40 42
16
16 33
2 27

7 38
27

3 38
5
24 25 47
0
33 45
5
8 30 35 43


21
25 34 49
11 17 23

39
14

8
0 42 49
16
8 20
30
15 16
12
19
45
28 47
38
13

43
39 43
34
24
48
45


7 22 40

41
2 38
42
6
49

47


4 46
43
18 42
18
9 49
20
44
7 15 20 23



3 37
1 8
42
15 46

34
4
28
10
21
20
3
2
13 45
29 39
34
11 13 22
6 12 17
5 6 18 34
35 49
22 29 37
14

18
43 45
7
6 18 29 36
10 17 25


3 23
10 22 23 41 49

17
11 37
43
7
7
47
12

28 29 35 45
14
14 21 22
9
1 11 37 46

2 36 42


34 47
48
49
46
4 20
1 45
11 20 26
46


18 47

5 26 44
42 46
44
32
20
8 27
39

22 40 42
15
5 15 26 44

21
9 12 14



11 19 38 45 48

19 41 42
15 41
28
32

15
26

9 43 47
20
9 34 49
5 31

42
32 37 44
28 38
27
22 32

30
11
1

11 24 32 34
22
5 15
26
9 12
29
11
7 17 18 24
7
38 39
19 32
11 19
11 34 42
21 37
24 38
2 35
12 39
17 36

41

14 43
42 43
10 26
9 13 46
33
3 8 29 33
13 43
7 14
34
38 48
41 45
15 39

14
14 34 47
34
18 43 47
16 44
2
1 40
6 20 32 43
7 15
9 28 31

4 33
11 28

40
13 46
39
8 45 49
7
24
30
5 12 46

7
2
8 11 31 36



12 13 29

25 45
49
21
13
9 15 21 27 49
42
11 15 17 26
13 14 25
7 44
1 39
7 36
30
25
45

39
27 42

14 42
3
13 20 38 41
12 20 25
29 43

2 14 37
19 47
4 23
14
24
41
34

25 39
28
14 46 47

29 45
19
25
19 34 35
26
4 46
29
24 33
2
48
7
12 27 42
7 23

5 46
12 38
21 39 47
0 39 42
43
35
1 15
37
16


29 30 31
11
25 40 41
45
13 17 45
3 15 16 25 45
36
41
5
6 16
8

18 30
0 36 39 48
27 38
1
15 30
10 39

4 30 45
3 26 37
17

14 32 35
31 42
49
0 12 32
11
16 27 39
47
45
38
26
18 26
0 14 43
43

29 32 42 48
18 45
0 22

7 23
31
17 26 42
35
8
19 41
17 44
14
28

18
10
9 11 22 44
4 17
21 41
1
21 23 43
17
2 30 44
16 20 46
39
7 10
4 17 20 21
10 48
1 8 9 47

29
15 31 32

16

28
5 35 49
22

18 38
23
36
5 25 48

28
3
13 30
5 21 34 43
44
35 44
24
15 24

19 25 38
39 45

8 12 31
0 4 20 23 44
1 47
3 10

21 34
23 42 44 46
16
1 27
9 10 23 48
29 33 42
17


30 44
19
14
18 40
15 32 39
21 41

10 11 13
19 26 40
1 35


7 17
14
22 33 49
10 11 12
7 41 42

17 22 39 46

34

13 42 45

36
9 11 23
5
23 27
43
2 23
3 17 46
13 33

28
46
21
25 38
20 34
26 27 46
6
11
23 44
1 30
6
48
1
13
41
12 22
8 41
17 42 45
5 26
33
1 49
8 25 45 46
14

25 28 45
3 15
6 47
21 47

9
15


14 26 44
32 49
9 14 27
2 21
10 23 46 48

44
11
11 48
23 43
10 47
2 3 14 17 30
6

44
24
11
1 32


43
22 43 45
24 44
10 48

15 23 35 46

46

25 42

17
2 19
6 9 35
21
2 4 29
17 30
18
16 38 48
2 11
49
47

12 21
47
0 30 34
8 11
21 41 44
19
25
21
37 38 44
6 13
8 23
8

33
1
12
33

17 33
36
4 6 15 29
16 34

3


38


33
30 45
34 38 43
9 10 11 26
23 43
7 27 39 40 49
0 31
1
10 11
27 43
19

5
12 28 40

5 20 25


37
7 20
8
4 25 33 40
24 42
30 35 37 47
8 40
44 48
27
3 32
9 12

11 43
13
3 7 8 37 45

29
28 44
46
2 27 46
6 26
22 28 47

20 39


10 12 49
39
23
18 30 35
4 9 11 36
28
30
7 13 49
33 37 43 48

10
46
12
44
23 33 40 49
34 37 41 45 48
7 11 41
47
7 9 10 17 31
13 23
30
14

48
22 33 41

32
1 27 31 35
15
23
15

3

5
7 27 28
33


9
10 45
1 16 18 27
11
27

32
10 20 40
29 49
3 7
4 47
49
1
1 2
22
25 30 35
22

46
18
7 30 39 48
11 30
1 15
30 37 46
45

0 34 39 46
11 43
47
0
29
19
2 38
5 10 47
5 30

7 40
38
0 37
4 8 10 14 25
10 29 31 47
34 36
1 6 10 25 27
24 37
44
1 3 30 42
23 44
30
8
3
22 34
28 38

30

2 21 45
42
4


23 26 37 41
21
35 40
17 30
20 22 27 34
7 22
28
39

37
0 7

2 13
5
34 37
18 35 40
10 13 38
4
8 14 24 36
17


9 19 26 28
18 39
24
25

25

0 4 22 25
7 23
6 40
24 25 29 36
32 35 47
2
9 37
9 26 31
28


11

41
44

33 36


12

16 38
6 17
2 26
0
5
1 18 20 40
20
48
14 19 43
16 19 32 47



20 47
5 18 20 28
5 13
14
45 46
17
40
5 13 38
12 42
18 34
9 44
6 33 42 49
3 22 49
25 47 48

21 46
8

11 19 32
12 49
9
12
26
1
38
12
38 48

21

0
6 19 21
23

12 30
8
1 2

0 43

0 12 21
15
31 34
34 41
18
16 31

1 22
18
46
22




18 47

8

1 15 28
17 20 33 47
9 20 45

38 49
39 41
44
2

4 30

16 44
22
14 30

32
13 46

14 40
22

37
7 22 25 27
31 35

0

0 7 35
40
26 42
32
1
24 37 43
3 46
48
3 24 37

27 36
0 44
6 48
25 36 38
18
31 42
10 15 17
3 21
12 21 30 38
47
17 20
32
2
2 19 34 43
16 22 36
28
20 26 30
12
5
10 29
22 29
10
7

37

34
3 29
0 11 16
0 40

0 21 42 44
49

0 29 36 44
13 34


7
4 16 28 31

29


0

6
18 34
40
12 23 46
16 41

17 27
22 31
14 30 35 45

40 49

37

41
5 49
22
1 12
25 31 39 43
1 45
26
2 7 30
48 49
19

2 25 41

4
8
20 27 31
34
20
1 45
20 35 40

40
7 27 34

0 7 19 25
5
34
12
3 46
16 24
2
4 48

31
0 31
48
5 12 29 49
7 48
30
20 38
20 21
39 43
24 36
24 31 36 46
12

2
47
8 45
25
23 44
15
16 22 33 35
31 49
13 26
35 48

24
39
11
20 29 43
11
24
24 30
25
6 37 45
46
13 31
18 38
1 44
12
25
6 27
45
4 6 8
39
19
11
0 31 45



14

47 49

14
36 39 45 46
4
1 3 12
7 37

23 45
43
48
7
13
20
15 35

27 28
33 49


19 39
5
10
11 30
14 17

34
24
2 39
33
8 46
34
8
26 38
18 37
9 45


12 15
0

10 25


9
46

12 17 18
1
19 47
19 36 40
38
47
12 23 25 46
33
40
23 40 44
1 24

6 8 20

16 30
17 27 46 49
1 30 33
15 46

33
23 33
30
1 3
12 15 26 30
38
31
15

27 40

10 45
20 34 43 44
27 35
14 33
17 18 29
20

16 26 46
42

30
30


21
17

41
8
34 49
30
29 32
6 29 38 43 47

2 36
15
3 37
9 27 32

18
37

8




46
21 30 47
4 39
0 20 45
18
25
18
4 10 22 24 28 29
8

17 49
10 28
1 27 29

8
8
45
35
7 8 9
41
44
45

29 46
29 40


17 30
35
16 34
15
35 49
20 40
41
17
37 47
31 39

25 26
24 26 31 49
26 33 41
27
2
8
30 49
8 13
19 39
22 46 47

8 10
30

9 19 37

28 45



15
11 26 40 42

46

2 10 47
11

5 48
5
1 26 32
17 30 40 47

3 21 24

40
27 30
25 27
6
47
9 42

17 44
9 44
8

27
19 21
29 47
19 40
19
11 27 42
4 8 20 42
18 19
48
33
0 8
7 11 19
38
48

5 18 35 39
33
11 49

20 42
22
11
19 33 34
8 38 40
49
23 25
12 16 17 30 32

5 8 38

37

44
2
10 18
6 32
29 31 45
32 35
32 48



42 49
19 22

22
37
27
11
33
19 49
6 11 13 21 39
6 8 44
19
46
40 42
16
35
5

8
42
4


39
43
13
0 33 44
11
33
10 13 45 47

42

15 21
10
13

46

8 25 36
12

16

45

28
10 18 25 48
15 16 37


20 49
2 38
20
5 33 43

6
12
2
19 35 46


10 33


25
16

4
0
5 6 37
10
3 49
0 12 25
37
27
0

27
27
13 36 46
33 48
3 12 41
10 34
43
10
39 41
6

9
19 22 31
10
16 39
5
13 40 49
9
5 34


43
38 40
17 38
18
18
11 23 48
13 34

18 29 45
2 5 17 33
19

22
2
37
7 9 33
7 12 45

34 42

8
19

2 21 49

36
2 3 10 44
14 28


28
8 21 22 27 43
1 7 40
21
16 31
5 37
46
3 11
26
48
15 36

24 36
7
0 4 21
41 49
37 42
47
3 10 32
1 8 9 38
11
6 24
12 49
38 45
11
9 39

19 30

24 45
5 29
35 48
48



43 44

10




24 43
25 37
43
6
24

1
32 44
24 26
30
24 28 33 38
23
8 9 44
4 36

47
2

31 35
12 48
19 44
4
12 39

2 25

11 49

6 22 46


2 14
8 23 48
24
29 39 48
3

40

5 15


21 39 40
15 20
4
7
1 23
8
0 21

34 48
39
35 36
45
11
24
0 1
23 49

15
14 16 28
44
6


37 43
19
44 48
45
21



15 24
48
17

47
14 19
4 10
21 43
21 45
32
43
6 25 36
45 49
22 38 39
23
1 24 28 47

30 43
8 26
6 31 39 43


32
14 20 34
41
25 45
46
22 32
12
12 14 36
48 49
30 37
14

42 49
9
13
1 22 25 47

20
20
17 22 38 39
13

16
7
3 7 9 11 34
18 34
38

5 45

3
5 30
41
18

7 27
3

36
24 43
6 23

33
22

21 46
34
18
32
36 37
34 39 48
49
33 48
5
25 46
10
36

34
8
32 44
35 38
38
6
4 31
48
5
9
10 25 49
5 10 16 28

4 42
8
22
14 15
32

5
3
46
48
35
10 12


10 21
0
22 34
1
11 35
3 35
4 6 14 43
1 44

9 24 32

13 19 48
29
18 41

0 6
18

11 32 38
0 9 12
14 36
41
12 37 39 49
31

47
1 42
43 48
7 16
1 49
12
0 16

48
9 39
21
4 20 47
12 32 37 42
14
12 17
6
14 28 33
32 35 44
41
45
25 26
32 38
9
16
16

24
32
2 20 31
23 27

48


20 26 29
3 7 30 33
26

9 11
20
23 24 35
47 48
9 14 34
33
1 8 47


0
0 13 34
0 6 43
12
5 18 21 35

14 16


18
11

24
22
26 38 41
3
8 16
22 48
34 38
38
0 16
35
7 24
19 25
31 33
25 30

25 44
25

9 12
2 4 19 37 47

7
19 45
10 29 33
44
45

36
38 44
5 27
9 27 42 48
8 28 29
16 21
23 41
45

14 41
4 12 29
13 24 38
45
33
3 8
6 37 44

35
6 34
27
42

26 36 43

6
21
21
12
2 27 28 42
7 44
8 47

45
15 24 32

24 28
30
22 23
49
45
0
23 31 36 47
26 49
25 40 44
32
4 45
17 24
23
27 31

5 18
45
0


21
31 40
9 13 38
7
32
6
21
37
11
33
41 48
2 10 36 46
1

19 32
46
2 35
12 20
24
31

4 33 40 49
5 45
14
9 13 25
3 14 46
22

4 44
12
24 48
31 47

19

16
32
23
17
23
7 25 46
11 37 41
5 27
7 22 29 34 44
11 26 37
45
1 29 36 49
17
14 33

46 48
23 27
37


10
36 47
38
8 21 47
0 8
8 26 42
27
31

48
31
15
44 48

40


7 13
34




1 6 36
45

0
5
22 49
1
17

11 40

20
4
14

22
2 22 24 41
34
1 3 9 39 47
17
32
29
3 15
39 45
39 41
20
3 9
45 46
8 11 20 32
7

4 10
3 5 6 11
2 10 33 40 41
6
14 37
10 15 39

1 26 32
30
21
29
35
0 3 33


19 30
32
30
15 27 43
39
5 15 16 44
17 25 48
6 7
16 40
49
26 31 33
17
28
33
38
29 30
13
1 3 23
8 14 30
40
15

9 27
48 49
24 41
14 28 39
0 3
0

35
6 42
14 35
11 31
7
5 14 27 33
31

13
11

31
25
17 31
17 41

10
3 27



33 36
8 38

35
13 28 35
29 36 48

3 39 48

13 35 43
16 42
27 33
26
19

0 48
7 48
24

1 35
35 46


9
31
44
4 17
0 14 41


34 39
0 7 23 27 49
1

7 28 49
20
26
28


30
14 20 30 43
7 20 21
27
33
33
6 15
39

8 29 38
30
11 47

14 26
47
16
41
28 39
0
4 23 38 44
13
5 11 39

3 11 42
6
27 46
3 40
31
13 17 28 35 42 46 48 49
3


33 42
16
36
18 27
30 43
14 23 40
9 16 21
5 17
24
8 9 13 22 26
37
20 27

12 26
6 14 41
23 40 42
24 40

7 21


42
15 40 42

16 24 36

5 25
3

8 32
16
6 27 29
8 36
9 12 35 38
1

12
46

4 26 37
23 38
4 18 22

7 14 32
7

31
15
36 49
35 44
2 5 8
0 9 23
7 43

24
7 49
9 25 34
9
10 20 27 40
43
32 45 49

7
9 11 15 46


14
41
8 25 43
8 13 46

20
28 44 48
19
1 16 22 34

13 33 49
10

12 43
16 32
10 27
10
49
8 37 44
19
9 26 37 42 45


21 26 42
34
8 17 35 38
12 30
18
7 9 30
38
3

14 21
21



17

36 40
24 31
24 42
0

1
30 40
25 36



6
23 27
20
43
27
3 28
11 33
20 22

6 22 34



27
8
39 45
9 38
20 33

33
49


14 23 39
10 14
29

1 44 45
12 19 21 35 44
20 27
41

8 15 36
0 31 38
21 40 45

7 9

12
42
10 23 47
25
47
39


36 40
19 30
35

13 18
14 38
21
8 42
10 35
4

6 36

2 44

16

24 28
5 30
27 40
23
15 18 25
29

8 22 25
9 45
40 44
27 47
24 36

2 38

5 28
6 18
22
15 42 49

26 31

37
8
13 45
14 23 33 34 43
13 20 28
19
3 11
48
21 37 43 45
47
15
9 19
4
34
6 20 23


28
10 38 45
28 31 48
7
26 35 43 45
0 18


13 18 40
45
15

14 23
1 9
21 34
6
0 36 42
7 17 24
10
10
9 16 28 34 48
7 11
32
24
7
10 11 18 37
18
4 15
1 9
33 36
46
7 12
2
17 41
17 19 44
8 21 26
26
25 27
1
0
26 43
12

18 20 44
15
42
1
0 25
20 45
23 24 48
2 22
1 4 40 47

19
3
4 13 28
47
1 16 26 28 47
19
13
6 33 35
13 26
4 18
12 24 34

19
19 23 36

31 46
3
30 39
43
33
16 23 38
31 33

0 14 16 31 44
2 23 34 36 37 45


10
33
4 34 37 43
41
37
44

2 13
4 15

47
6 11 46 47
13 24 29
3 25 31
6 22
4 31 37
26 35
3
17 38
41
4 35
48
5 34
33

20 27 48
11 38
42
37 45
14
4
31
5 21 32 38

1 8 34 47
10 21
22
47
26 28
44 45
2 44 49
23
42
25 34

26 44 45
26 27 37


11 37
5 12 45
32
11 18 39
28

40
45 46

38
1 24
18 28 29 33
1 41 45 48
0 14
5 15
31
17 29
5 18 40
4
3 5 28 34 45
15 34 46
1 30 39
27 33
1 40 41

27

25 29
16

6 30
1

3 11
0 24 28 42

27 32 36 44 48

20 35
35
2 4 27
13 22 49
18
24 32

48
11
36 39 49

46
15 23 36
47
3 46
36


2 44
3 10 18 41

38
2 21 31
1 37

19
0 42
0
4 26

17 42
39
13 19
3 28
27 45
9


12 37 42
7 31


48
8 20 29 46
13 18 41 48
31 44
5 31
0
2 43

43
27

45
11
23 32 39 48
19
46 47
5
9 37

34 49
27 30
2
10 31 45 46
20 30
10 13 23
3 24 26 34
35
7 47

0
25 33
6 49
8 34 49
24
10
24 30
40
3 8 21 28 42
27 49

35 45 46 48
15 24
4 22
21
16

41

21
37
10 25 32 46
30
36
1
24
22 31
4
21 35
44
18 29 35 48
18 31
35
36

6 46
10
7
24 45
2 36 40

7 17 36
8 11 38
1 23
6 8 36



29


39
4
15 23
36
30
21 37
7 30
25 36


1
5 7 20

49
36
42
39 46

8 31 45

4
25
23
0 14 38
21
18 26
1
11 12 29 34
23
4 31 37
2

25 26 31
1 35
20
11 18
23
19 23
0 24 30
42 43

1 41
17 19 38 41
48
6

0 49
29 40

5 9 38

36 47
37
35
17
45
14 20 34
0 1 8
16
0 3 5 14 16 17 18 30
10 30 31
1 37
0 14 17 35 42

22 30
26 28 42 46
23 43
2 10

0 22

21
0
6 48
28 30
3
2 21
26 33
19
38
10 30 47
21


35 43
14
32
38
4

7 28 40 43 46
8 16 35 40
26 44
9 17 39

0 16
25
1 20 26
5 13
11



22

13 21 28
42
23
15 21
38 47
9
1 16 26


48
1 14
15 34 39

15 44
15 36
13 18
13

4 7
11

20 43

16 29 31 39
15 17

13

17
29

1 9 36 41 46
7 9 19

49
31
7 46
35

28
2
44

9 42 46

34
7
33 46
30 35

0 24
2 3 4 18
0 18 22
14 43

3 8 37

1 36
40

1
7

8 15 28 31 33 46
47

33
12 29
31
6 14 45

47
10 24 42
7 36
14
25
1
7
44
30
5 30 43
4 20 33 37
42
35

11 38

2 27 47
9


14
29
19
17
7 11 41 48
35
24 38
20 28 43
6 20 34
17 49
18 23 43
21 31 43
4
14
37
21
34
31 40
38 46
5 44
31

28 32
6 26 34 41 45 46
45
4 46
5 49
6 13 14 19 36


28

16 36
10
15 42

7 26
48
49
41
28
28

31 32


10 17

28 37
37
14
6 30
30
37
18
39
27 32 35
23 45
22 26
16 27 34
31
14 26
7
32
34 45
48
2 6 19
18
3 8 47 48
18 34 40
30 44 48
4


15 34
42
10 45



10
25

3 24
26
16 29 38
0 6 8 25 39
7 23 42
12
44
8
44
3 21 35

12 42
47 49
14
15 18
0 48

41
31 33

15
26


14 31 35

9 22
7 37 39
7
19
9 30 36
34

41
13 18 45
19 34

12

7 8
10 22 45 46
1 31 49
17 48
1 14 17
5 14 29
14 42
22

21
5

38
15 41
16
25 33 45
9 19 29
21 47
21
12
12 42
1 29
3 47
32 49
5 22

12 35 42
30 45
28 45
41

4 17
23 42
1 6
10
14 20 26
16
24 43 46 48
10 21
12 24

12
26
20 45
39
44
28 43


3 22
46
18

1 15 22 24 33
24 30
4 33 47



5

1

19 41

9 12 23
11 33

2 26
36 46
5
35
9 26 27 41
12 14
29


2 7
3 9 13 24
33
24 39
39

26 33
45
7 10
11 24 33 47
21


28 29
0 10
6
16
14 36 46
13 26
4 15 17 19 47
6 25

36

1 4 29 31
39
45


3 7
32
22 31
46
19 20 27 45

2 3

10

5
7 42
5


12 45
18
6
29


21 33
23 25 46
47
31 49
33
24
11
28 31 35 42 49
6 31
27
19 29
7 9 15 46 48
2
8 44
25 34
11
15 18 22 27
19 44
6 11 24
10 18 48

29
6

5 25 30
43
40
0
23



2
36
6
41 47
42 44 45
25
12
6 34

18 40
8 43
0 16
6
10 21 47
10
10 42
21
18 30
15

24
19 30 31
16 22
23
10
13
24 34
36

27
34
27
46
10 39
15
5
19 43 47 48
26 31 34 45
2 3 9 18
26 28 34
16
11 23
4 23

1 35 45

39


31
9 19 32
10 15 21 32 41
21 45
11
22 25 34 47
1 33 35
38
17 35
11 46
3 10 47

44

19 24
46
4 14
3 19
2
38


39
9 19
36 38 46

15 42

29
16
32
16
42 44


47
5

17 21 23 24
1 44

9 24
35 47
22 39
19
18 20 24
27

5 45
35
2 6
29
31

2
11
39
17
29 43
3
7
15
13
24

16
32 46
39 40
45
17
8
5 17 43 48
26 40
3 45 47
2 10
6 17 27 44
5 45
48

48
7 27 36


6 7 44
44
19 27 48
10


1 14 19
2 16 17
7 16

33

35
37
15 43

1 32
12 33 35 39


42
20
23
28 41


0 4
8 19
7 29 33
31
20
33
33
43 45
49
20 39
10

42

1
11 12 30 33
17
42


17 31 32 43
29
37
17

0 4 9 25
1 3 31 35
14
16 33
38
14
10
26 29 45
7 49
1 31 41
29
18 43
6 33 34 46
26 31

16 44
4 17 42 46
0 15 33
42
12 30 44
34

15
36 48
4
21 28 46
46
26
4 6 25 33
38 39
44 45
2 5 30
10 31
6
47
4 17
1
34
14 21 47
41
0 21

10 37

12 25


8 37 38
19 45
21 26
5 17 24 39 40 43
14 39
32
9



14 45
0
11 28 30

42

32 34
5 39
23 40
6 33
13 16 49

15 24 25 35
9 40
40
12 25 35

3 15 43
1 33
29

33
34 39
30
47
18 25 35
15 49
44
25 35 46
22 32
25 35
25 35 38
22
24 38
29
0 19 23
25 35

25 35 48

7 17 21
20 34

25 35

31

0 12
21 36


19

3 33
5

46
26 41
15 20 25 32 35
8 17 34
4 12 25 35 41 45 47
16 25 35 37 39
26 43

43
1 25 35 46
25 35

6
7 8
16 39

41
25 35
6 25 35
21
5 23
3 18 25 35

24 25 35
8 14

2 7


1 16
2 14 25 35
6 36
13 43 48

5
25 32 47
12 37 42
46
41
35
9 11 33
28
7 25 36 43 45



46
25 30 35 48

25 34 35 39
6 27 29 36
29
38
15 25 35
30 48
5 20
22
7 18
0 3 16 40 48
11 24 25 35
25 34 35
22 26 47
25 29 35
44

13 42
0 5 36
25 35


47
2 8 16

18 35
25 27 35
29
20 28
7 22 31
9
35 46 49
2 22 48
31 45
6 7 36 45 46
1 46
32
10 21
7 15
12
25 34 35
49
25 35
22 23 24 32
46
10 37
36 41 48
14 18
14 25
21

12 30
25 35
44 48
4
11 25 35
1 34
17 18 28
2 30 33
2 44

40

7 14
15 24 29
22 25

0 24
25 35


29
43

14 48
4 30
14 25 35 39 43 46
25 35

22
12 25 35 48
14 25 29 35
7 20
25 35
14 35
23 25 31 35

23 32
4 17 43
42
25 35
25 32 35 39
14 19 48
5

7 25 35
43
8 12 25 31 35
19
1
1 16
18 25 27 35
28
1 26 47
30
25 35

9 10
4 38
6
20
20 25 35
20
20 49
0 38
6
22 25 35 48
16
25 35

8 27
0 46
13 25 31 35 38 49
14
11 30
5
25 35


25 35 40
22 43
25 35 45
25 35 47
1 16 25 35
26 47 49
25
35
3 21 49

21
25 35 46
25 35 47
10 25 35 43
24
4 25 29 32 35
14

14 38
0

13 44
4 7
1
0 12 13 39
3 30 44
9 48
45 46 47
26
10

25 35

39
18

12 41
29
15 25 35
25 35
8 14 25 35
19 21
21

25 35
25 35 48

18 25 35 40
11 25 35
36
6

5 25 35
0 18

17 24

25 35 37 47 49
30
35 40
33 37 45
25 30 35
25 35 43
24 35
12 25 35 45
37 44
23 30
8 28
0


5 9 11
15
11 22 25 35
7 17
25 35 42 45
3
0 29
7
17 49

28
35

27 39
16 29 30
33 34
16 32 33 42
35
25 35
9 32
25 35 36
19 27
25 33 35 37
26
9 15
18
24
45
25 35 39
19

45 46 49
40


15 25 38
15 35
8 15
8 26
2 20 26 33 39
6 25 35 48
10 16 24 25 35
40
36 49
9 10 41
12 18 25 35
1 25 35

3 38
20 39

6 8 37

22
5 39
2 25 35 43
8
37

29
9

21
11
13 33
4 10 44 47
38 41 43

14
6 25 35 48

25 26 35
5 16
25 33 35 39
25 29 35 47

22
34
38 45
13 20 36
47
11
11 25 35 46
25 35
0 34
15 30

21
6 25 35 46
25 28 35

21 22 31 39

10

22
30
25 35 45
9
10 30
0 16 18
25 31 35
20 25 35
10 25 35
6 28
14 17 30 38
28
45
17
21


37
9 42
10 33
17 25 35 46
11 15 28 32
26

25 35 43 44
25 35

16 44

1

24
34 42 45 47 48
0
24 36 48
33
11 22

41
12
16 20 36
5 9 31 42

33
3 25 35 44 49
22 25 35

10
0 26 35 37
25 28 31 35
25 35
13 26
25 29 35
30 48
41
6 17 25 26 35
43
16 20 25 35 40
5 26
25
11 28
3 7
41 46
1
30 35

13 26
39
0
7 25 35
4 10 18 49
6
9 26 42 49
25 35
20 30
44

25 26 35 41
1 8 25 26 34 35
16

25 35
6
14
40
18 25 35
28
1

31 43
25 35

16 19 25 32 35
32 35 43
25 45
1 33
5
1 11
9 25 35
14 25 35 47
19 29 40
40 41
20 26 28 40
21 25 26 35
6 7 20 24 25 35
28

6 25 33
44
22 24 27

34
25 35 42
40
25 35


11
46
11 25 35
9
27 42
0 28
7
2 41
25 35 46
25 35 39
14 25 35

38
12 35
13

24 32 40
12 25 35 36

13 25 35 43
25 31 33 35 37
43 47
0 25 35 46
30
1
14
6 25 35
12 22 25 35
4 31 32 38
10 25 35
20 31
44
5
36
7 28
0 6 25 36
0 42
16 40
11 25 35

4 16 48
0 5 25 35 37
28
1 14 25 35 46
18 22 25 35

4 8 25 35 45
6 25 35
9 12
2 20 25 35
25 35
32
9 15 25 35 45 46
49
10 25 33 35
37
25 35

25 35


10
25 33 35
18
5 25 35 44 49

12
26 46
9 46
16 22
6
2 11 20 25 35
16 23 34
9 30

20 32 44
16 45
25 29 35
4 43
8 36
24 36
24 37
25 35 36 39 40 46
41

6 25 29 35
29
3
10 43
7 25 35

23 25 35 38
17 19
14 31
4 25 35

17

0
25 35
15 25 31 32 35
1
13

37 44 47
13 22 25 33 35

25 28 35 46
26
6 21 25 28 35 45 49
23
6 10
5 17 25 35 43
43
19 25 35 37 46
8 26 35
11 29
25 35
16 30
22
19
25 35
2 38 44

25 33 34 35 36
2 25 35
24
17 32
45
18 38 44

8
15 43
18 49
17
31
11 40 48
5 25 35 40
25 35 44
2
30
24
13 40
21
15
9 14 19
3

25 35
20

28 33
1 5 11
25 27 35
1
9 12 14 25 35

12
33
36
25 30 35
1 34 46
13 44
3 9 23 25 26 35 49

25 35
3 14
12 16 19 31 39
21 25 43
6

25 40
9 10

11
3
1 18 22 25 35 49
22 25 35 46
25 32 35 47
8 39
3 12 21 25 35 47
32 37 38 47
25 35 38



41
22 25 35 40
7
17 22
46
1 2 16

10 13 22 40
29 43
25 35 46
25 35
2 10 21 36 45
15 21 41
2 14 21 45
25 30 35
19 31 47
5 7 25 28 31 35
8 34
20 25 35
10 25 35 40
10 12 26

25 35
33 37 39 41
13 38
5 25 35 38

34 48
33

25 34 35
24 25 35
22
17 35
3 14
0 4
25
25 35
20 25 35
7 47
19 28 42 43
28 30 48
8 37 39
36
25 34 35
29
23 25 35 45
8 9 12 25 35

30

25 35
25 35 45
20
27
36
11 25 35 49
25 35 46


1 2 4 9
25 32 35 45
5 12 43
25 35 49
11 20 26
8 20
15 16 48
31
15 31 45
26
8 36 37
21 28

16 38
25 28 35 48
3

27 36
1 11

14 43 46
39
7 38 42
14 46
1
25 27 35
8 23 25 30 35
25 35
42
13
40
31
9 38
1 3 18 25 34 35 43

25 26 35

4 25 35 41
25 35
25 35
5 13 16 44
15 25
1 5 22
28
29
9 27 39
20
16
1 25
25 35
11 25 35
12 25 31 47
28
25
14
5 14 25 35 43
15 23
30 47
25 35
40
25 35
11 47
22 25 35

7

9
24 28 38
14 18 40
25 35
13 18 25 29 35 39
38
7 28
30 44
4 9 20 25 35


1 14


25 35
40

21
21 38
22 39
25 26 35

32
9 10 25 35
24
48
20
11 12 21 44
8 32 35 43
9
25 35

25 35
43
15 49
11 48
25
25

25 35 36
2 33
8 25 35

25 35 40
2 29

35
15 25 28 35
22 25 35
4 10 27 46
15 25 35
1 2 35
11 22 33
13 22 39
5 37
8 48
23 25 27 35
14 32
2 17 25 35 44
8 13 25 35 45
41
6 20 21 27 38
19
25 29 36 44
35

37

49


4 7 15 25 30 35
25 35
25 35 49

8
25 35


15
48
25 35
25 35 39

25 34 35
5 43 44
11 25 26 28
43
10 44
19 25 35
39 45
26 32 40 45
11 14
7 15
8 25 35
25 35 36 40
1 31 35

25

33

33

31 36
12 24
3 19 20 25 35
9 15 20
28 45 49
10
13 29 33
25 35 41
17 43
16
15 25 35
25 28 35
13 42 46
32
29
16 21 26 44

16 25 27 35
21
38

10 11 15 25 35
3 16 25 35 42
1 25 35
41
10
48
13 30
8
6
8 25 35
36
25 35
12 24
25 35
18
26 48
10 25 35 40
0 5 31
4 44
25 35 45
29 44 49
25 35
6 11
0 25 35
28
1 19 47
8 25 35
25 35
15

17 19

18 47

5 37

13 39
18
3 48
26
22
16
1 8 15 40
48
25 35 47
12 30
15 25 35


3 45 49
45
11 21 31 36 44

0 25 35 44
15

9
25 35
25 35 40
41 46
12 47
8 35
8 25 35
47
10 26
27
25 35
14 25 34 35
4 14 47
7 48
20 31

44 46
25 35 40

6
36
13 20 41
8 25 26 35 36
15

0 25
2
29 49
41 43 49
3 11 25 35 45
14 16 25 35
18 31 36 39 42
2 19 23 38
4 16 46
25 35

7 22 28 31
25 35
25 35
5 9
22
5 25 35
2
1
37
21
6 36
21
0 3 11 25 35
15 34
21
27 45

11 45
19 46 47
4 8
3 26
16 25 35
40
2 41
43
2 6
20 22 32 40
15
7 12 21 47
30
25 35
25 35 42
25 35 46
40

22
14
49
14
22 23 42
1 5 25 35 44
10 44 49
5
16 20 25 35
23 25 32 35 41
7 25 35
8 13 25 30 35
25 35
1 2 12 20 36
14 28
25 35 42 48

44 46
0 25 26 30 35
15 31 34 44
11 36
1 15 27
7 25 26 35
18
20 22 25 35 49
25 35 38 44
25 35
28 47
13 20 41
25 35
20


16 25 35
41
25 35
15 48

4 7
20 47
48

33
31 37 39
13 25 35

20 29

26 36 49
26
11 40
0 41
48
9 37
12 37
28 29 38
25 35
6 8 19 26 37 44
21 29
19 48


15 35 43 48
29
18 25 35
25 35

3 45
25 35
9 19 33 42
23 27 46
16 36 41
9 22 45
44
10
8 37
25 28 35
41
25 26 35 40
43
6 21 25 27 35 49
5 23 38
1
36
40
15 19
19
1 25 35
17 26 34 36 45
9
4
25 35 40
1
0 18 25 35

39
15

25 35
25 35
24

2 11 19 37




25 33 35
25 35 37 43


19 28

42
2 5 32
1 27
4 6 25 29 35 42

4
25 35

18 25 35 36 39
25 35
25 35 49
25 35 38
26 46
25 34 35
25 35
1 3 5 35
4 36

10 14 25 35
23 31
18 31

1 5 8 22
22 25 35

25 35
26 34 43
16
4 37 41 43
48
25 33 35 38
46
27 34

43 48
11 21
12
25
14 26
4 27 43
47
15 25 35

43
25 43
34 48
5
20 25 35
5 18 29 44 47
25 35 47
0
35
25 32 35
25 35 43 46
3
9
25 27 35
4
15 29
18 25 31 35
11 15 43
25 35 41 43
43
25 35
33

8
15 17

27 40
21 22 24 25 35
17 37
4 8 13 16 17
25 29 35 43
8
25 35

25
1 4 13
26

48
13
24 25 31 35
23 29
27 35
7
6 16 20 41
0 35

25 35
27
15
25 35 37
21 25 28 35

23 25 35 45
25 35 40 43 48
2
25 35
28
1 4
16
26 30

21 23
31

25 35
3 5 25 35 41
4 25 35 39
43 44 47
16
12 16
9 20 25 35
13
4 19
6 16
2

4 27
4 9
34 44
21 38 46

13
17 40
2 17 25 31 35
0 35
5 24
19 20 39

10 22 25 35
4 12 29 46
6 25 35
3 31 36 43 45
23
25 35 39
28 44
1 25
9 25 35
24 32
23 25 35
0 3 40
13 25 35
4 25 32 35

25 33 35
4
46


7 12 37
8 13
3 25 35
25 35 37 43
5 25 35
25 35
16

15 32 37
25 35 39
0 25 32 35

16 19 25 35
32 41 42

25 35 43 45
12 18
25 35
9 20 42
24
5 15 25 27 35
11 20 25 35 38
38
25 35
0 1
25 28 35
7
38 42
13 30 41

25 35
23 25 35 40
28 33

25 30 35 49
7

33

25 35
7 22
18 34 39
18 25 26 35
25 35
25 30 35 39
27
37

18 28 48
48

7 20 25 35 36 38
35
11 12 25 35
20
14 25 35 40

9 25 35 48
40
27
3 22 25 35 36 43

9
25 35
3 25 35
28 37
12 25 35

2 9
27
15 35 41

25 35 37
25 35
5 25 32 35
20 21 25 35
7 31 47
24
35
25 35 40
7 17 25 35
25 33 35 46
35
0 22 33
2 8 15 25 35
31
3 25 27 35

42
25 28 35
2 18 29
2 42 43
44 45 46
1 25 35 36
15 25 26 35 43
25 35
14 46

25 35
4 26
12 23
25 35
22 37
24

25 35
15 17 37
16 25 35
8 12 20 43 49

31 35
35
25 29 35
46

25 35
17 25
25 35 39


4 25 35 38
39
10 36

42

7 19
43
26 49
9 12 20
21 35
11 38
0 25 30 32 33 35
37
3 12 48
0 25 35 46
20 42 43 47
17 25 35
29

10 46

1 12 29
49

25 35
19 25 35 46
11
13
25 26 35 36
48
17 25 35


20 25 35 45
25 35 40
9 12 25 35
21 25




25 35 36

25 35 44
25 26 35
8 17 25 32 35 47

15 21
2 26 45


14 21 27 34
8 13
17 42
19 25 35
22 49
25 35
25 35
13
25 29 35 41
25 35
6 32 43 49
6 25 35
25 35
31 47
4 25 35
2
25 35
40
44
28 32
28 48
29 33 42
4

15 42 44
9 27
47 49

37 47

5
33
10 16 21 25 35
36
0
25 35 36
49
14 27
30
25 35
2 25 28 35 43
19
5
4 30 36 47
7 10
25 35

3 17 25 35
25 35

32

17
2 10 25 35 45
9 22 25 35
18 25 35
9 28 34
22 36 49
9 19 25 35
2 38
25 35


41
1 18
25 31 34 35
40
15
21 39

33
19 25 35 36
20 48
22 25 46
0 16

25 35 38 47
23 25 33 35 41 45

21
34

20 26

3 48
40
19
38 39
4 25 35 39
39 49
33


20
25 27 35
25 35
25 30 48
37
4 34

30 31

25 35
24 25 35
3 21
12 28
15 25 35

42
25 35

21 25 33 35
1 25 33 35 44 45
24 25 30 35

4 15 31
4 25 35
15 22 46
14 41
18 25 43
0 14
1
11 15 31 38
21 25 35
20 25 35 46 48
24 28 29 34
2 25 34 35 48 49
5 33 35
25 35 47
37
17 30
25 35 47

11 45
25 35
32
12
20 22 41 48

6 25 35 40 46
28
5 34
9 20
39
46 49
25
5 9 25 33 34 35 46
21
30
8
9 25 32 45
5 30
24

25
28 44
4 27
21 25 28 35

15 25 35

25 27 35
8 25 35 42
25 35 47
10 31 43
4 12 22 25 32 35
0 25 35
9 27 34 38
4 29 44

27 44

45
1 16

26

3
3 6 17 21
25 34 35
25 35
25 35 44

25 35
35 38

19
8 16 27


8 25 27 31 35
25 35
25 35
0 30
25 35 36
34
0
13 45
15 38
25 35
48
22 37
25 28 35
3 25 31 35
28
12 23 40
10 19 25 35
39
1 15 25 35
30
11 13 25 35 39
9 33
15 20 25 29 35 42 46
13

30
0 4 25 35
13 14

13 25 35 42
13
1 2 4 25 35
30
25 35
5
11 25 35
2 9
25 35
42
38
28 32
14 19 33
25 35


30
0

25 35 41

9 24 25 35 44
25 32 33 35
14 23 30 49
18 25 37
23 29 31

1 28
8

25 26 35 37 41
45
25 35
14 33
25 26 31 35
36
11
0 2 25 35 36
21
9
21
28
25 35 47
2 17 31 32
7 25 35

22

46
17 25 27 35

15 25 35 45
48
1 25 35
19 25 35
16 25 39 47

6 24 39
0 9 25 35 49
21
42

9 13 45
0 25 34 35 39
7 35
0
7 9 18 23 25 35
18 25 35
45
11
30 37

15 25 35
15


16 40 45
7 23

2 40 41
25 35
12 37 39

4 43
25 35
21 23
1
28
43
6 8
15 43
25 35 44
14 25 35 43
18
36
10 31

8 40 48

41
16 25 31 35

18
11 29 43
24 37
18 24
35
25 35 36 38
13
31 46
4 16
8 12 37
20 21
13 40 43
9 40
14 24 25 35 49
25 28 35 41
38
25 35
28

25 35
3 19 21 44
26 34
1 19
25 46
25 31 35 47
5
35
8 23 25 35 36
33
2 16 18 25 35 41
20 28
10 25 35

16
11 31
37 38


5 40
17

15 31
25 35 41
5 13 25 35
2 3 12 20
25 35

6 10 12
25 35
10 43
16 47
25 35
0 34
36 37


25 35
25 35
26
1 5 25 33 35 37 47

25 35
39 42 49
13 17 27 39
16 34
38 43
25 35
39
14 40
26 47
34 36
24 49
25 35 37

25 35
42
12
25 35
17
6 29 47
5 10 25 35
25 31 35 45
27 38
22 25 35 40
17 38
10 43
11 17
25 26 35 47
9 27
9
20 25
10 16
16 25 35 47
21
6 25 35 45
25 35 41
12 18 45

15 44
27
32
20 49
25 34 35 45
6 22
1 25 34
16 27 38
25 30 35
44
21 28
1 25 35
28
28 47
13 38
0 7 25 35
25 27 35
2 16 26 27
9 25 30 35


10 21
8 12 25 29 35
16

13 40 41
25 35 42
1 19
49
3 25 35
18
13


47
25 31 35
6 23 32
26 36
23 25 35 45
8 41
21 31

2 28 34
25 35
5 17 25 35 38
10 25 35 42
3
11 12 17
25 33 35 36
10 25 35 47
7 24 37 48
5 25 35
12 25 35
5 6 30 41
25 35
25 35
25 35
4
25 35
25 35
5 38 40 47
19 34
26 40
22 25 27 46
25 31 35
43 45
5 25 35
7
2
25 35
7
25 35 37 46
33


8 25 33 35
26 39

9
6 7 16 44 47 48
48
25 27 35 41
38
20 25 35
22 25 35 37
25 35
21 25 35 47
2 24 25 35

16 25 38
11 25 33 35
25 35 40 42
0 3 25
25 35 41
7
0 1 14 35
12 15

24 25 35
36
5 8 25 35
25 28 35
32 44

5 18 33
8 16 25 35 38
7 15 25 35
4 7
13
15 28 42
39 42
1 35

25 35 48
15 37
27

10 25 35
14 25 35 49
22 24 29
8 22 38
1 31 48
25 28 35 41
25 35

48

17 25 35
11 23 25 35
36 44 46

2 11 17 23
33 37
12 23 30
17 19 40
12

27 37
30
0 1 16

37

25 35
9 19 37 44
3 6 10 25 35
16
7 43

40
24
39
25 34 35
10 15 18 39
25 35

15
40 44
25 35
4 30 48
30
3
12 39
4 27 40
9

2
8
25 30 35 38
14
8 15
3
22


16
25 35
13 21 25 35 38
0 37 41
9 25 35
0 37
0 25 43
25 35
25 35 45
25 30 35
15
0 18 25 32 35 47
7 23 25 32 33 35 40
21
7 36 42
25 26 35
6
24 25 35
25 32 35
17 40
25 35
7 25 28 30 35
0 28
9 23 25 35

7
3 37 40
9
2
26 39
32

18 32 48

0 14 16 25 30 33 35
25 35
36 40
25 35 44


10 17 20
10 21 25 35 44 45
43

23 24 35 40
40 41
19 25 35 44

25 35 41 48

5
31
26 41 47
5 22 25 35 37


3
2 31
28 31
19 44

25 35
17 22 25 27 35 49
25 35
24 43
13
0
2
45
5
38 44

0 13

7 12
21 47
7 45

0
8 10
1 7 25 35 48
25 35 44 47
24 31
25 35 47
8 24 25 35 45
25 35

39 48
37
14 17
2 11 36 38
25 35 38 49
31 33
13

0
25 35
3 27 29
25 35 36 37 46
25
1 2 19 30 41
25 35
34
24 25 35 39

25 35 40
7
47
45 46
2 42
25 33 35 39

25 35 37 46
22 25 35
25 35


11 25 35

1 4 25 35
25 33 35
25 27 35
45
29
0 14 25 35
24




22 23 25 35

12 22 25 35
9 27
21
4 11 20 23 36

22
2 22
39 41
12 25 29 35
12 21 23 29 30
5 12 25 35 41
7
6 11 24 32
39
33


33 36 42
23
2 11 47
15
9 12 14
2 3
6 16 33 39
43

1
25 32 35 49
25 37 48
9 15 17 47

32
18
12 31 38

25 28 35 37
25 35
28
24
36

15 22 34
20 21 25 35 41 49

13 17
40

7 45
9 18
8 11
33
23 38

2 30


18 44
7 44
19 24
7 12 47
6 7 25 33 35
1 5 25 35
38
16 25 29 31 35 37
25 35 38 40
4 10


2 6 10 19 25 33
7 35 38
25 35 42 48
25 35 40
21
17 24
11
16 19
48
25 35

15
25 35 36
17 25 35 39
34 48
3 24 25 35
10
21
25 35 46
7
1 36
4 18 31

30
10 25 35 45
29
0 45
7 25 35
9 10 11
9 25 35
20 25 35
15
10
25 35
45

3 5 26
28
0
7 25 35 47
25 35

29 37
26 29
20 26 46
24 25 35
30
0 14 25 28 35 40
1 28
45
5 14
10 37 41
3
7 24 35

0 12 25 26 35
4 8 25 35
14 20 34 46
47
15

43
14 23
6 12 39
16 28 44
25 26 35
19 43

11 20
2 17
35
2 26 46

1
26
12 25 35 37 45
4 20 25 30 32 35
17 49
24 25 35

0 5



5 15
24 37
20 34
24 35
6 25 35 39
20 25 29 35 45 47
25 35
5 8 13 28 33
4 21 41 46
3 5 15 19
0 11 23 25 27 35
10 21 37 45
9 15 25 35 40
15 25 35 43
29
22
4 25 35 48
2 8 20
20 24
12 25 35

20 23 25 35

31 40
42
17 25 35

25 35
19
29 36
4 26
25 26 35
26 35

20
2 5
1
7 15 21 22 25 35
25 35
25 35
14 20
12 25 35
33 42
24 25 32 35
23

41

25 35

47
35 39 41
9 45
5 9 25 35 37 42

23
4 10
22
24 25 34 35 37

13
3 25 35
20 25 35 45 47
2 24 35
15 42
2 25 35 42 45
19 25 28 35 40 41
5 11 26
38
7 25

25 35
14
27
7
6 24 26
35
39 43
6 25 35
8 25 33 35 49
2 7 35 36 47


1 4 6 33
15 23
21 25 35

44 45
2 22 48
24
2
19 25 35 37
8 18
15
17 42
35

9
48

37 41
0 25 35 46
34

17

23 25 35
47
25 35 42
25 35
9 34
22 25 35 38
25 35
4 8 39
37 38
12 25 35 43 47
44
25 35
4 14 41
3 19 40
5 25 35

0 22

13 47
25 35
1 11


25
11 40 41 43
6 28
20 25 34 35
11
25 33 35
7 15 25 31 35
6 25 35
36 47
18 23
18 26 36
15 25 35
10
18
47
20 22 25 35 48
33 45
24
17 26 44
24 25 33 35
14 25 35 37
23 25 35 39

23 33 42 43
37 47

11 21 37
13 39
5 8 12 34 47
46
2 25 35 40
45
7 15 16

11 27 43
47

25 32 35
8 28 33
5
25 35 36
25 35
38
16
25 35
0 9 25 35 42 49

4 7
21
3 27 44
13
12 37 38 43
28 38
25 35


25 35
9 25 35
21 25 35
0 17 25 38
33
25 32 35
2 4 21 24 25 35 48
4 25 26 35 36
25 35
33
25 30 35 37

1 9 14 31
45
25 35

29


25 29 35
19
25 35
4 7 12 25 35 48
6
6 19 23 25 35 38
32
46
13

25 35 39

25 27 35
1 34
2 21
21
1
6 24 26 48
20 22
2
11 25 35
25 35
16 20 21 38 49


6 8
9 16
1 10
8 10 24 25 35
6 7 24
20
21 25 35 37
2 7 19 25 35
7
6 10 25 29 35
1 12 37
32

23 35 38
27
8 17
13 32 42
24 25 32 35 42 49
25 35
25 35 49
15 25 35 46
25 28 35 49
25 27 34 35
33 47


25
13
11 31
20 38
28


3 19
10 25 35 40 44
4 24 25 35
45
23
34 36
39 43
25 27 31 35 40

25 35 40
0 30 40
20
48
41
7 16 25 35 40 48
19 33
5 16 25 35 40 43
25 35

1
28
14 20 23 36 48

25 34 35

25 35
25 35
14 49
4 34
2
8 22 25 27 30 35
7

5
21 25 35
24 45
20 32
13 48
22
12 22 32
12 25 35
1 33
15
35
25 35
20 25 35 43
5 25 26 32 35
25 35
25 28 35
17 25 35 36
36

25 35
25 35 44
7 11 40
8 25 35

6 42
33

25 35 46
25 32 35
4 21

25 35
5 41 45
2 25 35 46 49
25 33 35
3 25 35
22 33 38
9 14 25 35
21
32
37 49
5 24 25 35
23 29
25 35 41

16 25 34 35
25 35
25 27 34 35
25 35
24

28 30
35 36 39
28
31
17 21 29

19 25 34 35
10 26
15 25 35
25 35 39
4 32 38 42
16 25 35
14 35
38
12
25 35
4 29

45
5 28 40
31

12 45

24
24 35
7 13
22 37
25 35
29 33

0 2

38
25 35
5 20
25 35 38 40
30
9 19 36
17 37 40


4
0
0 25 35
14 25 35
20 25 35 42 48
5 12 25 26 35
25 26 35 45
22 49
6
35 40
24 37 42
28
10 20 25 35
13 41 43
7 25 35 44
5 25 35 45
24
24 31
47
2 9 25 35
46
1 19 36 41
10 27
10 18 27
10
6

20 25 29 35

5 25 35 43
9 25 33 35

29 33
25 35
5 25 35
8 47

13
34 49
35 36
21

35 36 40
25 31 35 43
27 39 47

25 33 35 38
15 17 25 35 38
0 49
25 35
22 25 35
7 25 35
10 46
0 2 7
11
32
25 35 45
18 36 42
17
1 14 16 44
21 25 35
18 33

30
3 25 35
25 35

1 24 34 47
2

4 14
25 35

25


6
11

23 25 35

39
36
15
1 11 13 25 35
19 31 48
46
0 25 35
5
25 35 38
2 25 35
25 35 41 45
25 35
40
7 30
25 35
19 25 35
25 35 36
12 14
15 32
38 42
1 16 37




3
25 35 38
16
25 35 44
11 33
15
15 17 37

17
13 34 37 48
31
9 12
49
33 37 43

1 18
1 14 20 24 30
8 28 29 41
27 31
1 24 26
25 35 38
25 35 39
22 25 35
16 25 35 42
22 25 35
25 45 47

29 38 46
13 25
1 8 40
12 32 42
28
11 17 25 29 35
25 35 44
13
2 15 25 29 35 46
22 25 29 35
18 27 44

5 25 26
28
32 35
9 28 41 42
25 26 35
18 33
25 35 49
6
10 31 43 48
25 27 35
2 26 28
10 25 30 35

0 25 35
16 25 35 45
15 37


28 32 46

15 24 40
5
10 16
23 25 35 44
25 35 48
28
25 31 34 35
25 35 36
8 25 31 35 41
3 13 22 48
0 21 25 35
14 16 40 44
41
0
21 32
9 46
7 20 25 35 44 45
37
1 25 35 47

0 7 19 25 35
35
16
18 25 35

2 25
25
2 4 29 39
12 18
1 5 25 35
10 25 35
25 35
1 3 7 15
25 35
8
8 12 15 36
31 32
14

14
44


22
14 29


13 25 35 49
27 42
25 35
16
25 35 38
25 35 39
25 35

27
14 22
25 35
8
3 45



36
35
0 9 36

43 44
10 25 35
27
25 35
12 19 37 45 48
43 47
12
25 35

6 48
25 35
25 35
5 45 48
25 35
26
25 35
15 18 26
25 35
20
30

15 25 35
11 25 35
10
25 35
6 14 25 35 36
1 37
23 25 28 35
13 25 35 47
25 35
2 44
23 38
7 36
15 32
15 20 25 34
14
18 30
0 45
16 33
17 20
22 40
12 14 25 35
24 25 35 36

7 10 25 35

46
9 43 49
25 35 43
30
19 23 25 35 48
3 35 36
29 45
22 48

49
5 33
46
16
17 22 40
25 35
48
25 35 38
13
18 24 43

16
25 39

25 35 39
3 21
6
33
25 35 44
3
5 25 35
14 25 35
6 30
20 29

20
15 29
14 43

21 35

1 18 20
0 25 27 35
35
39

18 33
20 22 49
8 24 25 35

46
9 25 35
1 37
9 25 35
5 26
26 33 35 38 46
4 25 35
25 26 35 47
26
3
10 25 35
11 27
15 43
25 27 35

11 17 46
1 48
1
42
39
25 34 35
5 21
42 49
18
5
22 24

7 25 29 35
25 35
18 30

4 9 41
7
6 9 16
15 32 37 40
33 48
7 25 35
7 11
10 13
0 28
39
38
32
28 48
11 37
21 41
44
28 33
38
5 8 25 45
2 25 35
3 46
37

12 20

13 39
14 24 35
10 25 35
1 3
7
25 28 35

14 27
30 31
25


27 39
20 25 35
25 35
6 14 29 35 37
1 5 15 25 35


3 6 14
8 25 35 38 39 46 48
23
14 16 27
8 24 26
9 29 45
4 10 14 25 35
5 18 33 39 44
14 49
18
28 30
8 11 25 27 35 43
14
25 35
19 23 35
9 45
44
27 44
30
44
7 25 35
18 24 25 34 35
4 43

14 18
14 19 40
35
23 46
15 25 35
8 25 35
0 37 48
28
25 35 46
24
25 34 35
24 36
9
18 49
5 31 35
45
25 30 35 40
25 32 35
19 24
25 32 35 40 43
25 34 35

14 32
23
9 29

25 35

12
1 30
25 35 46
19 43 48
2 19 42

9
20 48
36 43
7
26 42
3
24 25 35 38

16 31 38
16
12 18 28
13 19 30 40
25 35
24 25 35 49

25 35

9 25 35

14 25 35 39
6 25 35
2
19
15 40
25 35 38 43
10
4 25 34 35
11 25 35 38
6 35
3 9 25 29 35
12 24 44
20 22
1 3 25 35
30 41
12 25 35
4 21
47 49
25 35
43
4 13 25 35

9 33 45
13
10 16 33
0 7 25 35 37
2 39
16

2 4 24 40 44
16 17 25 35
24
14 25 30 35
30



39
16 30
1 19 37
41
11

12 36 42 48
18 40

18 20 25
16 25 35
19 25 35 38

16 25 35
40
4
30
16 25 35
24 25 35 39
23 31 34
19
46
25 35
12 29 43
31
22
24 25 27 35 45 48
0 49
25 35
7 10 20 25 35
25 35 49

2
32 42
5 35
25 35
9 25 35 37
5
25 35 42
25 35
14 32
47
1 7 15 41
6 13 25 35
38

10
25 35

14 25 35
45

25 35
41
25 35 37
16 22 25


42
19 23
1 9 45

18 25 34 35

7 10 36
18 25 35
14 20 23
25 35 46
17

25 35
25 27 35
9 17 38
32
7 25 35
23 25 28 35


6 25 35
16 44
30

16
12 49
7 25 35 42
25 35 44
9 35
20 24 25 31 35
20 49
25 35
25 35 42
25 35
14 25 35
9 23 25 35
25 35
14 25 35 49

8 17 27 28
10 49

4 30
10
9 22 28
0 25 35
16 25
18 23 25 35 38 48
4 25 35 36
0 10
41
12 24
10 23 49
2 25 32 43
25 28 35 43
18 43
11 21 31
45
14
6 21
27 36
25 35
10 19 25 31 35
44 46
31
0 4 24 33
34

10 40 43
6 25 35 36
12 25 35
25 35 41 45
1 2 25 29 35
24 28
5 11 21 44
38
25 35
29 49
7 17
3 6
1 7 25 33 35

8 27 45
8
20


28 41
22 25 35
23
41 44
25 35 48
19 24 37 45
44
32
0 1
19 25 35 41 44
19

25 35
21 39
13 29
4 39 42
25 35 39
1 9

1 11 41
18 25 35
25 35
35 37
8 25 35
25 35
27 31 42 43 44
25 27 35 42
10 21 22 49
0 3 23 38
4 5 32
7 29
28
11 25 29 35 43
27 45

8 17 25 35 37 39
22


11
4 25 35 36

14 21 22 29
2 39
25 35
5 25 30 35 45
16 25
9 25 35 37
25 33 35
1 4 9
6

9 21
25 35
25 35
21 25 35
11 15
22 25 35 37 40 44
10 18 44
1 25 35
34 39 48
47
6 45
15 25 35
12 15 49
9 25 35 45 48
24 29
6 15 31

2 20 25 35 44
7 44
14 33
25 41
4 13 24
14 48
37
13 25 35
21 24 25 35 47
6 7 9 24
25 35
11 19 25 29 32 35
25
7
25 35
1 25 30 35
25 35 39
15 25 35
25 35 41 46
22 25 33 35
25 27 35
3
7 8
15 24
12 27 29
19 38
4
34
10 25 34
8 15 39 42
2 30
14 26 27
10 23
10 25 28 35
29 40
9 15
46
15 32


25 29 35
4 8 25 35
41 44
15 33

23

3 20 21
25 26 32 33 35 43
10
2 28 30 32 36
25 35
13 25 35 39


1 43
25 42
15 25 35
22 25 35 39 49
25 35
34
25 35

6 45

13 25 35 42
39
25 32 35 48
29
2 25 29 35
30
6 36 38 45
31 40
15 31 48
25 30 35
8

4 34 45

11 25 32 35
18 23 25 35

22 25 35
25 35
15 25 35
16 25 35
24 25 35

18 25 35
25 35
4
43 45
21
49
9 15 39
13 25 35 45
10
22
9 24 25 35
3 14 24

0 18 48
16 35 41
4 10 11 16 19 24
4 15
9 17 25 27 35
25 35 37

17 30
15 27
25 35

41
12 35
8 30
25 35
24 26
25 29 35 38
29 38 43 47 48
25 35 44


15
4
25 35
42
5 25 35 45
25 27 35 36
11 12 25 33 35
2 16 25 35 40

20 39 48
45
25 35
29
15 25 35 48
25 35
33
3 22 25 35 38
25 32 35
14 49
11 17 25 35
25 27 35 40
45
19 32
11 27
25 35 37

25 35
24 41
25 35
4 20 22 27
6

9 40 49
25 35
25 35
23
12 19
18 49
25 26 35

40

2 34

3 11 25 35
13 45

21
4 41
8 14 25 35
3 13 25 35 44
18 25 35 43 44 45
23 32

0 18 35
18
0 25 35 42
45

1 6 25 35
28
27 30
18 25 35
25 35
9 14 36 47
11 18 25 35
26
45

1 20 35 47
25 35 43
25 35 47
4 8 19
25 35
1 2 43 45
3 8 32
7 18 31
25 35
23 34 35
13 24 31 32
25 29 35
24 25 35
2
29 46
25 35

46

0 21 32
39
7 16 22 25 32 35 47
38 43
2 11 38

25 35 37
29 42
1
25 35 45
20
11 39

7 26 45


14 22 25 27 32
24 25
7 11
7
20
25 28 32 35
45
17
16
0
27 49
14
4
5 40 48

3 46
35 49
2 25 35 43
11 14 19 37
9 25 35 37 44 47
16 21 25 35
1 10
25 35 36 46
11 14 38
30 36
12 25 35
10 11 25 35 47
11 13
24 25 35 43
46
6
33

10 43
25 35 44 47
25 35

12 25
2 14 25 35
0
25 35
4 9
31 33
4 35 41
8 19
20
25 35
25 35
25 32 35 38

32 38
20 25 35
37

32 33
15 25 40 48
12 25 35 49
13 21 25 35 47
28
1 25 35
11 20
38
25 35

46
9 21 25 35
20 25 30 33 35
3 15 25 35
25 33 35
19
25 29 35 40 47
9 14
3
15
9 28 39
8 25 35
44 49
43

17
5
25 28 35
35
17 25 27 35
19
15 19 23

30
17 19 25 35 41
37
2 11 38
11
8 25 35 42

7 31 48
37 47
45

25

1 22 40

1 46
30

16
4 48
17 47
7 13
24 29 37
1 25 35 47

5 17
24
5 14 25 35

9
0 13
9 25 35 37 42
12 20 29
23 46 47
24 49

24 43

25 28 31 35 36
41 49

21
40
15 30 41
39
4 43
18 34
6 25 35
37 43
35 49
33 36 48

23

48
14 25 33 35

39
25 35

8 25 35
18 38 44
25 35

25 35
1 25 27 35
24 28

25 31 35
35


29
42
39
11 14

25 35 49
15
25 28 35
9 25 35
25 35
6 13 25 35 43
21
14 15
1
40
2 15
4 8 32
22 49

3 45
25 35
12 29 40
8 14 25 35
25 35

42

25 35
0 20 25 35
25 26 31 35
6 9 25 35
12
16 49
25 35

24 32 38
16 35
19
0 31
8 40
22 47 49

30 42
25 35

22 25 34 35
43
25 35
17 20 22
21
0 18
0 25 35 38
0 19 31
25 35
7 43 48
25 35
27
17 26
36
25 35 44
16
11 15 28 33

25 35 47
16 22
14 26
25 35 45

35

4 25 35


17
45
12 14
1
16 37 43
43
4 6 32 44
25 35
2 25 32 35
27
1 21 33 38
30
9 23

39
25 35
10 25 29 35
10 25 34 37

7 26 29

7 20
1 42 45
25 35 40
31

8 43 45
3 22 23 40
46
20 22
47
20 41
25 35
21 24 25 27
16
22 34
14
4 33
0
7 10 25 35 41
25 35
9 22 27 30
43
13 25

15
19 40
12
9 39
5 6
17
24

35
17 26
13 22
15 44 46
1 24 30
18 27 45
20 36

5 16

32

29


34 48
24
7 33
13 17 18 34

30
0 43
12
21 39
18
5
8 26 28 41
26 31 33
36
2 22 30 34
23
1 5 22
23
7
12 16
29 39
40
42

30 31 34 44
3 17
9 15
6 11 14 45
6
31 48
16
20 23
11 16
25 29 48
11 28 34
4
44
1 4 23
20 32
3 17 40
23


8
22
17 42
29 32

2 27 42
1 12 43
11 20

17 23

32 39
28
8 37 45 49
37

49

19 34
8

4 20 26
37
1 3
33
7 35
42
0

41
9
49


23
36
46
31 36
21
13
43

30
36 38 39

4 48
23 40 44
13 31 32
34

3 13 40
9 17
2 31 34

18
12 32
7 21

25
36
31 35 47
20
16 23
22 23 28
22 31 49
32
34
35
1 21 22 47
2 28
3 26

0 6 8 21 28
21

11 18 36
4 44
41
0
11 48
31
29 31 48

0 13 42
11 13

29
43

31 42
10 16 22
34 49
1 5 23
10 43
8 10 27 48
13 29
7 19 35
5 34
28 29 42


29 35 40 49
15 27 28
21 26 48
35 36 46
9 21 30 31

21 22 38 44
4 26 41
4 32
0 27 34
26 31 38
45
43

14 34
12
2 36 37 39

43

22
24
17
7 48
30
43
40 48
29 32
18
28 40
0 13 21
1 4 13
1 20 35
38
9 37 43
4 49
12
12 34


13 22
10
5 21 45

0 1 22


2 6 45
36



1
7 33
2 47
2 34 43
24 45
32
21
32
13 21 30


7 9 13 38
3 4
18

2 13 17 41
33 46
4 25 37
32 41
36 48
6 7 40
46



21 33
17

40 41 46
19 25 28
3
15 34
20 34
34

20 34

15 25 35
31

32

23 32 48
23

3 4 11


38 47
10
25
11 20

16
35
38
10
2
7 13 24


36 41 47
0 26
5 40

6
1 6
0 18


12
49
26 32
17 38

32

6 29
9

22 29 39
3 19
30 44
6 48
38
14 44
6
5

29
17
2 13 35
10 33
23
10 44
2 37
43 44
2
10

15 28

2 26
31
5 24 38
13 15
35
28 31 41
11 34
27
6 23
6 16 28
12
4
34
0 11
11

16 30
0 5 25
27 48
1
14
44
1
3 45
5
35

27 48
46
28
3 43
17 23
39

7
6 18 27
14 44
8 10 12 48

26
12 43


27 34
22
1
7

4 39 42

4 37



39


49

45
38
2 4
2 5
2 16 18 22 28
3 13 16 35 44 45
18 38
2 12 28 35
9 14
40 44

2

34
17 44

9 15
8 21 34
11
41

23 44 48
40
27

7
1
49

0 49
0 12
26 35 38
16 40
11 30 33 45


5 34 35
3 19 31 44
26 41
2
16 19
7 29
10 41
6 16 32 47

11 24 34


28

40
31
9 32
17 21 25
17

11 32
41 47
16
32

41
48

17 28
41

10 26
0
36
39 40 49
8 12
14 15
39 44
34
7
39

22
10
37
42

11 41
42
25 43 46
0 1 12

9
4 34
26
32 39 41
13 19
20 45
42
4
40 45
30 49
26

4
42
29 32
27
11 14 28 40
14
2 15 38
19
29 38 49
34 38
49


14 47
5
42 45
6 19
0 49
18 24
13 20 25 36
43




18
14 24
13 32
19
18

29 36
47

16 29
4
7 18 31 38
11 13 20 49
15 17
28 37
17 27
4 13



2 6 44
1 14 26 44
11 28 47
20

12 26
41
13 27 48
2 34
16 40

2
24
6 32
2 28 29
20 21 23 35 46
17 30


15 42

4
29
40

2 44
9 25
20 32
26
36 44
32
22 23 35
44
26
20 34
32
32
5 37 42
44
14 32
37
0 2 21 26 42
30 32
41
8 31 41
30 41 43
12 41 43
37
6
10


29
36 49
1
6
5
2 21 37
1

34
16 25 39

28
8 14
4 19 24 31 32 44
0
10 37

24
36
29
24
35
44 49
31 32 33 39 40
23
41
5 31 33

10
43
38
38
8
0 16 22 47

12 29
1
11
16 17
23 38
13 21
1 26
18 23 24 35 37


23
20
25 43
27 28 49

16
26 36
11
44
0 1 16
4 27


20
24
16

18 36 44
16
20
20
21 24
1
45 48

40
31

1
26
29
12
11
1
33 39
25

28 46
3
15
37
11 15 29 44
36

18 32




9 49
45
40
13 20

19
18 25
38
3
20 25
3

30 47 48
41 43
3
46

15
40
18 24

44
8
28

4 34 47

38
2 8 18

2 3 39
17 23
22 28 34 48
8 43
41
11
8
21 34
47


18 42
3
3
12
40
27 45 48
2
40 43
31
5
12 26 34
14

34 36


43
23 29
9
13 17 42
20 47
19
2 3 9 32
1
47

3 4 33
21 38
13 45
0 43

3
37 49
9 36 43 49

42
8
43 44
3 17
43

9 10 19 32
45
31

1 9 42
5
0 30 44
23
7 33 38 39 46
44

45 47
19
16


22
12 29
11 33

1 23 45 47
7 24 26
36
6 28 38
48
40 48 49
47
13 48
1 2 17


9 12

25
19 41
0 35
2 17 33
31
28 39
1 13

1 17 31
23 48

0
43
42
10 26
6 40


14 47

6 19
8 15
0 5 18 38
0 5
30 48
35
16
18 26 33

14 36
41 48
22 27
1 2 21 27 38
0 14 18 30 33 48
42
18
8 33 39

36
42
2
6 19 38


17 42
7 28 29
8
20 39 49
49
19 24 46
19 24 37
3 5 21 25 34
5 16
9 33

4 35
16 43 44 47
1 10


16 32
12 25 27 35 43
5 31
3

26 45
6
34
29 49
27
12 39 42
25 45
28
10

16 44
8 21 34 37 42
12
27 47
11
17 25

39
31
25
20 26
4 13 24 33 41

8
20
47

10


44

5
46
21 42 43
33

20
16
23
9
0 35
28 37

34
28


29 32
32 39
27 36
13
22 46
12 21
21
0
13 16
43
34 37 41 45

0 34



30 46


2 7 34
8 19
25 30 36
1 38 39
22
5
17 46

5
27

35

13 16
13 30 31 36 42
2 3
10 33
48
21 41
32 34
4


15

7 40 45
9 15 47

10 11 22
2 19
34
12 30 39
11 15 33 37 45
30 47
24
24 25

23 36
19

0
2 12 22 30

8 11 15 40 49
15 30 36
23 49
44



10 31 44
38
43 47
1 25 48
1 9 35 46 47


2
0
34
38
19
46
20
23 39
10 47
7
32 45 48
8
48

25 28 33

5 34
5 43 44
17 34

7 28 40 45


7
16 29
7 8


31

21
35 41
13 35 42 46
2 33
21 22 28
42 45
14 16 24 43 48

26 34 49
14
1 20 49
2 12 42
26 47


41
5 38

38
6 46
1 30



48
30 31
15 32
1 11
24
47
13
9 29 42
24

11 15 16

47
28
24 36 48

3 17
41



7 12 24

28 33 47

21 25
43
31 42
44 46



1 22
39
41

14
6 31
24
2 37 41
38
19
32
14 30 31 32 38

23 25 38
40
32
8 24 30 40 42
25
0 22 34
7 24
16 23
4 14 16 26
35
22 47
12 32
29 44

36
17
28
1 32
45

6 26
11 36 40 42
16 43
3 41
3 29
18 40
30 47
33




14

23 40
5 48


20 34
0
26
16 27 41


34
32 40
13 22 23 35

7 37 49
41 49
46
7
29


43
3 32 48


2 12 28 41
28 42 46
0

29 42 48

35 38 49
45 49
7
4 6 15 17 24 26 38
7
28 43
2 34
28
22
19
6 16 47
38 41
5 22
44 48


3 18 32 35 47
8 32
8 10
6 44
46

6 23
32
7 22
8 16 42
5 19 30
9 15 16 35
8 29
33
8

18 29 48
22
12 23 27
48
18 22

10 42
40
13 36
49
30 44

9 23 32

12 32
25
7 43
2
11 20 21
15
25 31
15
7 16 36
40
34
7 13 26 28
25
3
28
32
13 31 35 46
7


39 43
7

7

10 21
25 31
4 6 14
19
12 30 42 45
0 1
35
0 13 42
43 45
19 29 32 45
5 19 23
26 28
15 23
0 11 17
43
15 16 48
44
38 47
40
16
18 36

21 46 48
26 40
48
48


28 47
46
13
20
20 27 34
9 27
18
5 38

3



24 35
38
42

33
42

26
8

18 33
9 13 30
20 41 42

4 18
48


0
7 12 15 32 49
1 25
13 32
0 19 40
0 40
45
40

14 49
20
13
19 38
21 49

8 22
22
17
2
5 15 18


17
49
24
2 19 26 29
12 30 47

23
14 15
14 18 41
4 19 21 39

19
1 48
16 49
22 41
35
13 33
41

7 17 26 32 37
18 22 25
4 24
4 10 13 24
8 29 33 45
29 34

26
0 32
48

14
39
40 43 44
47
10 15
13 21 43
15 22
25

5 7 8

26 29

9
24
32

1 45
2 31 35 40
24 34
25 43
15 36





25
12 30



11

11 27
12 27 35
11 29 40


19 48
33
44 45
44
14 34
23 43
0
32 39 44
9
15
21 44
15
37
3 12 22 26
15 33
42
27
6 28
38
3 31
23 31
26 31

7 28 42 47
38
11
2 8 36

3 40
32
14
23 27
29
42
13 20
20 23

8 25

29
3 46
8 16 44

4 13 27 28 49
0 43

28 49

28
16 21 41 49
49
40
7
1 5
44 47
23 33 35
32 33
39
37
32 36
17 26
18 21 37
1 23
15 43
10 44
11
44

0
2
24 43
10 31 36
44
45
23
39
28
6 16
20 38 41
30
6
38
15 20
6

3

38 48

25
17 27 31
11
18
19 36
12 21 38 46

8 38
30 41
6 11 18 19 46

2 9
30

31 37 43
25 48
23 30 43
10
43
24
4 11

19 21
4 25
7 32


19 21
38
2 19 35 49
9 25
19
3 38 41
20
26
18
24
29 47
37 42
27 41
22
20
18 20
48

2 6 18
14
10
11 43 46

18 27 37
33
45
9 43
1 14 40
2 37 45 47
7 22 29 30
15 41 47
34 38


25 47
8
0 41

3 14 21 29
5
2 15 25

5 15
18 44
46


21
14 22 45 49
25 42
1 32 38 40
4 36
19
47
21
3 4 18 31

19 28
12
4 10
28

18
20
27
26
18
0 39 42

4 11 36
5 40 48

39
9 13 24
15 25
26
3 22
25 29 38
32

14
32
9 12 17 24 25 27
8 16
40 48
17 33 40
1
39
40
2 6 19 22

17
9 11 45

2 36 44

17 20 24
8 10 39
45
18 28
0 22
9

8
36
33 34 44
33 40
4
26

14 15


18 21 41
16
6 20
1 36
40 41
30

13
0 4 36
22
0 47
41
26 28 32 41
18
7
14 48
31 42 44
35
30
17
9 15 18

14 29
25 33 47
2 13
1 13 21
45
4
18
37
4 19 21
4 14 19



11
8
1 42
43
2 20 22 26
43
17
13 27
32
25 31
1 15
43
0 18

11 47

32

2 18 49
10
14 17 32

4 27

17 22 41
19
38 44 49
11

2
24
4 19 25 30
2 14 41
42



19
6 7


20


13 22

4 16
23
22 36
23 46

45
23
16

3 44
3 16 48
22 28
16 21 47

26 27

19 28 44
37
0 35 45
36
24
19 45
0 10 31
9

39
44
18 38 48


1 9 44
20 34
15 39

11 40
30
13 31 47
31


5
9 44 45
8 11 27
15 39 40
20 22
37
5 24

33
7 22 25 43 46
5 33
15
3
32
25
3 39
22 48
4 42
11
40
5 13 25 40 43
20 46

6 48
47
45
1 32 36
43
8 24
18 43
14 26

14 23 47
14 47
28

9 13 14

39 44
0 36 48
3 14 34 42
21
47 48
8 45 46

3



24 29

30 46
2
12

8 38
43
5 12 42 48
2 3 32
7 22


36
34 38


5 7
0 18 19 30 35 42
32
14
27 28 39

4 18
20 36

20
31
23 42 46
27 34
0 28 48

10
41
10 21 41
16 41
2
7 13 14
26
0 2
2 27 30 32 41

47
13 19 41
18 46
42 49
19
36
12 20
11 33 41
39 48

18
47

37
28 35
4 21
25

15
28 34

27
7 9 13 18
7 39 45
11 49
10
36

14 19 32 43
26
27 49

3 10 15 16 33 37

11 25
19 23
6 25
2 14
7

47 48 49
6
12 21
17

9
4 13 21 25 46
1
5
21 25
23 40
0 17 29
2 17 19 20
19
33

16
12 47
15 17 46
2 20

4 20
38 44 49
15
10 11 17 39
18
16 39
20
18
42

5


47
18 36
5 19 36 44 45 46

32
28
9
10 14 28 46
1
23

4 5 36
10 40
10 41
24
18 29 48
39
17 41
49
2
0 5 11 14 29 32
13 21

0 41 43

7 30 47
32 41
46
9
14 16 34
6 15

21 22 36
49
5 28 36
46
4 35

15 23 35
1
1 48
45
21

11 32
19 25
13 18
8
24
37
5 7 24 43
33 38
6 40

13
6 24
11 42
3
5 33 41
4 37 46
48 49
15
8 20 34
36
17 39 42
49
18

10
2
9 35


22 25 30
1 11 18 38

1 3 19 37
11 22 37
23 34
49
1
11 17
5 38
19 30

28 30
14
32 48

39 41
7 21
8 31

9
14 35

28
16




29 41
6 11
14
6 46 49

32 40
10 20 29
18 43
9
10 15
7 29
26 34 38
43
5 11 15 36
16

18 24
38

17 32 40
1
29



0 9 37 46

35


3 21
27
0 5 31 39

30 37 49
11
10 29
9 24 29
2
4 6 37


1 26
21
12
38
16

10 30 32 40
11 15
17
23
45


0 11
11

2 45
3 22 32 39

0 4

8
3 22 43

2

20
4 18 35
10 28
18
6 18 35
22
10 11 18
13 31
45
30 31 49
44
10 48
3
29 33 47
4 30 43


11 15 49
12 20 39 41
10
13 14 47
35 47
10
44
24 32 33 43
5 27
20
46
5

7 8 24 29 31

40 41
32 49
22 37 39
23 39
14
9 31
8 39
5 9 29
11 12 33 37

8

1 45
2 6 12 20 31 37
23 27 49
26
10
14
0 3 30
16
27
7 25
2 43
9 10 26 29 30
1 12 27
23 48
16 25
7 42
34
19
12 25 32
26
26
3 21
0
18 35 42
6 13 25 34
3

5 6 11 36
23 40

8 42
26
15 46
14 27 34
10 48
2 17
3
25 31

47
22 40 43 48
48


5 7 21
35 37
7
26
14 47
4
1 47
20 45

13 31
21
39
7 41 44
8 22 23
46 48
25 30 43

23 24
15 25 26 33 40
7 37

8 10
4 30
25 30 46
10 29
29
7 34

4

28 45

6
9
10 28
21
3 16 48
10 40
31 35
15 20

38
36

1 21 45
7 40
24
1 16
24 25 29 43 49
14 37 49
2
34 44 45
12 18 48

33

8 22 27


33
1 18
38

2 8 32
0 5 43

2 4 43
16 29
23 25 48
14 17 18 44 49
23 27
5 33
14 19
8 26
46
18 25
16 17 31
7 17 20 27
26
10
12
10 26

7 21
14

17 28 32
9 16
7 19 28
1 20 28 42 43 48
21 32
0 8

34
9
24
25
7

34
13 31 35
23
7 14


27

31
19 42
27
0 20 36
37
8 12 25
15 21
47

23 33 34 36
27 40
16
28
21 22
46
12 22

9 26


5
2
45

13 29 37

42
23 36

25 30 35
19

25
31
30 36

49
33 34

15 17 36 43
26 45
47


1
7
36 39

24 28
7 20 33 42


33
18 26
43 45
32
30 36 38 42 44
10
15
0 10 28
23
34
35 47
26 41
38
43
32
47
17 44
9
31 39


9
16 22
34 43
7
8 23
42
35
26 40
3 45
9

2 17 18 26 38 46 49
0 3
25
25
27 31
24 34 39 43

23 44
3
33 46
24

42

2 24
22 24 45
3 38

22 26
22
7
28 39 40 46 47
18 35
12
30
49

41


43
12 18 38
3 16 43
11
17 25 37
16


18

8 12
16 28 31 37
6

2 34 45
3
34
41
31
43
4 14 15 49
16 24
13 47
19
13 22 34
21 29

14 38
29

19 38
40
17 41

3 29 40

13 15 28
37
37
38 40

18 35
20
7

6
3 48
9 12 25
2

49
3 46

8 32 34 40
9

48

3 44 49

9 22 39

33
41
27
28 33
20 28
5 6

0 24
32 34
2 9 34
15
22 42 46

0
16 37
34 42
4 11 17
13 47

30 48
1

10 25
4 27



9 11 28 30
11
31
47
5 10
42
36
3
39
19 24
22 28 31 35 45
26 34

6
20 37
1 6 30 45
13

14 35
41
3
8 24 31
28 36

28 30
30
36 37
15
11
37
31
23 24
2 3 26

42
1
40

18 31 43
0 1 13 46 49

21 32
13 15 44 45
3 13 17
48
5 20
1 13 17 21
28
37
20 23 36 44 49
5

5 46
43 45
20

17 30 40
0 3
5
33
10 21 26 30 44 46
9
16 40 46
24 34
9 11 36
22 34 45
17 22
46
5 27 30
6 24 28 31 45

5 27 43
4 5 18

2 14
0 2 43 44
44
44
35
9 18

41

29
15 20

33 46
20 23 37 41

21 26 33

42
2 27
1 7
38 42 47
3
30 37
8
16
5 33
11
6 28 49



12 14 18 38

44


14 43

7
36
7 32
13
32
28
23 25 49
49
0 2
31
33
32 41
8 9 32
7 20
8
48
12 29 46

3 6 29 32 46
13 31

31
28 34
5 37

3 4 8 40

0
42
16 27
20 36
18 44 47 48
24
10 48
2 32

3
34

24 25 43 48


13 31
22 47

32
35
20


11 20 38
13 46

20 36
3 4 10 27
24
43 49
22 33
3 15 43
38 39
15

0 6
12 28
0 43

6 13 22
34
30
17 20


15
29 49
22
16 39 49
25
13 16 21 41

9 37
40
1 6 35 41

13 41 46
38
16 47
10 30
0
16
29
37
2
44
35 37 39
14
2 40 42 44
30 43
14 16
13 39 48
32 34

19 20

48
40
23
28 38 41
24

37

21 23 40
37
24
17 27
33
6 38 47 48
34 44
4
4 12
2
10 25
30
27 29 46

21
2 26 47
27 45
7 35
48
37 47
20 21 37 45
0 27
3 40
7 30

0 4 8


11
26
14 21
26 40
7
24

8 11 37

12 22
22 27


13
13 35
18
47 49

9
2 29
37

16
45
13 17 34 35
49
48

14 30

14
42
5 14 29 37

19 40
3

6
10
11
10 17 21 22 44 45
7 18 29 33 43 47
3 13 42
31

12
5 19 26 27 30

45
11 37
4 30
7 39 41 45
3 15 28
32 49
11 36
13 25 30 40
21
23
24 31
25 42
22
0
32 34 44
33
43
18 23 27
42 47



4 46
38
13 19
16 42


27
6
21 40
9 26 36
30


3 31
2
16
27
38
33 43
0 12 39

25

0 19 32
11 33 42
35
0
1
22 35 43
13 29 33 37
33
35
33 38 45
36

0 8 21
14
33
47
27

14 44
2 17 28
36 49
7 21 44
22
2 16 24 48
28


29


17 26 45
35

35
20 22 31 34

26
10 12
26
11
25 35
9 49



9 30
16
22
8
26 41
40
46

14


5 32
3
33 44
4 42
24

2 6 48
43 46
27


16 31 36 38
16
5
42
6 21

24 28
6

21
13

24 36
8


3 22
11 16
9 17 20 30
1 37


28 32
3
36

1 24 42
38 47
7 45
13
13 24 37

35


16


0 22 39
29 34
44

30

0 6 9 23
17 37
5 6 25
33 43
3 5 9 48
3 21 33

0 10
5 6


33
1 18 40
6 26 31
18
34
44

18 44
36


8 22

43

8 16 21 48
25 48
27
31 44
31
6 26 46
29
6 7
27
46
28
17 22
8 46
20
14 23 26
8
40 49
31 32 37
31
15 21 46 49
14

22
24 42 46
1 6 10
4 23 33
49

15
36
46
38
39 43 47


11

8
28

38

22
2 25 30

3 22 36 37
1 37
6
41




32 38
1 2 10

12 31
4
27

10
12 15 24
29
28
9 19 34

23
15
3
10 16 24
9 17 35


5 10
15 34 38
0 14 25 47
24

34
30
28

49
19 30
1 36
36 48


24 28 33
9 40


18 23 31
9 16
31 36
4 21
8 17 24

7 16 27
16 22 37
26 40
8


7 13 24 31
0
12 33
34
18 28 42 49


4 5 32



4 5 14
20
0
37

3 18 27 35 40
8
11

28 40
49
42
18

44 46
33

12 43


23 37 39

6 8 12
20 47


9 38
7 25
19 35
44
3 14 38

27
44

34

7 14 24
46
20
16
10 42
31 43
19 21
12 18
9 16 49
26
2 7 24
3 8

9 19
12 38 40
10 21 40
9 16
23 25 37
9 14 16 25 32


8
10 33

11
33 36 42
14 47
25
14 28 29 35

0 26
27 49
1 9 11 27 38
3 21 48
48
1 30
26 30
16
49
32
6 41 43
48
6 20
23
17 49

47
23
9 27 28
40
42 45

6 9 34
9 13
20 40

16
30
12

27 38
8 24 27 29
4 42
16
39 43
13 36 49

44


9 11 18 22 38
1 39 49
9
18

16 33 36 43
29

29 31 35

42
32 40
4 31
1 38 46
10 11 40 49
16 22 37 38
11 13 15 29 32
49
18


1 12 47
20 38
4
21
17 47
33 47
10 12 22 44
1
36
3 23
44
44
32
23
18 19 36
1 42
30
15 43
5 22 40
6 31 43

17
46
27 42
3 15 16
16 33 47
32
16
6

36

33
31
8 21
2 5 13 49
17 18
13 28
24 45
8
6 19 22
12 46 48
22
39 48
1 18

43
46
4 34
8 20
16

5 17
22 26




32
15 20
13
47
21 47
34 41 43
26 41
6 8 14 42
6 15 20 38

12 46
9 34
28
14 39 41


20
17 18 23 28
34

3 37
25 29 34 44
19 36
19 25
4 13
17 43
7
0 4 28
8 14 34
28
29
26

1 5
43
2 10 21 26
28
8


18 24
11 14 28
42 43
5 28 37
19 41

30
19
1

30
26 38 42
49
9

10 33


40
2 11 21 24 47
9
19 26
36

13 34 36
38
22
35
16
24
25 33
23
1 3 33
11 18
44
23
10 28 45

11

46
13 28 31 49
11
35
12 23
26
13 17
5 37 44

5 23 38 40


32
13 25 41
27 37
5 44
16 24

18 33
34 49
22 37
1 6 7

11 23 28 36 41
9 49
4 25 36
40
35

38

44
25 26
26

44
1 15


0 24 48
27
27
22 29 49
8 10 16
11 23 49
10 39 46
40
6 29 42 43
0 43
2 5 15 45
11

12 25 43 49
5 14 29 49

2 36 39

39
12
30 33
24 40
44 49
23
37
30
6


30
6 19 21 30 38 39
17
26
13 15 38
0 20 31
24
19
9
3
8
24 37
14 18 49
33
1
7
10 15 21
45



25
36

11
14
19
22
38
40
13
22 23 30 32 48
41 43
13 28
0 49
8 13 15 31
12
24
37 47
12 44
25 28
47
12 35
34
14 36
14 35
13 14
19 34
29
42

7 10
18 33 34
45
47
11 19
18 27 39
21
35
12 32 39
43
7 12
1
19 31 44 47 48
12 18 42

1 3 7 15
36
5 30 34
45
12 27
37
18
10 16 43 48
28
41




8 21 48
18 26 32 46
1 13 15 45
8 38
6 30
43
0

28 43

47
26 31
7 32 47
49
8
3 34
37 49
4
14 17 45

4
21
1
46
30 49
43 47

31 32 47
38
11
30

27
7 12 18 33
15 35
30 31 39

43
5
24 38

1

42
9 16 44
25
17
44

30
4 29 33 43
6 19
2 39
15 26
4 20
0 41
36

25 40 46

5 17 23 36 41
32

7 10 23
19
32 41
8 34
16 32
8 22
15 45
38
14


16
4
0 4 28
3 40
36
15


4 39
14
6
31
16
32 44
15
19
11
32
47
1 23
35
42

15

29 32 39
14 28
8 11 22 41 49
31
0 5 23
3 29
44 47
0 7 8 20 25
10 23
39
10 36
23 35 45

37 39
20 22 26

32
10 16

10

37
19
17 35
1 18
33 39



0 3 7 19 31 46
49


3 27

14 16
15

45

30 39
11 24
1 44 47

6 18 32 42
12 26
1
17 35

13
6 28 38
2 26 41

32 37
6 26
0 23
19 27 38 41
18 19 21 44
5
10 17

10

32 38 46
41

6 41

16
28 38




28 38
5
40
13 25
38
16
3 34 49
23 24
34
0 49
0


4
1 22

26 36
36 44
5 15 26 28
4 42
44
4 41 47
35 37

43
42 49
23
8
25 40 41
7 43
22 40
26 28


14
21 32
18 42 43
1 23

10
5 14 34 41 48
18
44
11 23

3 33 47

42
47
41

25
19 42
0

41
19 49
28 38

25
14 38
37
18 21
37
7 10 26

1 34
6 22

26 31 36
22 44 49
11
13 17
6 24 25 40

32

21
32
15 39
15 28 39
43

6 7 25

1 33

2
28
37
15 20
10 14


41
25
19


36
37

39
35
24 49
3 13 44

10
45
14 31

11

8 13


6

33
16 21

5 15 29 34

19 23 38
9 15 37 43

46
14 41 44 46

17 18
4
46
5 15 17 20
3 15
10 35
0 48
10 40
29
10
11

10
32
31 41 47
48 49

17 42
38
18
6
9
46
1 3 17
46
3
31 44

2 25
34 38
30 39
7 25 29 43
11 24
19 21 26 49
19 48
18 36
13 20 32

3 25
9 20

14 19 32
21 26 38
49

47
0 20

10 12
39
12 28
10 14
7
3 6 49

33
19 28
36

7 11 29
11 46 48
11
13
47

5 22 42
14
1 47
17 35
34



17 36

4

0
12

12
18 49
11 18
40
32 44
0 11
2 22
6 8 17 27
3 12 29
21 31
14
34

12
2 20 24 32
15 47
40
4 24 39

24
39
24

21 26
0 21 33 42
16 19 28
12 13
20 49
9 12 14
5 24

11 46


40
10 39
20
1 15 49
3 6
28 49
10 49
15 16 48
17 20 21 45
2 16 48
37
13 43

10 18 19
10 40
0 6 9 22 23 34
23

3 10 39

18
47

2 5
5 10
22



36
11
12 24

3 23
3 37

2 31 44
9 10

15 24 32 38


0 36
43
16
18 22 24 44
15 18 19
0 8 40 43
3
2
2


20


4
42
42
17 41
15 30
1 7 38 39 40
23 31 39
11
11
3 21 41
49
11 34 48
5 22
22
12
5 17 21 26
7 9 11 24


13 35
41
11
27

0 31
12


39
2 31 39 43

4 13 29 39
11 27
15
3 18 43

23 25

36
21


11 46

3 6 28 35 40
10


0 8 15
28
13 27 40

23

23 24 39
5

21
21 31
6 9
3 27

38 48
27
30
46


34 42

