24 45
1 14 29
36 48

18 39
29
22
23
31 46


20 44
5 11

17 32 33
22 25
42 45
36

6 32

39
21 27 41

1
40
8 24 26
45
14 33 48
2
27 35
0 3
13 14 25
30
6 26
10 21 41
7 46
15
8 48
12
23
29 35 37

14 40
12 21
26

13 31 35 41 49
34

11 13 25
21

10
28
8 28 30 45
6 41
11 23

14 27 32 39 46
34 48
1 3 35

14 34
36
8
26
18 44 47
17

3 31

19 25
30
7 48
4 46
4
2


3 23 36
38 46
43
3
6 9 14 19
7 26
10
0
17 21 43
11 22 28
49
6 9 23
15 19
20
16
24 31 37 49
1 20

7 15 49

37 41
26 43
11 37 46
6 43

5 17 27
18 35
27 47

8 21 32
16
15 44
5 30
22 47
20
13 39 48
0 17 41 48
19 24 26 44
0 37
10 26
4 10

2 11 41
28


21
16 49
0
10 12
16 26
9 41
1
25
1 5
18 43 46
9 25
11
10 37
12
30 39
11 22
19 20 26
12 29 46

49
40


33

26

22 36
14 15 17 18 33
19 46
34 48
10 29

33
29

35
25 43 46
39
26
0 32
39 46
15
7 16
14 33

6 19 20

36 41 43
33
42
47



20
42
2 34

13 30


3
4
18 43
27
26
20

0 44
35
16 41
10 33
14
19 47
19
21 28
2 44
9

27
5 14 16 25 49
12 34 47
3 6 43
26 33
16 30
33
7 17
24 29
25 31
11



7
9 27 37
6 14 36
24 30 34
36

10 34
20 24

5
3 5 32
44


5 37
11 15 20
26


34 43
37
10 21 48



23
0 44
30
44

31
42
2 8 10
45
22 40 43
36

35
29 45
36
22
5 45
14 25 26
4 7 9

36
34

47
29
6 37 43
45
39
6
34 45
7

19 29 40 46 48
8 42
11 12 18 19
31 42 43
22
8 36 38
2 18
4
12
9 37

37
8 23 45
46 48
6 11

16 43
34
9 21 35


4
19 31 49
2
43
40
47
1 30 33 35

4 8 25


6 7
16

15 21
25
23 49
9 32
10 47

32
6 15

46
35

43
3 37

27 36

2 15
0 20




9 19 24 44 49


12 23 35

7
3 19 32 41

31
23
6 9
19 33 40
16
17
18 44
25
47
9 38
39 47
37


9 10 19 20 28

33

5 23 25 48
31
32

0 11
7
15 36
1 48

2 10 39 40
10 32 49

48
19 40
0 24
2 14 33
17
7 38 41 46
31
23


47
10 46
14 24 27


46
21 30


23

19 25
2 42
16
1

32

29

9 19
0 41
11


34
38 49
28 31 45 49
19 27
6
18 23 45
14
26 44

36
25 36
20 48
14 35 36
7 15 27 37
29 37

21 30 34 37
18 28 40
17 43
26 28 45
14
35 48
8 11 18
8 10

13
22 33 47

2

43
4 23
4
0

29
5 13 49
15 19 27
27
37
33
46 47
39
21 29
25 44
29 31 36 42
20 29
17 20
7 8
26
3 7 11 18 32 45
10 12
6 10 36 48
10 19 42


4
41

18 23 29 47

33
29
2 20

9 27
29 46
5
2 3 9
34
36
13
22 29

2
4 44
4 30 38 48
10 13
42
13

31 36 46
23 48
3 10


49
4 28
16
27
10



28 44
29 37
1 23
11 13 33 38


0
13 28 42 47

16
0 10 12 37
11
16 35
11 37
6 38
29 40 47
2 7 48
3

4 25 26


48

4 12 25
10
15

23 27 28 39
25 29


19 31 41 47
9


9
40
14 26
19
3 19

1 2 5 25 35
43
41

0 8

33 37

28
7 17 30 38
2 4
16
23
15 17
13 24 30 40 49
12 22 30
28
7 42

0 46

25 29
40
38
47 49
17
5 37 39
8

7 9
2 4 36


18
15 20 43
21 32


12 20 22 23
35
16
18 24 49
12 25 43

38
44
36
2
14 22
1 20 30 48
31 36
11 28
37
6

42
45

7
30 40 47
2 12
16 43

11
11 13
2
3

26

8 21

30
1
43 45
4 20 29
27
8 18
4
17
18 38
30 31
14 34
37 48

9
41 47

28 34 48
19
29 35 36
23
9 24 44
9
11 39

9 22
15 43 47


26 30 37 48
20 31 44
2 42
13 20 26
3 28 40
3 45
4 6 27 37

27 42
45

44
1 7 9 19
11 17 19

2 14 49
12 15 22
15
17
13 26
37
44
8
11


18
30
9 26 44
0 20 45 48
9 23 29 33

20 28
41
4 15
8 9 12 45
25


14
17 22
41
43
38

33 42
49
29
7 47
12
20
18 33
36 40 49


6 13
15

9

0 30 45 47
6 35

38

5 10 13
16 18 25
18
13 34

46
24 47
27
21 22 47

18 36
0 15 48
0 4 28


6 7 25 40
14 49
1
23 43
22
35
20

36
48

6 20
1 41 44
7 23

34 42


22 32
2 15 42 46

25

3
0 15 22 30 46
5 9
25 29 33
17 44
3

3 18
26 38 44
7 36 44


4 26 40
40
15 18
36 43
7 37 39
11 32
24 34 49
9

11 23 38 45
21 45
15
6 36 37 42
22

11 15 24 29 41
40
14 43

48
24
21 38
1 14 34
18 25
12 33 34 39
27
16
1 41
2 30 41 45
1 4 25 29
16 20

38 44
23 26
39 47
9

46
24 37 38
10 12 41
4
12
49


5

9 13

11 20 39
13

30
26 28
20 36
37
30
25 31
3 10
6 44
26
24

8 49
29 43


10 13 48

38
18 39
19 30
30
16 46
2 6 21 22 36
0

17 18 46
14 21
23 47
38
47

46
13
18
1 26
15 22 28

6 24
32 37
6 10
4 39
4 8
38
13 16
22
14 15
45
23
22 34

6 11 27 47
13 44
11 39
35
4 15 45
12
2
14 21 28
0 16
35
20 41
47
9 13
25 39
11
10 28 32 36
28
10 12 29
45

38 43 48
6 13


7
46
19 23 32
2 36
14

12 23 41
32
9 10 15 38
14 15 38
24
10 20 44
12 30
33

36 45
12



5 24 28 30
14
34
39
25 28
8 18 49
31 49
3 15 20
21

4 18 31
3
3 17

29
28
28 41

24
7 29 36
39

0

4
6
9 13 16
40
16

9 22 44
22 49

3 5 21
32

27
12 29 34
16 39 41
42
3

4 39

43

16 33
4 27 38

5 7 10
16 48
44 49
3
21 39
28 40
25

34 38
15 25 27

31 48
4 36
46

9 25 35
3 11


26 46
20
11 49
4 40
20 43
15 28


9 24
3 13


15
31 33 38
12 20
1 8 43
49
3 36
35
11 21 28
13 23

8 37
7 37
0

41
21 24
2 6 41
5 43


16
0
8 9 37


16 38
22 34
10 20
2 15 40

22
17 21 40
5

6 33 34 36
8 46
26 29 30 32 39


6
14 40
3 34 39
36
18 39
27
47
33 41
10 14 28
15

12 16 26 44
11 19
4 10

17 20

19 35
11 21 34
25


36

37

19

7 25 27

20 49

1 15 19
15 37

5 41
36
37
26
7 8 16
12

37
0
20 25

16 35
17 45
46
1 18
3 43
14
40
1 49
49
14

44
3

38
25
2 9 40
21
20 27

3 7 17


5
18 23 37 44
16 28
33 42 48
11
20 48
44
34 39
17


17
22
2 16 28



39 49

25 41

11

10 44
30 48

0 1 3 33
19 21
20
10 44 49
13

7 17
41
12 17 23 46
22
41 43
14 33
12 27 36

4 40
3 4
29

23
9 21
22

5 30

49
8 47
15

15
12 40 43
46
29
12
12 24 36


12 17 31 46
40
37
11 33
47
38
13
1 44
13
17 42 49
32

15
22 28
15
3 8 37

12 43 48

16 29
16 42
1 5 21 22
24

7
3 18
13
15

34
43 44
36
3
11

31 45

7
27 28 31
33



25
14 22
2 7 21
16 46 49

44 46

4 11 44
5 19
6 35
0 36


18
4 10 18

32

6
2 48

47
21 31
2
1 5 27
30

7 39
16
24
30
18 48
20 25
12 46
1 15 30
45
7
21 30 31
27
48
6
8
24 28 35 37
8 20

28 42
3 13 36
0 35 45
36
32
8 39


8
36 39
19 22
4 42 48
0
1 6 25
9 12 17 31 42
15

44
11


22 23 35 45
35

23


15 42 45

3 28 34
18
24
2 30 34
0
3
42
9 21 32 46

2 25
19
1 18
10
43

26 46
31 46
45
3 36
26 42
22


1 14 30 40

14 30

15
5 13 24 26 46
8
21
11
13
19 47

6 22 31
7 25
33
32
43
11 15
20 34 35
3

19
15 37 48


39 45


10 29
0 9 13
3 30
4 36 42

5 27 49


16 49
31 37
11 20

13
36 45
31

41
11 32

21

5 39
3 29

31

9 22 29 40
23
24 34
0 5 40

8 27 44

20 23
11
36
47
0
40
8 12 25


5
4 15
14
43
8 18
29 31 47 48
31 41
31

31 36 39


42
35
23 30

41
30

24 25 38

29

1 23 33
25 39

20
28

3
3

14
8


49

7 45 46
30 47
20 48
27
28 36 37

37
16 17
19
12 22

19 42
39
8 12
47

8 17
38 47
2 21
15
26 35
11 19 39

27 35 47
21
32
28 38
8 18 23
10 43




3 12 13
44
25
10 15
39
10 14 48
21 33 34
24 29 31 34 36 48
22
5 27 43


11
8 25 30
24

20 28 42
3 9 25 46

18 33
33 49
37
0

16 24
21 36
15

7 38
42
25 40
40

7 38 41 47
15 27


25 47
22 27

7 25

3


0 3 26 28
18 40
0 20 30 34

6 15 27 42
43
6 11 19 36


15
40 43
14

3
29
7
43
14 17 29 47
23 27 40
2 20 42
27 31 48
48
33
9
7 43
49
38 49

41
32
27 29

33
24 41
13 21 43 47
33
23 25
1

48
6 31 35

1
28 37 49

23 38
21
4 8 17 43

22 32

43
24 27 32 34 35
46
15
37 39

34
26
38
12 22 48
27 37
33 45
0 19
18 42 44
3 4
1 7

30 35
3 14 20
0 18 29 36
17 48

7 42
2 34
16 24 27 28
14 46
12 22 34
10 17 24 27 33

42
28 37 44
8 19 20 41

26

4 19 38
35
37
6 23 47
28 33 38

9

1 21
20 31
26 35 49
31 44
20 45
35
16
18
9 44
2 45 49


9 49
28 32
14
3 7
39
25 49
1 11
3


0 4 47
41
11 26
38
32
14
49
17 34
17 21
35
20
19 41 43
3
30 47
16 18 38 41
1 4 8 11
1 43
39
24 41

26

8
24 43 47
2 36 37
5 37 39
8 13 35
2 11 19 28
0 11 32 33 49
48

14 16
37 47 49
26
45
10


11 35

10
8
39


8 23 27 45 46 47
44


6 8 14 32 40


20 38 49
36
44
1 15

28 31 33
9
12 14 34 40
45
1 4
34
23


1 7

18
13
30
28 42
10 27 46
7
9 20

26 46
41 42
32
15
8 39
4 24 32
0 10 35 43
28 37
31
4
6 44
12

0 34
21
35 48
3
4 18 35
19

38

3
31 45
8

6 13 28

19
6 32 40
37 45

7 24
8 9
7 10 23

6 7
11 26
18 30
32 42
17 31
36 39

8 23
5 9 11
32
10 16
48
10 13 39
10
28
22 25 38

48
24
4 43
29 49
9 34
14 38
23
18
36
31
2 16
30
10 11
27 44
2

13
23
1 12
26
35 39
17
3
9

42
1 10
18 31 42
17 38
1 40
34 39 43
9 45

11
1 22 34 41
21
0 4
0 17 39 43 47
7

33

14 27
0 7
32
31
42 46

6 27 42
30 42
41
5 30
17
13 29
26
11 27 36 47
23
2 4 17 35 45
18
4 22 35
2 28
27
4 15
18
11 12
11



15 27 37
19 31 34
26

29
5 38 49
8 13
44
19
7

39

11 41
7
9
5
6 30
11
1 14
4 48
40
19 27 35
7 13
34 46
34
11 48
2 14 16 30 48
5
44


3
21 40

18 29 47
33 48
8 22 45
23
7
4 6 17 21
40
3 38 41
34 49
36 42
48
24

1 8 14 25 33
31
18
20 48
9

24
12 14 35
20 35 37

13 30
3 8 16 23
36
20

38 49
20 36

8 11 41
24 25 38
14 30 47
9 25 28
32
41
1
34

15 44

9
5
13 44
15
3 5 21 37

27

28 43

13 22 36 37




43
5

27
11 42
48
1

13 14 29
34
16
0 16
11 43
17 19
31 33
9 40 41
0 12
2 4 23
39
31


22 35
2 9
12 24
6 25 39 45
37
1 30 41

18
0
18
12
8

41 44
8 41

43
4
29 34 42

1
39 41
6 33 46
1 34
8 20
21 28 39

10

17 34 35 41
37
40 48
5 6

6 47
1 28 44
33 34 47 49

1 10 35
4 41
31 32
17 49
29 35
1 28 46

13 28
35
21
0 15 33 39
37
37
5
10 19 21
20 46
8 10 36
42
0 2 17

8 14 41
29
10 24
1 18 24
26
8 20
28
10 28 46
15 25 35 40 46
5 6 26 27 34
21
20 32 33 43 47
8 28
7
21

3 12 39
6 32 41
18 28 29 44
31
19 45
47
19 29 31
24
41
11 19
17 31
16
36 44
22 29 39 46

0 29

20

21
7 40
24
27 29
9 19 27 41
40 45
22
2 17
40 41 45
2
11 12 17 32 38
13 40 45
49
0 40 45
8 40 45
49
10 12
7
41
39 48

41 49
15 32 40 45
18 32 35 40 45
27 39 40 45
39
26 43
8 9
42
13 30
10 40 45
3 11 19 27 37
0 40 45


26 28 32
5

26 32 47
3 13 40 45
40 45


5 21 40 43 45 47
27

41
4 23 26
3 28
12 13 17 19
31

15 40 45

45
6
4 30
5
6 11 20 47
27 38

14 28 40 42 45
40 45
27 41
22 37 41 47
3 24
39


6
8 12 16 40 45
1 31


10
12 42
39

21 23 32


23 27 35 37

27 38 40 45
26
3 8 17 47
7 32 39
17 38 40 45
40 45

22 29 40 45
39 40
22 32 40 45
3 18
31
12

28 37 40 43
11 38 40 45
11 49
34 40 45
40 45
26 29 36 40 45
6 36 40 45
6
21
40 45
20 40 45
5 15

19
6 43 48

47
7 26
18
30
8 34
20 29
4 31
23 27 40 45
42

37
11 35 47
12 14 36 41
1
31


5 27 40 45
9 14 24 40 45
15

17 35 37
31

42
30
28 34
4 28 40 45
20
30
40 45
20 21 24
9
40
9
2 6 11 40 45
35
13 40 45
12
10 16
33
24
35 40 45 46
16 27

23 36


12 36
40 43
11 30
12 14

27
33 43
18 27
27

40 45
35
18 33 40
8 13 17 40
49
8
28 33
2 13
24 30
25
1 40 45 46
17 47
27 31 44


7 23
12
1 26 47
0 48
3 18 19 40 45
1 25
14 45 48

21 22
3
40 42 45 48
24
6 32 48
9 30 48
28 42
8 20
5 22
42
37 40 45
4 12 44



19 28
38
37 46
1 30 41
12 32 40 45
5 19 41
40
6 24
4

22
24 27 32 40 45
7 8 13 14 38


39 40
45
0 25 28 38 39
5
30 40 45

45
40 45
37 40 45
3
34 40 41 45
32 40 45

3 8 10 15
13 19
33 46
3 31
40 45 48
1 9
3
9
3 43
30 33
40 45
6 21 28 30 44
3 40 45 49
19 27 49

6

25
14 28 37
35 40 45
0 4 33 36 40 45
9 40 45
11 18

4 6 33
46
42
11
16 17 45


36 40 45
40 45
18 29 47
19 28
16 19 41 43
43
9 20 31 40 45 46
1 25
7 26 28


5 40 45
46
20 40 45 46
1
40 45 46
3 31 36 45
12 48

14 44
18 23
40 43 45
2 23 26
40
27
22 26

18 38 40 45
18
8 18 45
18
10 17 30 44
40 45
40 45
40 45
39 40 45

32 40 45
13
31 40 45 48
12 26 32 35 42

4 10 37
1 7 19 30
34
4
14 36

38 40
7 9

22
8 23
20 26 45

12 39
48
1 23
22
11 23 26 31
5
14 27
13
24
40 45

10 30 36

12 26
27 35
40 45

7
26 47
43
40 45


0 42

10 33 39

30
19 34 37
10 40 45
21 28 33
2 6 22
5 33 38
15 16
11
17 29 33 43
7 11 19 43
28 41

7 29 40 45
4
27
0
0 3
34 38
10 32 42
11 40 45

45 48
1 25 38
25 40 45
25 40 45
27 40 45
12

49
3
3 34 42
34 43 49
1 16 23 37 40 45 49
4 24

25
6

46
17 30 35
16 19 40 45
28
19 22 30
15
0 11 31 40 45
14 29
34
8 34 35 37
40 45
9

14
40 42 45
0
10 26 29 34 41

20 28

35
20
6 26 31
12
13 29 40 45 49

5 25
17 25
36
30 33
30
0 35
1 40 45
4 40 45
11 38
33

2 3 36 47
29 40 45
30

3 12
35 40 44
40 43 45
6 17 18
26 27 40 45
8 9 11 13 40 45
40 45
8 16 40 45 46
5 6 49
14
36


6 31 35 40 45
40 47
30
16 17 40

6 24
31 34
15
34 44
15

25
0 3
14 42
49
5 22 37 44
40 45


40 45


19 31 40 45
40 45
40 45
36
18 25
4 21 49
49


32
0
10 18 19 24
8 15 24 27 38

27 32
36 37
6 22 28 40
4 14 37
5 17 37
20

7 16 27 40 45
14 40 42 45
35

28 42
2 40 45 49
1 5 20 34 41 49
44
40 45
20 27
14 30 32
4 9 34 49
8 18

20
44
11
37 40 45 47
33 46
41
31 47
21
37 45
41
13 43
34 36
32
28
17 23
8 20
32 34
40 45
29 37
14 37



7

10 22
41
25 31
45
4 18 20 40 45
37 39
27 40 43 45
6


11 13
15 35 41 45
0 9 16 20 32


9 16 32
9 22 45
41
32 40 45
37
24 26 40 45
7 41
2 24 40 45
14 17 20 46
15
40 45
40 45
33 40 45
9 40 45
27

36 39 44
1 45
1
13 15 40 45
35 40 45 48
12 39 40 45
12 16 38 40 45 48
12
37 40 45
34
20
13

2

2 13 19 40 43
36 40 45

8
20 24 43
16 19
28 40 45
22 40 45
2 15 38
1 14 16 28
9
40 45
24
40 45
13 16 21 34 35 39
21
23
18 40 45 49
26
21 29 35
4 40 45
9 17
15 34 38
26
6 13 23 35
35 40 45 49

24
40
2 40 45
2 46
8
11 33 38
3 32

29 35
7 40 45
49
19 45
10 33 36
15 40 45
1
25 31

3 20
35
23 28 29
7 29
24 40 44 45
34 35
36

24 31
26 29 36
13 16 35
33
20 42 47

26 48
16 28
29 31 40
9 16 26
4 11 24

23
21 35
14 16


40 45

40 45

30 32 44


38 46
8
44
41
27
40 45
13 41
1 35 40
0 1 19
37
14
16 40 45

43 44
6 9 27 30
36

8 10 18
6 26
4
18 36
4
36
12 23 36
27 40 45

40 45
5
5 15
40 45

7 21 37
2 6
31 33
3 45
9
5 27 40 41 45
0 12 39
20
23
29 40 45 49
13 19 36 39

4
16
2 3 36
3
1 40 45
14 34


16
6 8 21
1 44
4 23 48
36

26 47
14

13 47
31 40 45
36
48

18
45
30 33
30
4 14 22 25 28 29

44
11 19 36 40 45
7 10
8
14 36
47
1 29 40 45 46 49
42 46
21

40 45
12 40 45 49
13
32 41
34 40 45
4 40 45
40 45
9 21 44
32
5 37 40 45
29 43
5 40 43 45
17
6
10 21 40 41 42 45
13
40 45 48
6

8 15 29 39
23 28
12 40 45
6 18 26 27 43
35 40 45

8 28 29
40
40 45
48
21
20 39 44

43
19 31
19
16 17 45
1
4 38


24 33
43 49
7 16 35
27 31 41
8 38 49

3 35
39 40 45

6 41
17 22 32
36 46
3 23
16
25
20 30 36 40 45

25
40 45
7 25 40 41 45
26
26 41
18 30
44
40 45
16 40 45
21 22 47
0 12 27
34
40 45 47
38

30 41
22 40 45
17
29 42


26 28 35 40 45
20 40 45

11
5 40 45
6
16
14 38
9 40 45
23
26
29 30 40 45

25 29

40 45

48
16 41
9 40
18 39 40
13
23 40 45
20 42
24 29

39 40 45

1 9 40 45
9 31

18
42 48

40 45
22 40 45
40
47


39


30 48
6

1 49
27 40 45
7 33
31 34
36
5
9 23
33
9
40 45
20 46


23
40 45
10 41
49
49
15

3 14 23 40 45
35 38 41
1 15
29 43
4
23
4 15
44 49
38 40 45
24 30
40 45
13 35

45

38
28 44
40
3
15
16

15

40 45 48
44

14 23


9 16 35
14
22 40 45
2 9 22 38
10 19
6 10 25
40 45
8 12 21
8 12 14
38 40 43 45
40 45
4 13
19 34
6
6 16 20 30 38
42
34 40 45
3 11
2 3
41 44 45
40 45
21 37
1 47
5 16 40 45

6 40 43 45
4 6 9 29 40 45

48
14 25 29
0 10 16 31
20 21
17

10 21 28
40 45
3
40 45
5

2 21 23 30 40 45 48
40 45

16
33 39
25 43
0 7 16
10 15
1 28
11


28 40
9 22 32
40 45
3 11 32 44
19 44
8 18
45
23 40 45
12 18 26
7 8 9 17 40
6
29
40 45
18 27 48
23
2 38
0 19 21
5 14
28 30

1
39
37
32

16 43
24
25 40 44 45
30

7 27 40 45

48
18
22
12 14 40 45
8 20
3 16 20


29 36 39
2 10 20
40 45

7 16 20
18
8 46 48

40 43 45


22
10 16 18 31

12
14 17 37

17
22
44
2 40 45

22
14 28

9
14 23 40 45
26
34 45 46
39
8 27 28 42

20 38 40 45

40 46

2 11 12
17 40 45
41

32
12 22
40 45
5 13 19 39

15
9 43
11 32
40 45 47
8 11 12 30

34
40 45

15
12
35
3 40 41 45
24 41 46
2 16 22


23
42
5 40 45
27 28
2
32
46
33 40 45
49
40 45
0 23
31 35

29
4 14 27 40 45
39 45 46

25 46
4
30 40 45
10 30
13
24

27
31 45
31 40 45 46
7 15 41
47
23
40 45
34
31
1 31 39

14 21 31
22 36 44
47
34

8 32 46
11 12
40 45 46

40 45
35
23 30
7 16 20 40 41
23
35
1 11 26
19 40 45
5 33
19 34
1 10

47
2 16 26
1 32

15 31

13 33 42

28 34 39 40 45
28 31 40 44 45
25 48

7 31 40 45 48

1
0 17
33 35 40 45
18 40 42
3 36


20

20 21
36
3
40 45
24 40 43 44 45


28 35

3 26 29 36
29 42
9

7 24 35
31 37

10
24
6 46

14 25
44
5 38
28
14 16
19 30 40
3 29
34
30 40 45
6 12

16 19
6
6 19 33
17 35


7 19
40 45

19 46
6 22 33 40 45
19
3 12 43
13 25
10 49
33
40 44 45
30 38
23 27 31 34 40 45 48
7 19
11 24 45
2 6 23
12
5
2 7 13 14

17 21 32
1 48
33 37
22
40
6 13
13 40 45 46 49
14 26 40 45
21 25

2 5
24 29 40 45
35
14 46


6 21 40 45
49
5
39
25 39
38
30 47


13

7

8
40 45
15 41
12 24
13
3 13 15
35 46


6
3 40 45
8 39
3 24 25 40 45
23 30
2 18 45
45
11 22 40 45
40 45
15

21 26 40
40 45

39 40 45
19 27 48
24 40 45
7 17
32 42
23 31 45

18 32
34
9 17 46
29 40 45
29
10 28
26
15 19 36
16 23
23 34
10 18 20 40 41 45
6
4
1 13 17 40 45 48
38 43


37
40 45
27
6 12 13 33
30
6 14
39 45

17 40 45 46


47
36
23 35

13


13 28 38
40 45 47
11 32 36 40 45
40 43 45
10 33
11 26 46
9

5

30 39
9 11

42
1

9
16 38
26 27 41
6 15
33 37
21
21 37 46
1 32
13 26 27
0 19 47
47
31 44
23 30 47
14 40 45
32 34 47
27 33 36 40 45 49
15 40 45
7 35 49
33 45
37
2 35 36
20
37 40 45

22 41
10 40 42 45
16 28 39
3 25 45
40 43 45
3 40 41 45
11 35
1
0
5 39
40 45
18 30 46 47
9 42
11 40
19 40 45
18 40 45
30 35

7 40 45
10 27 29
46
4
3 14 24 29 30
37
43


34 40 45
6 9 32
0
23 35

24

27
3 15 40 45

8 33
2 8 33 41 44
13
10 47
29 43 47
12 40 45 46
3
15 32
32
48

40 47

2 29
13 17 35 42 48
39
26
46
13 16
3 21 36

16
18
6 39 45

11 22
18 31
3 19 30 46
18
24 37
36 40 45

49
40 45
35 41
16 22
31 36 42
10


14
16 40 45 47
36

37 49
32 35
28

35
40 45
8 21
38
0
37 43
13 39
38 43

4 30
25 32
2 25 34
10 12 14 46
9 15 22 36 40 45 46
40 45
2 18 39
43
24 29


34 40 45

2 6 11
40




15 40 45
8 21 40 45
22 40 42 45
9 28 35

38
48
8 26 34 40
22


5 15 25
40 45
17 40 45
3 12 16 19 45
9 10 15 25 36 43

40 45

39

11

7 13 40 45
49

13 48
3 15 20 40 45
30

20 37

28 40 45

40 45
17 24 37
4


7
18 28
11 14 37 46
32 38 41
0 21 46
8
23 40 45
22
11 15 40 45 49
40 45
17 31

13 17
31
20
17 21
22


6 15 24 28
48
11 23 39 40 45
43
6 47
9 36
28 49
3
21
1 30

3
46
3 19
20 24 43
6
36
32

27 43
2 9 24 45

20 48
5 10
3 41
14 32
12 41

1 6
27 29

41 48
37 42 46
20
32
25
29 48
21 34 35
27
4 25
0
9
5
2
44
39 41


2 5
25 33
14 39
16 24
2
13 20 31 34

0 13 38 41
7
0 21 49
2 9 15 44
12
17 44
10 22


39
35


29
45


15 29
4 5 15
5 7 16

7 21 31 43

25 28 44

3 30 45
20 36
24 35
6 11 21 41
15 24 29
22 48
32 34

12 19
25

8
32 42
43
32
38
45
40
22 32 41
17
39
0 32 33 35
3

14 17 19
0
40
14 24
42
16 48
15
0 16
1 28 32 36 39
15 31
14 46
25 31 46
2
35
10
6 47
4
13 25 49
33
11 28
1
1
1

6
44
43
17 48
5 19

20
4 10 49
1 12 30 35
6 14
28
19 43
6

37
12
3 7
8 31
11 32 42
6
3 20 34
23 41
1
10 23
35 39
34
3 10 38 40
0
12 20 22
15 22 24
30 34
20 26 27 28
35
25

0 18 45
4 11 16 25
16 17
8 17
34
8

24 33
38

21 23
16 23 33 36 41
3

47
35
14 24
3
20
12 15
33 39 41
9 30 42 43



17 38 42
36

12 30 31 42
35

32

44


8 19 21

22 33 38
12 22
13
6
46



1 40 45 49
11 23 35
25 31
17
37
17 21 40 43

2
32 44
13 33
33 49
19
26

20 48
23 32 36
2 16

21

2 26
46
14 20 23
34
26
28 35 38
1 44
17 42
14
26 31 42

29 30 43

10 12 19 46
29
30
31 48



45

41
25
41
30
38 49
3
18
18 37
17 25 49


36 49
30 46

26 29


8 41
0 45 47
46
29

2 7 10
28 34 47
37


20

23 47
32 47
37
3 6 21
7 18 29

2 9 12


24
26
15 36 49
14 49
5 11 22 42

27 29 43
2 21
31 33 46
13 24 39

13 16 41


12 23
6 10 27
8 48
2
1 32
32
4 10 36
25

8
22 26
26 42
18 42 48


1 38 41
3 9 26
34 43
18
40
7 13

42
19 32

7
14 17 28 40
19 37
4
20
7
26 41

12
19
15
30 45
9

4 8 26

7 22 28

33
21 22
12 46
11
8 19
15
8 16
4
13 41 42

1




14 26 36
47
0 30
4
4 14 25 33
18
19
24
27
39 41
14
5
28 30 49


20 48
10 36
15 36

29


6

13 41
27
16
7 32
24 38 45
9 10 12
31
7 11
7

14 49

34 37

27 35 47

3 33
4 13

24
11
11

1 19 36


20

11
4 11 30 32 48
9 35

25 32
1 21 38
18
16
8
23
17 33 45
20 36


2 28
36
5 15
16 28 38
8

18 19 28
26
39 46
7 37
8


15
22 39
14

18
4

18
44
27

1 39
46
23

11

27 41
2 3 29
10 11
7 9 18 28
17
3 33

6 28
14 17
18 22
0 8 20
26 39
37


23 37
43
9 24
0 3 40
46
35
27 33
18 45

47
49
2 5
39
25 44

9 12 26 28
22

5
36
42

1 18

7 18 44
44
8 28
11 38
0 4 22 25 34
26
3 37
16
31
23
17 27 39
18

4 8 40 41
10 33 34 35
17
5 15 46
2 34 35
44 49
31 37 48
20 32 49
48
13 45
30 47


5 15 42
7 11 17 22 28


28 30
26 28 40
3 18
31
36
0 41
10
21
3 5 25 30
10
5 15
4 10 33 40
30
5 7 15 38

28
41
46
27
1 46
36
26 34
41

14 17
47

18

8 26 39
25 26 28 39
30
33
17 25 43 47 48
13 44
23
13 18

18
32



5 15 23
22 39
8 21 37 45
14

4 39

40
1 17 47

20
32


10 18 25


27 33
12 45
10 11 34
42
23

22 34
5 15 32
23 34 41
28

9 24 40 46
14 27
3 5 14 15
24 43
4 34
24 45
9
11 21
43
42
46
3
35


2 8 42
11
3
17 25
23 25

2 43
41
5 15 26 46
1 6
21 31

6 16 35 36 49
38 48
22
15 39
17 43
29 48
13
19

13 31
16 25
20
38
12

18
14
30
16 24 25 26
4 16 23 32
17 24 27 32 33
1 13 40

5 15 27 36 42 45
27 36
7 21
3 28 36
27


32
27 30 46
3 6
26 38


5 15 22 32 47
3 17
21 39 48

21

44
5 37
21 29
9

32 37
5 15 25 38
7 35

16

35
25
3

16
5 15
13 38 41
27 37

20 31


28
13 25 40
29 46
17 48
23 48
1 3 4

32 49
10 17 29 48


21 24
21 22

5 11 15
31

25
35
34 47
7 10 21 23
0
0 5 15
12 29 38

6
5 9 15
9 11 36 44
19 47


37

41 47 48

27 37
16 28

21 23
29
20
17 30
5 15 40

25 47
1
5 15 25 37
5 15 21
16 48

7 19 27
26 42
2 16 18


1
16 37
4 20 32

4 38 41
24
42 45
48
6 43
24 40 42
33 38 47
33

36
7
28 33 44
16 21 27 34

21 46 47
20 21 27 38
23 37

33 46
5 15 41 47
43
15 38 44
37
4
1 23


1 18 38

23 27 30 35 41 48
15 36
20

39 42
33
1
34
5 15 24
7 8 13 21 33
12
13
16
22

8 12 24

12 32 33
18
35

34
44
5 15 30 45
4
7 16 17 39 40
9 24 44
40

1 3 31

16 21 35 36 49
20
9
8 26
11 18 23 27 46
21
1
20 25
15 38
15
7 42
20 21 49


38
28
4 25 32
17
33
12
38 39
24 26 40
5 8 15
20 34
5 9 14 26 33 37

10 12
7 9 23
8
8 11 26 49

12
35

7
8
3 13 24

5 15 46
45
3 40
4
7 14 24
25 39
10 25 39
10 13 19 26 44
10
7 21 39
4 22
14 45 47
31 35
34

13

14 36
7 10 30
16
1 5
23 35
25 40
19 49
8 37
14
4 11 19
4 43 46
5 15 26
30 45

4 13 27
4 5 15 33 47
9 12 24
14 35 43
29 33
4

11 46
11 34
1 14 16 33

5 10 15 37
3 12 15
27
33
3 11 48
45 48


10
0 42 43
5 15
1
0 21
28 29
30 45

10 12 27
20 34 36
15 20

5 12
45
38
1 49

0 17
13


32 34
10
9 11
11
22 39 47

5 15


39 43
0 19 35 43
1
17 24 29 47

14
36
45
45
41 47
4
25 47


6 22 30 45
34 46
16 27 48
5 15
43
39
11 27
15
7 10 16
6 11 16 19 33 44 45
37 42
12 17 24
10 27 47
19

25 29
6 7 26
23 24
17
36
16 21
15 41
10
19 44

17 38
9
21
9 23
8 43
29
10 11
19 38
4 8
5 15 34
5 15 27 28 31 37 44
23
30
12 29

8 36 48
41

5 15

5 15
40
1 5 7 15 34 39 49



4 34

0 30
17
1

12 13 40
36
19 24 39
11 30
5 15
46 48
32 42 46
2 9

20

3 26 33
29
15
40
20 29
7
42 44
26 30
16 44 48
4
25 41
20
13 29
40
0 18 23 44

11 14 49
0
26 30 38 48
9

16 36 48
1
5 15
1 2 33 36 43

41


1 15 26 39
20

12
8 10
5 15

33
26
14
15 19 27

4 36
13

26

24
1 10 21
5 10 15
25
21 25 41
25
41 45
26
14
33 35
1 34
5 9 15 47

35

14

13
20 41
36
31 45 47
8 11 27
43
43
8 12 43 44
13

10 23


9 34 40
6 48


37
4 21

3 30
23 32 42
0 1 2
12 29
0 3 7 34

29

28
13 18 22
6 49

17 33 34
12 30 31 39
22 44
18 20 34
8 45
5 15 36
13
6 43
2 35

20 22
41
17
19 22 25 43

4 12 28 45

5
34 36
31
22
5 11 15 34
1 2 7 24 44
6

5 15 28
10
27
17
12 24 45
28 33
5 6 15 19 23
0 6
15
33
5 9 15 16
48
0 9 13
14
5 15 24
11 40
41 43 49
32
0 9
49

16
19 45
3
2 4 11


10 36
42 43

27 31 49
33 49
31
5 15
3 13

21 44
32
10
7 23 36
10 38
0 1 27
39
39
20 38
5 36

5 15
17 49

18 33

14
40
46
27 40 42


9
13 48
34 38

2 44

23
13 19 35
17 20 35
30 34
13 29 41
17 28 43


23
12 49
10
45
3 13 38
11 37 38
17 49


16 45 49
23 30 32 42
21
15
34 35
31
21 41


37
46

12
2 12 30 40

5 20 29 31
20
32
31
37
0 6 41 46
4 9 13 36
24
2 49
5 15
3 25 33
27
25 34 49
13
4 28 34 47
49
9
21
38
17 33 39
7 13 17
27
15
20
5 15 39


17 20 34
23 28 35
5 15
41


40
36
5 15 19
11

14 20 26 30 37
43
42

40
38

36

4 17 28 36
11
7 20 31
11
3 12 35 45
39
23
24 46
30
19 45
8

23 27
9 19

0 8 11 48
5 9 13 15 19 22
42
0 13 45
42
47
6
30 31 35 36
20
5 15 39
37 41

2
38
15 32 47
27 38
13
40 49
21 30
26

21

5 7 37

34
18 41
35
0
37 43
23 29 36
1

24
9 27 42
2 39
1 8

3 37
22 25
6 10 36
1 13
16 38
44
36
41
13 45
5 15 36
25
0 14 23
4 22 27
5 15 24
43
31 34

29
46

16
42
10 25
20

17 45 47
13

32

15 20 30

47
27




34
19 22
9 27
27
11 22 34
21
10
4
34
4 26
33
3 6 20 33
28
0 21
9 22 35 38
18
10
22

5 15 30
10 27 30
5 15 31

1 23
31
3 41 45

9 18 26 32
4 19 35
31
14 20
0 2 5 13 34 48

44

0 4 9 10
1 22
26
18 42
30
2 49
0 28
4
14 18


45
20 22 28
20

40



30
6 35 41
24
11 12 40


18 39 48
37 45
46
17 36
24

5 15
9 36 40
8
13 17
42
4
32 34
10 32 33
1 34 38
26
49

34
19 20 26
2 23
25
1 41
15
2 9 18
5 15 21
0
2 34
25

27 31
3
40
36
19 27 47 48
9 42
11 23
38
28

19 20
10 17 41
36 42


8 13 22 25
9 10 17 35
5 15 41
1 5 15 20
36
30 36
1 37 49
5
9 42
4 31 38 47
15 35 41 44
38
8 48
6 11 25 40 42
29 47
35 43
3 32
32
35

33
2 37 38

5 6 15


23
27
13
0 20

28
46
27
2 38
7 35
11 13
19
5 6 15 21
4 44
25
25 41
17 42
49
0 32 39 48
20


15
14 17 31 33
6 10 19 36 40
19
13 23
23 46
3 10 48
48
6
5 18
33 40


6
14 48


16 41 47 49
5
19 42
0 3 5 19 22
30 38
35 40
6 25 29
9
15 40
8 26


39




43



6 34
0 16


25 38 39
28
33
16


18
21 30 48

7 8 24


32
44
4
4 11 39
6 15 24 27

36 46
5
18 34
12 27
6 19 41

2 8 11 31
6 36 37 47

1 30 35
19
22
13

9 43
2 12 18
17 24 29 49
2
11 26 35 39
34 37
4 11

1
1 21 26
1
5 15 43
46
6 9

0 24 33 37
12 22 32 41
1 40 42
31
7 36 48
3 6 28
18 49
16 32
48

15 17 28 30
17
47
10 38
30

5 15
47

9 33

14 26 30 35
8
2 18
15 23 43
4 13
16 17 36 46
3 5 15 32
14 20

13 41
10 11 42
12 25 42
2 16 26
12 45

9


6
4 11 27
1 38 41
41 49

2 31

39
7


10 32
3 16 18 27 44
33 35



41
25
5 15 29 38
0 45


5 7 15 35 47

15 46
5 7 8
5 32 33

3 10 15
35
35

9 37 38 41
32
5 15
9 32 33
41


10 26 28 33
13 45
29 33
40

22
32
28
15 19

2
7 9

26 44
45
39

5 15 20
23 27

45
8 12 18 23 31
20 38
44 45

17 31 47
23 31 44

5 15 37 40
33 42
5 6 47

45





36
11 12
5 15


10
31 46
2 9 26 39
33 36
42
8 29 48


25 48
4
47
2 38
2 17 35 37 47
38
12
26
38 47
46
11
38
20
7 47
13 25 42
35
1 15
3 13 15 37
8
32 34
19
24
7

17
13 37
2 14 22 26 37
14 18 22 24 29 37 38

36
13 46



27
20 28 40 42
48
9
22 36
15 25 41
22 42
8
0 45

6 9 45 48
5 11 15 28 41
7 42
2 15

38
26

38
8 40 45
20 49
14 16 21
4 15 30 41
5 15 24 25 49


42 49
5 15
35 43


18 24 38
31

5 15 27
5 15 45 47
38 46
26
39
47
3 11


14 31
27 46
5 15 44
38
7 28

5 15

29 43 48
5 15 23 43
0 29 37 41


18

13

46
38


18 20 38 43
13
5 18
5 15 28
44
32
2
32
34

31 33 43 48
27 28
9
32

39

22

5 31
41 43 48
10 15 35 46

23 26

26 49
13 26

12 43
31

3 31 48

5 15
5 15 24 36
5 15 19
39 42
5 8
5 15 46
5 15
19 47
34
2 26 48
30
11 40
15 46
24 33
5 15 27 35
48
30
43

32
4 19 32 45
24 46
31 39

33
1 23
7 11 26 30
0 5
12 28

4 27
3

17
40

5 47
8 34 38
17

12
9
2 5 8 11 12 15 29 31 32 34
29
38
0
2 3 16 45 46
20
48

17
17
19
10 15

5 15 29 30
20
8 10 26
35
4
0 8 40
5 15 44
6 15 20
36
32 33
1 11 24
7 26 45
34 37 48
17 27
10 28 49
35 36
8 35
13 31
5
7 20 47
9 10 20 48
2 14 47
20 26 36 40
47
28
9 12 44
19 33 45 48
18 27 30
12 41
1 19 39 44
14 43
1



7 35
7 28 44
43
1 5 15 26 49
5 15 29 31
27 42
18 19 33
9
40 43
33

21 36

41

17
40
9 19 26
41 45 46
1 5 41
46
10 43
5 7 15 16
15 34
34


12
24 36 48

2 47
23

10
27
49

38
27 40

1 5

13 42
1 13 28
40
13 27
17 25 29 48
11 34


5 15 26 31
32 41
3 16
5 15 18
3 6 28
35
21
34
44
16 34 42
48
16 29
31
0 30 34 47 49
7 36
9 40
21 22 35
18
13 24
8
29
5 40 43
24
33
13 15



0 36 40
31

26
5 15
13 31
18 46
46
27 29 43
14 39
5 15 41
2 19 28
33 44
1 22 36
5
8

27 30
41
15
14 40
11

21
34 45 47
12

42 45
0 31
6 21
8 9 15 18 24

3 24 26
4 9 18

27 29
2 13


1 33
6 25 31 34

28 36
41
10 27
14

18 21 32

15 26
1
28

10 25 42

0 18

2 12 22
7 18 26
4 20 34


9
9 23
13 25 27

28 39 40
42 49

7 16

21 24 25

2 15 49
2
4
23
10
5 15 16
18

0 21 29
0
8 11
46 48
31
25 42
33

3 14
13

5 15 47

2 19 20 45
4 41
27 28


1 19 32

6 23 24 28
19 44
5 15 34
34 37
18 39
7 29 48
5 48 49
0
34
15
44
17 22
9 39
1 27 30 34 43
7 23
44
5 10 15 47
5 15 38 40
17 25 28 37 40
5 15
15 32 42
48
6
31 46
5 48
7 21 30 35

28
4 5 15 36
14
23 25
5 32 38
1 20 31
5 15

5 15
41 45 48
21
1
8 14
1 47
0

20
6 49
10 26 31 33 34
21
47
3 14 34
9
27 39

20
30 31
14
42
5 15 49
1 14
29


3 10 11 49

26
42
1 18
0 1 42
0 38
5 8
25
30 42

19 34 42
14 25
32
32
4 39

15 25 31
7 35 40
16


23
47

0 28



20 33
10 17 32
5 15 46 47
5
11 40
41 44 45 47

35 48
18
26 30
47

0

29 32

40
10
38 47
9 10 11
49
5 15
12 20 47
34 39
34
33 42
5 15
8


35 48
8 44
4 5 44
22
38
10

46
31 48
28
28
6 35
43
17 30 41
16 49
49
5 15
28 38 46
26 41 47

48
23
21 33

34
7 35
34
21
17
36


15


23 36 40
32 42 43
12 33 39
14

5 15
0
10

6
5 15
44

5 15 29
25
15 18 21 25 38 41
5 15

37
5 20 34
29 40
11 14
8

11 23 42
33
9 15 24
48 49
5 11 15 17 22
30
29 32 40 49
14 32

21 34
1 46

4 14 22 39
0 12 21 39
2 5 15
10 25 47
6 29 33

8 31 32

16 49
28 48
5 15

21
22 23 30

8 12
3 12
7 25
49
16 22
14 26 40
7
2 32 48

21 41
6
12
4 6 10

40
25 29 49
35
26 38
32 43
34 44
12
12
31 33 35
23
5 37
39
32
12
26
21

35
8 14 20 21

4 35 41
0 43
2 16
5 36
21
3 14 42 47
10 18
44
5 47

6

27 29

23 36
11 13
21
26
9 35
12
3 26
44
5 11 15 39
21 31
0 13

9
0 31
17 46
9 14 20 48

31 37
4 10
15
3
11 35 40
17
6 7 30
6 13
11 41

5 15 36
15
14
21 30 37

9 37 47
35
49

5 7 15
9
17

41
9


6 14

7
4
18
11 34 45
23 26
29
5 18

13
8 37 46
21 34
25 35 43
12
41
5 14 15 22


19
2
9 25 29
21


47
5 15 20
10 36
10 18 25
4 46

20

14

5 10 16 17 19 29
32 49
24
45
22 35

3 18
4 37
17



24 45
5 9 14 15 20 31
5 15
33 45
7 26 36 42
19 27 37

13 22 30
6 30 32

0 17 39 43
12 32


48
19 22
10 41
3
11
18
5 7 15 37


4 23
5 11 15
20
18
5

12 24

14 45
6 8 10 36 49
3 28 35

3
19
20 41
48
29
9 35
5 15 39


17
3
47
28
28
17
3 42 48

0 37 42

15 28
21
19
0 31
49
1 29 37
14 15 20 31
16 33
27 49
17
5 15 17 19 40
13
33 35 37 40 43

48 49
25 48
28 48
9 31
37
1 19 38 47
39
37
8 26

5 15 43
32
3 5 9 32
12 29 42
31
2 24 43
18 26 46
19
5 15 19
19 20
2
25 32
1 15 31
1 2 21 39
5 22 43

16 25
11 32
10
5 15
26

38 46
25

22 27 28
9
2
5 15 44
32

30 31 37
14 25
14
13 27
23 49
10 17
4
12 23 40
8
27
15 26 41

10 11 26
5 10 15 36
4
4 7 9 24 41
0
20 22
16 27 34

17 40
31
47 48
24 49



9
5 15
9

5 13 15 28
37

5
21
19 38 39
28
32 40
15
5 15
30 45
8 19

33
34 48

0 49
45
5 15 26 31 32 44
0
8 49
1
38
0 18 24 27
0
0
11

4
3 20
28
30 41
27
41
42
30 31
18 38

40
3
11
5 15
36
2
9 18
22
0
16 20
3

5 15 41 42
5 15 16
1 7 33
7 12
28
32 41
48
5 30
7 16 25
2 16


1 14 33

42
0 3 5 39
3
5 15 21 22 24
4
5 17 46
11 17 25
4 13 17 27
41
27 42 46
18 36 49
12
16
15 30 42


23 31

16
46
35 40
8 10
9 14 40
13 22 36
11 24
19 24
5 9 48
24
11 25 27
9

41
19 30 49
49
33 36 43
5 15 41
21 22
11
7 34

43
2 35
30
20 43

21 33 35
25
32
5 28
16 29

8 13
2
10

48 49

4
4
14
8 36
42 43
29 36 46
10 34
5 15
13 18
38

18 28


18 39 41
14 23


7
10 24
45 46
1 11

36 44
12 22 23 30
5 34 40
30 47
3 11 41 44


0

23 45
5
31 48
5 12 15
15 47
3 5 24
7 20 30
41
3 37 44
42 43

23 28
5 15 42
3


31 34
29
22 33
5 15 31
0
22


2
43
0

9 11
5 15 25
20
39

11 12 13 25
7

12
2 6 18 24 28 40
27
5 48 49
16
0
10 30
4 16 44


7
17
27 45

0 44

14

10
6 12
20 31 43
17 24 29 39
2
8 23
13
14
24
5 15 22 31 39

5 14
7 14 44 45
5 25
6 48
35

19 29 35 44

10 17 24
31

5
4 43
23 24 48

30 43
32
25 29
0 16 24 41

34
8 41

10
28 36 40
18 49
3 4 13 19
23 38
3 7 26 41
40 44
3
2 20 34 37
5 15
1

7
30 40



31 37

23 32 44 48

0 32

1 12 27
15 16
45
15 22 35
6 8 33 44
23
41 45 48

31
10 39

24
24
3 6
16
9 16
44
9 21
5 15


9 25 43 45
2 22 24 28
9

12
12


43
40
9

5 19
7 46

11 48
11
4
1 25 35 43
13 35
8 25 28

7
2 13 18 28 32

3 15
6 11 14
2
5 15 31 38

19

34
17
27
13 28


27 41
43
24 27

20 37
0 28
5 15 23
0 3

5 9 15 45 49
35 38


2 16 22 32
11

9
14 20 24 37
34
7 16 38 45
5 15 36
34
5 15

18 23
46
23 39
5 33
26 33 45
1 44

45 48

5 15 19 46


33
3
7 16 21 30
11 41
0 43
25 30

5 14 15 47

32
15 20 38 45
12 30
8 32
9
1 5 21
5 6 15 22 42
4 11 25 29 33 42
5 8 12 15 18 23


41
5 15
0 9 16 34
6 33
37
20 29 45
1
19
8 13 33

1 16
15 34 42

13 16

14 22 40
1 4 9 28
12

18 31
2 5 15 41
16 28 47
1 5
14 24 48
42
49
10



9 27 45
14 39

4 15
6 33 49

22 37

10
4 29
10
34
10 31
8 27 32
21
5 15 17
17 19 25 42
1 9

5 8 15 47
36
9 20 44 45
5 37

1 18
0 5 15 24 45
34
9 11 13
18 30
20
13
30
30
0 5 27 36
12
8 9 37 45
32




20
33 46 49


10 15 27
39
25 36 37 48
12 26
30 35 39
0 21 37
16 21
34 46
11 16 17 32 40 43
4 17

13 19 34

7 49
35
22

21 22
10 13 15 25 33
20 28
16
30
17 26

3 5 15 49
5 15
39
10
6 48
7 11 12 14
3 31


29
5 15 33
18 40
11 22
11 43

44
1
38
20 30 49
15 33 45
16
18
39
7 46
10 43 46
40
24
5 16
9 16

4 11 14 15 46
8 22
47
32

12
12
37
7 29 39
14 31
36 40
19 31 33 47
31 38
17

44

5 41 42
18 31 42 43
32
8 12 33
6 42
20 38 48
7 14
5 7 16 20

4 20 31
23 36 43
19 28 41

33
5

7 26
10 23


25
15 41
5 15
5 42
26
24
26 38
8 49

30 36
22
0
2
3 13 24 44

5 15 28
6
47
30 43
29 32
8
30
34
13 19 39
13 16 32 37 41

1 2 7 42
0 47
11 29 37
12
31 40
16 42 48

21

42
18 27


11 15 43
31
16 18
49
39 48
26
33 40 46
0 4 18 25 41 47
6


44
10

24 26
3 10 28 30 31 34 36
47
23 30 31
29 40

32
41
4 16
20 38
11 22 43 49
26 49
25
2 11 38
37 44
4
28 42
6 34


34 35
7 29
8 13



35 37 39 46
17 37
3 14
25
46
0 5

12 13 28 29 47
20
13 18 32
14

0
6 7 10
14 29
39
26 27 49
13
5 15 30 32


14 46
20 22 30

26
10
18
12 20
11 42
45


35 44
15 40
43

9 21 33 45
6

4 44

14 21 34
4
8 24 46
48
9 24 25 28
47 48
33
0 4 45
5 7 21
40 43
3 9 19
5 15 20
4 45
21
2 22
5 15 28 30 32
35 39 48
40
12
6
34 48
21
2 7
5 27
33
15 26
36
3

0
0
48
39

13
21 27 47
5 15 25

23
24
27

26


19 25

29
2 30
39
32
5 25 37
10 27 29 42
0 13 17
3 19 28 46
27 34
13 33
5 17 40 45


31 40 44

18 30 47 49
14 34 37
14 21 41
18 28
5 44
5 15
13 21

4
22 29 38 39 48

1 23
6 13 17 41
1 13 41
5 15 33 37
4
10 23 26 30 35
7 37 42 44 45
35 46
24 43
5 9 15 35 49
20

2 23 26 35 37
4
37
45
5 15 24
15 42
3
11 16 21

29 30
9
1

23 38
15 39
8
2 37
10 30 41 47
35
40

46
26
38

21 41
17
48
15
5 25
5 15 17 19 30
49
35
21 49
35 43 48
12 46
36
35 43
29
14

23 30
2 12 42


13 28 33
13

6 28
37 45
35 45
26
11
6
24 47
25


33 34 35
26 30 34 40
38
8

12

16 34
23
33

20
36 37
7
5 15 17 37 39 47 48
7 22 45 49

4
17
12 35
15 30
36
11 34
23 42

22
5 8 15
35 40
3 14 42

12
2 30 40

19
15 16
10 21 29
49
26
1 39
1 5 15
6 18 25 27
25 44
24 35



7
39

26 31
5 6 15 19 23 41

15 28 41 44

0 3

7 10
5 15 39 45
2 5 15 41
40
0 13 24 49
8

9 22
2 33
44
4 33

18 45
1
4 13 14


5 10 19 25


42 43
17



9 14 37
18 44
32
5 15 30
1 2

23
1 22 26
13
37 39
17 36
14
5 8 15 42
22
4 12
46
5 10 18 45
27 37
4 49
0 2 3 8 41

5 15
9 41 42
2
6
46

19
3 5 15
16 18 29 41 47
11

34

26 28

8 11 37
5 17
48
17
5 15 21 25


22
9 14
5
23
35 36 41 43
19 49
17
3 37

21 34
11 17

2
31

5 15 42
23
0 26
5 15 30
37
5 15 31



26 33

11 18
15
46

28
29
12
47
38
3 33
35
32 36
5 15 36 47
41
20
5 40 49
39
9 39

22
45
15
19
0
42
13 17
2
14 28 32
12 45

32 40

49

0 31
13

35
15
19
11 43
17
33

31


35
22
6 32 47
4 24

20
16 30 43
9 29 34 46
13 16 48
9 33 42
19 41
11 14
46
16 32
46

2 43
40
39 40 41
5 15 25 35
14 33
3 16 25 26 34
13 22 46
33
22
16 32

5 15 17 31 41

19

40
5 18 49
9 42
11 34
29 39 44
23
22 33 49
12 36
6 15 47
5 15 16 25 44
5 13 28 32 44 45


22


18
37
32 40
23
41

24 38
24
1
5 15 25
1 14
41 43

14 21
6
47
7

7 25 41

5 15 26 37
1 14 31
6 44
14

25 26

23

29
17 32 37 38 49
25 43
1 35

13 29

23 26 41
0 5 15
10 23 37 45 46
14 41
5 10 15 20 27
24

41
14
16 17


26
39
11 24 47
4 15
12 33
5

31

17
27
1

5 27 30

1 23
5 15 33

8 34
0 7 14 16 17
11 13 15
6 42


22
23
20
24 34 43
21 47

20 31

5

8 18 30
33 38 42

18
35
7 35
5

0 12
12 36 47 49

5
2


36

5 10 15


13
10

24 43
26
2 4
19
29 43

35 45
27 30
37
11
6 23 32
0
4 10 18
30
33
18
39
33
25
12 36
19 28 35
1 34
10 26 28
5 15
12 42
2 49
34 35 46

48
14 20

5 15 40
47
15 27
9 42

9
5 15 40
43
6 32 36
14 39


1 4 25 32
0 29 39
28 46
40
25
17 21
10 29 49
10 45
26 48



39
20 29
43
25 42
4 31 46
5 25 44


2 6 20 22

12 36
17
11
15 20 41 48
26 36
30

16 40
27
32
13 40
18
5 15 25 27
46
18 21 25 30 31


18
32 45
17 28

27
11
29
16
0 5 15 24
2
26 34
5
48
0 3 15
0
46
47 49
1 2 5 15 35
11 25
15
30 36
3 6 11
18 49
27
45

41
4

0 5 28
5 15 36
46
45

41
10 49

36
6
13

43
3
17
20

44
28 34 38
46
28

21


37 42
7 23 35 41
8 24 46
14 33 42
42


10 38 45
16 42 46
5
7 21 31
15
3 7 34 35

36
13 16
5 15 25 35
49
0 8 25 35 43
7
14
12 15
3 5 15 37 43
19 31 36

1
22

1 23


10 32 39

8

32
38 49
1 8 19 42
10
3 10 11

7 15 21 30 32
15
49
29 49
37
16


19 23
44
6 28

7 20


28 46
22 34
3 44
12 17


8
5 12 15 17 45

30
16
18
1 9 10 17
16

16 29
41
49
20 43
11 33
11
29
13

15 35
1 31
19 40 49
9
22
1



4
14

16
11
25

24
5 22 32
32
5 15 29
26
1
19 24 48
16 33 42
24 41
0

11 26 41
26

0 23 33 38
30
4 5 11 15

0 32 41
33 37 40
0 4 31 32
0 37
11 16 19
0 6 29 47
48
29 38
5 13 15
5
30 36


43
21 31
30

13
30
28
34

4 17
42

42
19
4 14 29
2 5 18 26
21 45
29
26 27
14 16

25
5 24 32



16 19
0 12


6
18 40 45 48
18 45

3 7
22
0 8 14

1
15 45
42
3 19


26
12
21 25 45
30
26 49
9 17 28
7 23 35
23

17 19 26 44
9 16
7 28 48
14
34 38
48

10
13
21 24 38 45
6 19 43
20
8
0 9 36
21
2 16
48
28
31 41

17 32
8 11 34 41 44

49
8 40
27 39 46
43 48
7 31 37

40 44

11 27
4 5 15 30
12 16 34
18
21 27 45 49
29 38
8 12 15

5 15 40
2 8 9 12

33
9
5 28 41 43
8
32
13 36
16 33 48
12 48
20 48
47

18 31 43
1 42
18 32 43
30 45

18 30
42
17
18 39
3 26 42 44 47


5 15
28 45
22 24 46 47
10
0 41

16
10


4
16 21 27

41
22
26 40
5 15
26 32
0 29

4
16
2 19
16 17 23 32 38 44
13 15 33
0 46
12
17 19 20
28 45
6 7 25

22
37
18
5 15
2 6
40
43 46
3 5
4 14
25
29 33

4 20 45
1 9
21
7 43
48
0



6 17
49
42 49

1 23 35 39
20
5 15
32 35 42
5 15
17 38
47
9 35 36 43

1 43
32

13
35 40 42
5 15
5 15 22
5 14
27 37
29 34 40
16 44

12 14 25
17 42

46 47

6 10 39
14 49

4
20 23

12 30
9 46
12 16
5 15
7 35

4

0 12 17

28 43 44
11

12 16 26 33
45
7
39
23 26 40
1 18
18
49
39
6 28

21 48

8 22 28 34
17 29
1 33 49
1 14
33
5 15 23 42
32
38

5 43 49
3 37
1 6 25 32 48
28
31 48
43
5 15
1 16 40 41

18 24
1 4 24 34 46
4 13 31
12 37 39 44
20 42
20
32
5 15
11


47
6
8
3 16 29
1 19 29
37
8
11 23 24 32 43
5 6 28 31

31 43
13 45
23 49
10
38 42
25
5 8 15
41
5 8 15 21 35 40
8
32
11 46
15 30 41
30
6
3 39
13 14
3 9
28
5 15 23 33 46

30
1

7 25 30
5 24 37 45
38
40
2 6 8 30 48
11
45
7 21 28

5
18 47 49
9 23

13
21

48
16 24
11 12 18
4 19

38
37

12

28 30
39

49
5 20
45

11 30

3 46
1 14 30
18 22 39
9
31
5 15 29
32
0 41 42 44

10 21 48 49
39
15 36
3 43
1
22
35 44
39
27 31
26 37
18 30


7 13 18

3 7 19 21 26 40
14 42

13

7 14
21 41
10 25
41
34
5 7
45
12 36
5 15
15
17 20 32
13 19 20 38
45
30 35
5 15
9 15 34
5 15 35
5 15


9
29

12 43
5 13 15 36
40


11
5 25
9 42
5 15 17 46
29
5 16 25
27
16
2 29
9
20 25

21 28 29


2 40 46
31 40
33 34
11 14
5 34
12 18
23
15 21
34

2 7 17 48
17 29
10 35
11
12 17 34 36 48

10
33
21 22
0

14
48
41
5 18 37
3 7
15
5 15
33

12 35
2 17 21 35

5 15
46
4
16 48
11 47
21

12 15 45
6 35
8 41
17 18 39
2 28
3 38
15 43



7 28
16 21 29
32


9
5 15 25
25 36 45
43
7
5 35 49
5 6 9 24

19
12 29
32
18
23 24
28
0 12 45

6 14
11 27 36 37 44
27

2 10 44

12 13 27 35

21 39 44
35 46


14 19 22 23 24 30 45
7 36
2 32 36

25
7

6 7 47

49
8 15 36
42 45
44
10 29
15
35
2 12 16 30 31 48
27
41

23
44
15 35
1 14
16
9
34 42
45
0 17

18
6 21 41
19 21
6 38
17 23
4 13 46

25
27 38 41 46
0 37
1 5 37
31
24
23
3

9 23
8 39

4
21
20 30 38
12
11 29 46
30

39
0
28
0 10
40 41
41 42
22

35




20 46

7 34 37 46
16 30 46

26 33
19
12
31
43

9 24 46
9
17


42
42
33
7 22 33
9 23 29 39
1 24
38
12
42

29 40

32 36
13 40
7
5 28 41
47
3
48

2
1 21 39
33

28
39
12 48
7 11 36
14 21 31 38
13


35
26 37
26 32 37
4 25 41 48
15


5 30 46

40

28

10

17
1 16 23 27

10 28 33 42
33
8
43




41 42

38 46
9
1 9 17
7 38
39
28 46


14 29 40
18

31

14
39


2 4 41
48
21 40 47
47
49

16 22
30
1 32 43
40
25
8
1
47
13 28
2
16 31 32
45
1 9
12 40
37
17 31
5 21 45
40
7 37 45
4 10 22 39

26 30
5 23 30

1 2 4 8 25
0 5 13
31 34 37
27 31 46
23 41
37
31 42
6 16 30 35
13 36 38 45
32

0 46
25 39
11 34
27 37
46
14 25
4 45
6 44

26 44
5
43
32
24
40 42
45
2 12
33 47
3 5
34
24 28 44
16 42
26
36
39
28 29
32
48

32 35
5 7 33

30
12 30 48
26
4

25
5 17 49
7 16 20 24
19

45
47
31

7 41
46


21 24 27 35

35
4 20 48

38
11 37
17
16 31 35
38
14
27
2 25
25
0
27 32
19

16 24
2 28
45



6 39
15 32
24 35 46

35
20 26
2
40
49
12 23 27
38
24

8
36
25
34
7 12 16 40
13 23

0 12

6
45
17
19 40 45
3 11

3 7
2 42
2 8 21 32 49
16
17
7 26 49
33 34
31
34 35
32 49

47
16
2
1 12 39
31 46
41


31
0 29 38 49
30
39 48
8 29
8 22

13
8 37
26
18
14 17
28 33
1 4 7
13 23 24
36
12 35 43
9 25
14 27 39
7

8


44

7
24
8 41
2 6 10 47
6 41
21 35
15 34
5 37

34
11 31 37
0 33
37

12 27 39

14 19 28 41
22 39 44 45
1 37
48
18 31 44

33 46
5
13
7 8 10 21
9 25 35
30

17 30

15
27 35
27
21 35
33 34

13 15 46
13
46
41
22
20
16 49
1 38 40
25 30

5 47
4
10 34 38 41
41
5 24 29 30


1 6
38
6
14 23
24 40

11 24 33
2
29 45
23 28

3 16
0 10 35
13 17 20 45
0 19

20 48




0
4
41 43
14 19
28 40
6
27

4
6 9 36
34 41
12 16 46
7 32
1 27 38
3
8 18 39 47
12 27 41

45
19 28 36

15
11
8 28
7

11 37


11
45
22
10 21 25

41
14 24 37
1
11 40


12 44
6 20 38

11
11 18 19 22
36 38

29
3 29
13
17 39
33

5 29 35 44

4


36

44

1
4 26
7
5 13 24 34
2 18 43 48

2 22 41
21 29 41
48

36

17
39 46 49
5
4 33 47

1
19 46
15
42 43
6 15

42
2 14

35
1 30
37

8 14 17 23 32 47
1 17
43
9
20 25
19

16 23 49
21
23
48


9
18 31

0 42
37 48

5
4
12 46 48 49
35

10 35
41
27
48
43

2 46 49

0 17
32 49
21
3 31 36
4 5
17
1 9 26 30 34 36
38 47

16 20
19 22 44
1
12
26
28 34 36
30
2 8 11 24

25 49
44
8
22 37


44
0


3 28 30


25
1

7 9 17
13 18 41
8
29 39

19 47

48
5 32

25
9
31
33
1 49
15 18


1 8 16 34
11

43
0

1 11 17 29

39 49
23 40
4 17 30


40
4 40

16
9 24
31

35
49
10 33 47


5 17 23 46

12 29 45 48
3 15 35 45
19 23
28
6

12 27 37
27
3 12 32 47
13 17
35 41 46

6 15 26 32 34 45

19 46

13 24
45
44
6
30 49
10 13 17
23 33
20 41 44
15 20 27 29
8 18 36 43
21

28 49
32
7 26 39
21
17 42 45
8 23 30 33 37 47




9

18 22 34 49
14


16 24 25

2 31

0 42
3
33
24 45
9
20 30
29

5 13

8 40
43 45
29 47
22
34 37
18 19 34

36 44 45
21
30
11 19
21
8 12
3 22 48


18 29 40

13

2 32 42 48
7 46
47
11 19
43
3
5 21 25
14
2
10
26 29
26 32
13 43
18
1 29
34 36
29
20 29 37


24 42


7 23 31 46
1 7 11 15


1 30
17 39
37
7
6 37

33
7 19 49
26
8

33
16

18
33
5 14

0 15 31

15 46
26
14 44
20 43 44
43
26 27
7 17
0 2
36 44
31
20
17
0 13 44
11 23 24 41
4 13 25 34
29 46
23 31 47
3
11

21

19
19
17 27

8 29 40
17

16 32
33
8 23 49


35

6 20
39



23 45
11 19 49
19
15 23
7
23

6
9
18 47
44
33
36

22
19 31
6

11

7
7 46
29
26 31 33 41
1 34 41
4 7 32 39
16 44
20

36


25
29 41

47
32 34



2 15

24
27

38
22 38
6 33 38
16 27
36
11 19
31
5 40
15
20 35
10 48
6
5
4 28


11 26
3 32
17 26 33

17 29
15 25 49

47
34
42
3 29 35 37 39
32
29
20 24 33
42
11 13 18

20 36
20 22 28
0

5 42
9 13 34 44
20
10 39
6 14
36
15
39
3 7
24

11 23 31 44 49
32 39

34
10
43

16 23

17 47
5
11 45
27

41
4 7 25 37


3 48
20 21 38
35 36 38
2


6 29

21 40 48
43
16 30
13
44
18 19 48
3

32 33
38 46

10 21
29 36 40
12 14


33 43
8 11
9 10 48
24
7 43

7
33

31
22

6 46
4 18 25
3
11
36
31

10 15 41
2 39
2 38


46
4 29
8 19 36
18 19
7
46

6 17
4 8
3 24 47
2

25

39 46
17 22
10 32 35
28 46
22
11 42 48
13 25 33
18
26 48
9
46
27
5
6 9 12 17 39 48
26
7 32
28 31
5


9
12 30 33

42
32
13 15 41 45
27
5 6 14
3 21 22
37

8

29



10 44
49
27 31
32
3 30 40
10 23 29


35
33 44
10
5 23 43 49
14 19 48
5
4
39

4 31


19

17
12


18
35
30 45


29
14
10 15 43
8 29 45
22

0 34
29
36 47
17 44

2 33
24 34
0

19 45

20 28
34
2 14 49

13

5 18

5 27 34 40
16 45
31

24 44
35 36
3 8 13

33 37
8 31 34


2
0 21 23 29 30 45
12
12 31
16 31
13 36 43 44
7 35 37 41 47
9 29
19
48
11 23 35


3 16 35
1 12 32
40
1

9 23
1 42
25 46
9 20 29
18 22
5 45

23 29 48
13
38 45


6

6 19
4

12

19
19 27
33
31
40
47
39
9
2 47
4 39
15 20
13 20 23
11 48
33 36
20 37
29 49

7
5

45 46

13
19 42
15



10 13
6 15 19
8 21 33 38
10 24
33
31 46


3
35
16 39
4 33 39
15 18 42
7 27
10 17
14 38

47
18

12 44

17 31
38
24
11 26
36
13 32 34
4

6 38 49
29
13
20 44 45
39

38 44
31
3 8
43
9 12 34 46

37 41
11 26
24
49
19

16 18
8
25
0 12

16 39 46
44

3 24
24 42
43
27 47

22 37 48


23 46

20


19 37

27
1 45
12 20 40 45
19


22 24
46
17 32

16 41 46
25 27
16
5
38 45
47
29 37 43
22


9 20 33
3 31 42
48

11
18 32
47
16 45
0
5 15 44
41
25
16 20

27 34 49
8
22
16 39

4 21
31
7 24 41 47
20
31 48
3 38
10 23 47
3 8 19

32 41
10 31
28 41
19
1 9
31 41 44
22 29 43
0 2 42
3 27
45
27

46

8 28
18
18
16 32 35 46
2
43 47
45

30
19

28
15 41
47
19 22 24
18 44
10 30
0 4

10 44
22 48
3 49
1 38
3 49

25

14 45 47 48
40
17
30
0 9 16

38

3
42
7 19 34
7 14 18
33
11 36

2 42
19 24 47
12 44
3
27
11 31
6
21 30 40

12
21 45
13 27 46
18
16 36
7 29

14 30 37 45
16
13 14
20
30


5 32 42
14
3 10
7 16
41
35
44

12 34
9 27
6 8 22 36 46
30
12 27
16 26
12 19
31 41
33 46
4 28 36 46
13 46
17
21 47

15 20
23 47
21

0 3 6 11
6 7 18 24 26
19
35 38
7

11 22 43
12 16

22
22 37 49
32
15 33
4 6
23 34

27 49
12
9 16 21 32
7
10 42
29
47
48
22 24



30 34
17
2 4 24
20 38

4 28
8 31

15 28 49

31
12 26
25
4 42
35

45
30
18

8

21
16
22

2 49
30 49
22

7
22

31 32
37
19
41 48
39
33
24
26 37
6 23 40

40
19 29 46

17
19 37
44 49
3 45
28
19 34

17 19


28
13
3 7

30
7
16 20
29
43
1
48
40
39
10 41
13 34
13
5 45
17
5
5
36
2 27 32
6

24
4
0 16
31
26
10 49
32
19 35
25 40
7 36
17 38
7 13 40 42 46

11 39
3 42
44
15 20 31
13 47

15 28
12
33 34
25
0 14 49
1 28
14

24
1

3
1
4 20

7 13 14 48
13 34
10 41

1
28

3 9 27

5 15
47
1

6
14 31 47





7 31 32
45
35
1
11 27

24 49

32
6

49
5

6
9
18 22 29 30
42
44
25
17 19
10 31
1
16
9 17 24
23 38 48
37
32 35
13
13 38
7
16
30

11 24 32
21 24 37 41
7
3 12
9 22 34

0 1 8
2
6

30
45

33 40
31 35
20 39
17
32
18 25
12 14 37

24 31
31 38 40
0
19 23 48

22 34 46

29
23 38

13
40 47
10 13 14 29 35 47
20
4 33 49
18 25 34 42
30 40
8 9 29
27 43

6

49
30
7 30
35

3

8
26 34
0 35 44
37
9 13 44
9
2

35
10 35 42
30

12
45
37 43
31 39 47
11
41
25 43
34 36 42
36
4 17



11 32
32
10
19 23

20
21
23 27
12
20 44 49

15 17 39
39 41 48

43
4 49

20
17 23 34
17 35

29 42 47
11

2 17
5
4 8 32



6 17 32 43 44 47
9
24 49
25 49



24 32 34
33
8
7
19 20

29
16
28
12 31 32

15
42

36 44

21
17
46
38
17
35
1 44

29 34


2
14 41
44
0
25 28


11
43
11
10 17 18 26 29


8 9 24 38
10 40
10 23 39
14 26

49
26
27 29 41
36 40
32
24

47

7 20 21 35
2 17
37
33 49
9 13
23
32 38
3 21 27
46 49
8
34 43


30 40 49
23
47
4 6

28 39

9 39 47
8 13 29 47 48
18 21
4 34
11 33
12 49
30
33
21 45
6 32 49
3 11
4 47
3 18
0 33


0 38
7 22
5 19 28 41
35

7 11
30
13 43 44

47
28

16 33 41
30
29 38
39
5 25
28
5 8 15 18 24

0

2 34

19 44
1
31 43


16 33 40 48
12 26

0 19 29
45
0
33
20 36
20 31
0 2

10 31
34 38
2
0 18

33
10 31

7 49
23 39

11
3 33
13

18 32
36
7

15
9 44
0 32
1 40
21 45
12 47
24
28 35 41
43
12 24
13 45

32
32
20
48
12
1 43
12 36 48
30


19 39
24
17 21
10 49
20 25
3 23
8


20 23
39
22 27 37



0 18 40


33
8

19
40 45
26 42

3 32 35

14

13
3 18 28
2 18 23 29 49
10 39 49
32 38 44 46

15 24 28 34
3 21 22 40 41
16 23
15 17 31 35

16
11 29 34 47
23 32 41

27

11
12
6 13 46
3 9


7 18 29
12 13
1 8 9 28 35
15
10 29
7 34 45
2
27

20 25
18 20 37 43

25 47

16 34
1
1
31 48
11
24 29
24 38 39 45
33

35





32

12 34 39
1 36 45
22
4 5 30
30 44
7
6 35
7

20 38 40
9 13 16 45 48
41
1 45
19
10
3 15
8
43


11 28
25 33
9 43

8 16 27
0 18
31
13 44
46
35
46

0


18
20 27 37
30 33
2 43
32 38 41

19 41
33

13

32
19
19 44
8 39
12 13 25 48
39
10
10
25 32 33 42
37
47
0
40

9
18
3
14 42
26 33 42
17 24 40
0 33
6 43
13 32 44
26 27
9
15 18
33
8
1 10 46
11 40
1 2 5 35 36
4
10
3 10 25
23 27
35
28
41
45
2 29
2 24 30
2 14 19
32 48


32
1 43
20
19

20
40
12 34

31

26
17
39
2 20 23
20 26 49
22 29
1

30


26

18
16
49
45
10 20 36 43

3 20

42
10 16
7 11 39 45
28 31
30
21
20 21 42



26 29


38

45
24
11 39
48
25 32
1 22 42
45 47


25 26

9
45 46

34
21 31 34
28
46

42
9 16
18 41
24 38
21 30
15 27 36 38
15 16 20 28
3 42
11 37
13 20 28 43
7 21
9 37 48 49
20 46
34 49
27
4 30 34 40
30 45
11 35 40 43
16
44 45 48
8 19 31

15

11 43
3 9 49

1 23 24 39
45
0 22
22


21 23 31


20
17


41
11 12
34 39
28 43
14 34
13
21
34 46 49
5 10 25 28 38

3 13 47
23 45

40

4 9 37 49
20
2 9 15 46
7
10 24 27


2 34 43
25 37
6

0
1 37 38
34 44

11
27
26
2 27
0 6 8 35
49
9 17 21
7 24 44
21 27

1 26 38
12 31 43 48
23
43
4 11 41 46
18
9 24
9 26 28 44
16 24 47
13
22
28
39 42
6 47
31 46
2 31 38



13 42
49
8 31 46
39
16 36 48
31 40
19 23 41
0 27 44
46
8 27
32
29

5 16
20
3 11
3 14 27
6
3
1
2 30
23
37
2
26 45
16 39
13 18
14 15 34
18
23
0 23 42
13
11 13 17 21 29
36

10
27
22 33

14 18
20 36

10
1 40
18 31
13 40
37
37 46
13
49
0 10 28
0 24

27 31
8 15 24
5 30 31
8

3 12 20 21
7 20 24
4 9
22 26 33 41
15
16 39
32 44

31 43
31

11 24 30


31
1 2
19 44
3 19 30
19 21 36 49
49


44
22 24 25

5 9 31
10 19 30 48
16 37

7 43 49
49

23 31
1 5 41 47
24
6 18 45
25



0 4 24 30
49

23
0 35 44
38
23 34 36
1
16 28
12 30
19
45 47
3 28
6 34
1 6 29 45
3

32 33 49
16 23
38
37
35
27
26


17
18
40
15 27
8 20 26
31


28 29


9 23 25
30
0
29

12
14 21
14 31
22 31

1 37 41
25 28
13 23 25
31 33
13 25


13 23 41 46
16 24
3 43
15

13 23 48


44
48

29
31
10 11
8 44
11
19 26
17

13
16 28 32
9




3 44
3 17


15 29 42
20
29 45
21
2
37
19 26 31 35
20 32 39
23
8


40

11 26
26 30
27
7 8 13 47

5 9 21 40

11
8 9 32

33 37
43
16 32 37
43 44




7 49
13
13
26
18 44 49
7 18



5 21
29


20 46
16 33 34 44
2
16
20 40
23
9 38 41
8
41
21 43

15
8
36
20 48

25 28
4 10 29 43
32 40
6 10 17 21
15
14
11 19
25 45
3 24 40


19 24 39
42
33
18 43

40
8 21 49
0 3


5 12 49
16 33 34 42
10
9 13 25
18
5
12 28

34

31 39
8 11 16
2 12 49
31 37
25 37

29


40
0
23 26 28
19 36

28
12 42
26
2 38

7 10 18 26

11 32 33
29
42 45
6

5 22
3 22 30 48
2 10 16
5 36 47


31 40 46
17 25
9 29
6
47
29


8
1 8
45
16
42
22
2

22 46
12 27
5
35
15 49
44
12 35

1 2

6 20 38
5 13 24 37
30
2
49

32 49
17
13
4 11 14 48 49
14 45 48
33 42 49
49
36 48
19 27 28
12
31
35
11 35 40
24 39 49
9 14 44
17 18
8
2 20 48

27 38 47
28 34 44

13 29 34 46
14 17 28 32
39

40
17
29 43
33
23 35

11
5 23 30
8 47

5 48
32 47
47

13 19 31
31



23

14 19 20 31 35
3 11 33 42


31
2
5 39 44
9 16
22 23 37
33
2 27 35

6 22 34 38
7 23
1 22 47
9 30
9 12 13
34
31 42
17
12

3 14 20 22 43
32
41
14 30 42
26 36 49
4 10 19 30 43
39

0 3 26 31 36 42
2 6 36
43
9 16 22 30

16 41 44
7 30 33
0
18 28 41
7 45
4 24 27
40 41
8 33
30
3 17 21 29 48
1 34

13 37 49
38 41
26
12 25 45
32 35
18 20


42


16
13 21 38
41
0 4 9 23
46
43

20
9 48
31 35 45
10 26 29 38
3
2 18 34 39 41
1 10 20 38 45
36
11 22 47
5 40 44
7
4 5 10
3
4 12 32 35 40
1

5 20
15 27
13 36 39 47
24 39
33

44

35
24
16 47
14 37 43 44
12 49
44
32 48
15
7 10 33 41
30
27
19 42
37 49
13 15
30

44
40
2 14 24 44
35

38
45
25

2

30
0 9 14
21
6 16 41
27 40 41
26
1 31
3
9 47


13
36 48


5 20
12 43
14
34
4 24 42
32 40
19 40

38

39
25 37
11
10
11 43
3 12 43
25
1
6 11 17
10 29

1 35

2 30


4 23 29 39


3 13 21
7
15 28
37
29
37
6 26
25 28
9 40
6
12
5 30 48
31

4 5 6 29


29
24 30
13 30 37 41
9
6 19 23
3 7 35


18
2 14 49
9 19 23
39
3
12
21 41
30

14 36
6
10 37
20 34 43
18 22 31 39
8
5
8 31 47
35
1 20 27
44

16
41
43
31 45
39

35 44 45
1
49
33 34
15
18
17

8 14 29 36
12 38
5 17 40
13
47
46
22 43
8
6 26 44

30 31
42
1 29 31 36



9
19 32
28
47 48
20

34 36 41 48
4 9
5
1 40 44
9 27 48
0 24
6

17
18 39 41
27
6 15 22 32 43
24
4
1 33
15 24
9
14 34
14 19 42

13 14

2


22 37
37
31
0 46
2
9 43
15 45
15 23 34
22 34 42
47
38
4 29 31 38
30 34
25 47

5 33
2 19
0 5 32 44
44
10 14 41

21
6


18 36 49
9 45
0 22 26
25 30 36
7 33 38 43

19

3 7 39
26
18 21

25 40 41
21

21
4 36
2 3 12
2 4 6 12 17
19
11
15 40
7 22 24
7 28 45

20 24 46
5

22
38
24 36 38
19

10 30 32
10 17 42
1 12
3 25

40
36 48
9 16 27

19 27 49
26


23
18 30

22 26 30 43 47

1 16 47
1 28 29
10
5 48
17
12 45
21
11 13 47
7
32
28 39 44 48
44

21 26 31 45

0
30 39 45
0 13 14 34

26 35

46
12
14 42




10 18 46
27

12 30 33
26
40
30


23

13 45
28
41
29
15 18 23 46

1 24 39 48
15 45
4 11 27

47
5
2 16

11
0 25 41 43
16
43
20 22
10 22
5
7 21
4 12 17
26 31
18 26 40

38
10 25


2 16
9 20 32 43
21 37
15

28
40
36 44
23
22
16 37
45
33

0 14
45
0 25 36

16
35
33
19 42 47
2 47

10 11 20 29
12 39
46
45 49
8 44
3 34
28
23 40 46

3
12 13 24 29 35 42 46
21 33
4 41
13 20 30
7 9

14 17
31
4 37
15 27 33
44
42
31 32
16 17

14 20 28
29 48

20 32 34

41
19 24
5 17 40

10 21 49
19 49
14 21

9 15
43
16
15 37
33 43

18 37


10 36
31 35 46
41 49
1 18 29 35 36
41 45
42 45 47
44
12 15 37 40 42
3 45
35
9 31
37
5
35

45
11 36 49
20
40



24 40
31 32
26
29

1 30 46
32
31 32
6 35

10 17
11
15 24
2 20 36


26
42 49
1 31

15
18 33 39
26
2 3 11 32
23 46
22
26
0
0 15
16
13
24 37 38

13 22
40 47 48
7
12 25
14
39

33

19
3 15 32 38
31
8 14 18 25
3 6 14 27 40
7 20
6 18 47

46
3 10
5 43 46
22 27
34 47
4 18 40
33
3 49
37

26 46
39
23 28 48 49
6 24
10 28
7 31

9
41
39

12 39

26 36


6 11 17 31
10

8
25
5

19 42
5
3 49
7 47
25
12 29
9
40
19
49

29
2 17
4 24 39
1 8


6 35 37
38
7
21
8
13 16
30 31 47
26 27 46
8 16 35


2 13

7 20 43
5 27 41 42
22 40

2 27
7 41 45
12 26 27 38 49

17 26
16 48
2 32 35
44
0 31 37

46
17 46

5 44
1 37
4
14

11 17 47
12
15
48
9 13 15

12 30 46


18 39
32
38
0 9 13 20 27 45
24 40

15
13 36
22 30
13 19

22 30
3 25 31

12

3 32
49
4 36 44
43
11 44
23 42 44
26 27 37 40
6 10 32
6 22
4 18
25 34 40 46
47
28
11 16
17

7 46
42
5
3
24 40
8 13 15 18 25 49
28 38
14 18 19
13 41

24

48
5 30
21
29 36
28 31
38
18 22 25 33
11 23
49
29 38 40
26

6

13 24
1 10 25
3 10 30 40 43 49
2 6 19 20
28 40
12 46
8 45

25
19 28

0 6 16

29 46
3 43
1 5
6 8 21 44
6 16 32 36

0 9 21


8
12 19 29 42
20
21

14 17
12 31
38
14 32 45
10 31 44
13
6
34
23 46
21 31 32
18 23
43

46
1
19 20 34 38
3 34
25 49
30 40
20 30
0

7


37
11

17 47 49
5 29 41
31
16 35
11 41

35
30 34 44
49
9
13

2 48
14 34
24 48
22 44
9 45 49
5 9
19 30
33 36
16

3 19 38 44
47
2 26

18 29

13 37

15
40
36
28
17
10 32
47 48
42 48
24 26 38


49
45
8 9 19 31
1 2 15 37
48
40
2 31 40 47
8
0 12 37 48
15
9 12 26 48
26
28 35


20 33
5

47

11 23 30 38
20

9
1 44
12 31
31
6 40
21 22 26 41
8 46
36
7
43
0 4 21 37
11 13 44
10
8 31
27 31 44
10 36

44
19
5 13 16

20 41
4 36 39


8
33 41

6 15


28 44 49
12 32
36 37
0 12
33
7 25 31
9 11 20 23
0 19

15
20 27
20 26 33 37
0 29
11 47



13 18 31 32 44
4 5 16 28
17
24 35
32
1 11
30
33 46
15 35
27 29

46
2 13 30 38
35 36 40
37
27
11 13 39
22 47
6 49
6 28
38
30


43
5 40 47
37
1
27
17 18 41
7
6

6 13 26
18 27
11 39 49
5 7 9 21
21 48
36
6 7 20 39 41

14 20

9
16 21 23
14
33 47



3 15 17
8 18 37
9
31
23 46 47



29

32 35 42

45
14
23 39 41

41 45
10 26 30 48
3 21
27 40


1 4 15 49

3 8 11 32
31
34 41

5 18 22 23
3 42
7
12 48

4
6 34


19

1 21 27
23 35
3 20
0 23
5 45
38 47
41

23
9 13 42
6
45
3 15 18 26
0 29 39
18

29 38
17 36

34
16
30
5
25
0

23
13
4
21
13
25 26 30
20
8
22 38
19
4



17 19 36
23 46
38

13
25 29 35 44
29
6
9
34
14 17
22 30 32 33
7 28



3 33
26 34 46 48
4 17 46




49

32
37
29 44
3 18 25
12 24
1




5

36
33 34 47
2 9

5
19 35 40
0 24 25

12
7 20



8
16
24
8
4 10 14 32 34 45
17 28 41
2
39
44
40 49
38
9 38 43

45
7 15 17
33
3 41
10 30 42 45


7 25
0 1 42
11 14
0 5 43 49
33
26 27
3 42
8 26
31
3 31 42
14 19 34 40
10 44
16 24
29
11
8
18
13 23
2
43
15 19
9 13 19 30
21 30

17 28 35
3 20 22 42
42
11 48
26 45
37 48
14 18
0 2
20
2
3 8 12 47
16
27 48
48

12

24
13 30 37 38 40
30
31
33

9 37 42
6 8 24
16 36
37
17 45


15
24

28

4 5 7 36


27 30
17 32
34 37
23 42
9 16
46



15 26
20

48

36
14 27
15 17
30
19
18 19 24 28
1 30 42
5
0 20
7
14 45
28
31 46 49
34
28 29
15 21
34 42

24 42
0 26

33
36
11
38
24 34 40
22 29 31
31


38 44
0 34
2 23 40

23 49

3 27 37 43

18
2 12
7 30
43
26 29
8 30
20
14
18 32

0 16 21

37
38

41
13
35
45
4
3 31 40
49

3
12

10 12 17
7 10 25 36 37 45
3 8 12 44
46
30
18
17 19
1 8
15 16 45
20 27



14
8 24 28 31


5

43
8
12
4 11 43
6 8 24 25 33 34

42
13 16 41
6
42

24
10 21
14 48
6 21
17
42
7 15 39 44
44
31

17
31
41


28
10 46
5

27 31

14 23 24 30 41
40
2 7 8 28
30 46
32
20
1 39
33 42

27
44
26 29 38

18
3 4 5 8 11 37
0 1
0 35
13
7 25
17 18 46
3 5 30 42

3 12 28 42 45

27

42 44
5 6
14 19
6

8
27

1 24

0 3 27
39

36 46
28

36 44 46
8 25 43


48
2 45 47 49
16
19 23
18 21 35
0 16
21
39
47
31
26
4 24 40 47

34 37
4 34 42 43
31 47

26 37
7 17 40

19 38 47
23 47

31 42
0 19 31
25
14 30 34


28 32
13 18 46
10 21 39
30 33 49
25 34
27
46
10
18
0 2 5 24

42

36
25 28 43
11 30 31 33 34 43
1
8 44
24 31
15
2 43

6 25
37


37

21 32

36


13 28 31
0 1
21 45

14 26 34
17 19 32 41

8 28 31 39 40
38
12

31
14 27 46 48
4 22 43
1 3
18
28


16 40 44


47

37
9 12 33
12

34 39
19 45


10 15 28 45
20
9 43 46

30
9 34
37
12 21

17

0
30
5

18 20
41 42 46
22 34 35
37
30 33 35 42 49
25 35 40 46
39 41
2


0 17 23
4 20
41
22 39
3 46
42

4 22
21 25 32 35

13 18 21 22
25 27 32 35 40
25
33
3
45
34

3

25
14 44
12 26
9 42
40
8 12 26 43
22 25
3 46
0 29 49

8 18 22
8 25 32 35 36

18
13
20
25 35 49
11 23 36 48

6 7 13 18
22 40

7 41
4 44 48
5 11 14 43
23
25 29 35 42
25 35 48
18

25 34 35
14 16
40
0 11
15 39 43
34
31 40
24

15 25 35 44
18 22 26
12 22 42 48
46
37

44
6
38
10 11 25 35 47
2 5 15 20
0 41
14 33
8
7 21 43

25 35 47
20 26 31
0 25 28 29 35
5 22
10 26
13
6 11
25 35
25 35 42

47
25
7 49
2 18
42
9 12
6 42
23 37
35
10 15

9 25 27
39 41 43
8 23 30
2 17 25 35
41
23
5 22
47
23


11
22 43

2

8


10 33
6 33
9
36
25 32 35 41
49
10
5 18 42
47 49
21
25 35 45
22

6 42 47
20 25 35
26 46
18
25 35 47
27 34
14
16 19 27
7
12 21 25 35
40
24
25 34 35 47

7 26 35
7 39
25 30 35

33
49
19 22
5 39
14 33
45

46
4 24 27
25
13 32
7 27 41 44
25 35
27
28 38
25 35 44
11 28


19 25 30 34
25 29 35 48
25 35

3 8 32
4 29
2
25 29 35
5
48
7
7
0 44
12
29
20 37 42 44
16 44
24
27

7 40

15
42 47
19
10
25 35 37
39 47
13 49
11
3 15 25

24 38 46
39 47
19
4 5

19
25 35
13 25 35 43

16
42
28
15
24 34
14
2
11 12 43
4 23 34
31
6 24 25
11
27 32 37
13 26 37 47
12
25 49

17
5 29
25 26 35
3 32


38
17 25 35
16 24
15

49
10 38
18


30 43
10 18
18
21
5 34
37
4 40
17 49
15 42
45 46
0
34

0 44
28 36

11 25 35
17 35
14 29 34
5
34 42
8
3 15 38 44
16
37
9 31 49
10 20 34 46 47
30 37

25 35
5 47
6 25 35 43 49
22
7 37
14 20 28
31
10 22 24 38

15
25 32
17 35
4
34 38
11
19 25 35
13
32 41 48
32 49
6 17 45 46
25 35
25 35
33
23 49
10
25 35

14 22 43 49
13 29
19 26
9 11 28 48

11 20
49

23


24
5 16 27 31 47
10 28
26


41

39
20 24
2 10
33

18 28 36 42
8 20 39

13 26

4 9 18

45
7 11 13 16 24
7 10 30 48



23 44
0
25 35 47

4 43 44 48

24 25 35

2 20 31 32
6 16 18 21 45
2 4 31 45
12
18 31 45
33
16 17 32
25 35
8

23
20
32

25 35
14 16
17 20 34
8 32
18 21 35 36
37
26 37 41
42

14 31 45 46
13 38 45 48 49
13 30 33
34
25
1
6
26 30 42 45
49
9
36
31 36

1 9 25 32 35
23 34
4 12 37
8

5 40
1 12

18 34
1 5
1
30

11 20
22 44
8 42 46
2 36 42
25 35
0 13 39
8
35 39 43 47 49
2 36
0 6
23
16 42

31
9
32 37
14 17 33
25
12 29 44
8 25 40 43
0 12 27 43

14 29 36
25 35
25 35 48
18 24 38
9 35
36
11 26
30 41

2 27
30 36 49
22 40 48
25 35 45
20

32 35
25 35

20 25 27
8
25 35
4 25 35
23 38 46
20 36
24 40
18 34
25 35
30 46


0 27 34 43
47
17 45 46

34 48
4 15 40

24
13

28

47 48
6 12
13
5 18 46
12
37
26 45
25 33 35 47
0
31 40
25 34 39
35
17
3 22 39
30 37
25 35
12
1 3 8
44

48
6 46
47
10 36
5 9 39

4 45
25 35
31 37

4 10 11
25 35

35
21 37
1 14

4 42 48

30 43
2
37


26 30 32
3
0 17 27 33

12 29 43
9
5

6 46

0 39 46 48
5
10 24

22 36 45
25 35
42
10
16 17 40
0 11 33 36 37
18 19

20 25 29 35

48
37
30 43 49
0
22 24 32 33
28 33 44

15 37
25 35 49
4 6 11 15 44
6

36
22
20 26
23 48
25 35

27 32
26
15 31
13 43
40
25 35
1
1 7

4
6 25 26 35 46
22 29
28
48
13 41 43
32 43
23 31 47

8 9
10 25 33 35
0 29 38
38 41 45
20 39 48 49

33 42
3 9 20

34
10 20 21
10 14

1 14 16 21 29
14 24 27 30
1
21
19 47
23 25 35 42 44
28
15
31
12
32 39
32
1 34 38
0

30
48
20
15 46
27


2 20 49
20 48

49

3
4
2 34
10 22 37
2 44
36 44 49
6 25 35

1 25 35 44
1

25 35
25 35
0
18 21
15


35
25 35
4 7 14
35 42
40 43 49
14 42
7 25 35 43
23 27 44
4 5 26 33 40
11 22 32

13 15 25 26


16 30

18 32

9 25
12
10 35 37

13 35 42
25 35 48
11 28
9 38 44
0 9 15 26 41

0 4 22

5 36

25 41
22 25 35
7 20 26
18
11 19
32
38 40 41 47
32
38
25 35 38 44
43
2 36 38
0
17
25 29 35
9 16 32 36
46

33 41
17
5 47

43
5 25 35


40
10 31

20 37

6 7 23 37 39
14 38
0 30 47
14 35
25 35
31

9 11

11 26 47
44
0 37

7 12
39

22 26 44
34
7 18 29 48

15 21

26
19 24
25 35
26
15 21 28

8 11 24 28 41
20 25 35
25
7
1 18
35 48

39 46
17 26 29 30
3 29

6 12
0 17 19
25 35 40 47
8
24

3 14 31
25 26 35 44
14
4
15


28
11 25 35 40 49
37
13 14 19 44
4 12 37

10 29 38 41
18 47

2 17 40
30 45
0 6 13 19
27
7
38
23 30 44
16
25 35 45
3 25 35 43

40 48
10 41
3 33

4 10 34
49
32
26
4
25 35 40
8 26
46
22 28 31
11
43 45

12
47
2 48



0 46
10 25 35 43
3

14 18
16 23 39

26 28 36

25
4 11 25 35 43
45
49
20 22 44
21

47
25 35 39
28
8 25
17 29
22
14 29
25 35 36
47
25 35
24 31 44

10
6 30 31 35


6 32 33
43
19 37 38
1 8 24 25 35
25 31 35

7
15 25 35 46
4
1 16
27

9
2 5 6
22 30 49
33 46
25 35

0 2
3 15 25
0 1
38
7
25 35 39
17 23 33
28
20 31 49

27 28 49
2
2 4 10

4 40 41
44
5 8 21
25 35
23 35
0 18 38 43 44

27 45
1 13 25
24
33
19
19

7 29

40
6 22 25 27 34 35
36

5 36
0 9
12 25 35 37
9


0 26
15 20
23 46
8 33
19 45
15
20 38
49
14 26 40
23 25 35
6

3 18 22
14 21 42 43
22
12 25 35 48
15
26 31
12 49
5 34

33 42
5 47




48

12 21
15
36 44
7 8 22 25 42
26 33
36
11 25 29 35
6 21 24
34
8 30
25 35
19


39
5
6
18 25 33 46
22 28 47
3 11 19 37 38
4
20 37

0 35 45
11 39 46
14
42
45
31
25 35 44


3 43
1 27 30 48

25 27 35 41
9
28 41
15 36
0 19

2
29 47
25 33 35
22 25 28

10 30 32 45
38 41
8
19 45
15
18 21 25 35
15 29
27
7 10 22 40
25 33 35 38 48
0 11 19

3 23 27
22 40
26 37
22

30
17 25 32 35
44

13
13
13
9 41
47

3
14

8


5
3 48
12 33 41
18


12 24 25 35

14 21 27
37
42
2
11 49

33
12 33
34 44
14 48
19 31 42
28

3 4 27
22 23 37



25
8 34 45
0 40
5 41
13
13
21
0 18 28 43
23 34
3 15 37 38 47

16 25 35
2 38
5 25 29 35
7 13 16 46

25 35 44 48
2 5 31 45
18 31
7
14 23 46
10 37
1 25 37
1
28 37 49
25 35
27 39 40 45
25 35
29
7 31
6
4 6 29

23

3 32
6
17
22 29 36
25 40
0
16
2 11 12
15 25 35
20
13 17 29
25 26 35
6 25 35
43
45
14 25 35
32
42
20 32
26 45
42
14 27 38
17 38
25


32
9
6 10

8 25 35
46
38 41
24 27 49

8 22 26
11 44

16 19
13 41
0
30 43
10 11
12 29
14 34 42
15 27 36 39
42
11
35
45
8 24
24 25 28 35 37
36 44 46
22 35
25 35
1 25 35 37
4 6

14 33


13 35 36
6 44


27 49
29
26
14 46



19
5
19 22 25 27 35
5 28
0 20 43
5 20 23 33

19
27 35
34 38

9 25 29 35 36
2 8 14 47


25 37
15 39
7 16
16 37 40

29 48 49
20 27 30


4 27
20
27

38
25 35
39
24 47 49
39
47
15
5 35 48

8
6 46 48
1 7 34
11 23 31 35 37 41
35
3
19
48
40
9 15
12 21 29

1 7 25 27 32 35 45
5

47
32 35

5 24
1 34 36

22 25 35 42
10 27 44
7 25 35
25 44 47
8
4 23 25 35 46
24 25 32 35 41 46
18
32 39
13
18 37 48
0
16
2 11 44 46
9 13
22
26
31 33
25 35
18 39
45 48
28
18
12 25 35
1 5 13 25 34 35 43
2 33 40
17 46
19
7
32
0 25 35 37
34 36
48
25 35 48
49
21 49
2 3 34
17
3 12 44
24 25
41
17 25 35
23 34 40 41 43
14 23 27
5 14 33 44
43
2
21 25 35 42

7 37 41
7
7 34
2 11

25 35 38

35

14 23
18 37
7
40 48
12 28
19 29 45
19 25 35
19
3
7 16 19

25
0 28
15
7


9 23 28 31
40
4
43 49
9
0 6
28 47

33
30
6 26 45
10
10 38
19 40
23 24

13 37

24
2 34
1 46

15 22 25 35
9 20
20 30
9
44
25 35 46
16 22 25
25 34 35

31
13 34 38
28

49
13 38
38
4 18 21 42 47
6 8 11 24 43 48
5 28 46
12 18
23 25 26 35

12
26 32 42


44
35 45


29
3 33
4 37 39
25 35
29 31 39
26
25 35 38
27
3 13 48
25 42
4
4 42
4
9 33
26
29
18 37

25 35
27
13 28 30
8 27
11 34
10 21 25 28 35
17 27


14
3
47
22 40
30 33 48
43
32
38 46
3 20
5 12
6 8 11


1
15 28
13

9 31

5 46
25 35 44
20 25 35 43
23 34
36 37
38 49
14 47
26
0 2 28 30 47
4 24
27

15 32
5
21 25 35
2 23
0 22 25
18
9 18 33

20

32 41 43
6 25 35 36 43
45
8 25 35

24 47
17 24 25 30 35 45
8
6
17 20
11 21
33 34
0 21 30
5 37
12 44 47 49
3 19
2

17 25
6

32
23

8 11 12 17

4 44
15
0 12 38
5 48
5
32 34
33 37
12
41
14 31 39 40
13
15 43
11 33
25 35
13 43 44

23 30
25 35
25 35 39
16
25 35 43
25 35 40 42 46
16

43

11

18 43 49

14 25 31 35

2 18
21 23
6 22
25 30
16
0 46
17
30

31
5 29 41
1 23 40 47
0 7 25 35 48
0 5 35
23
3 17 29
15 40
2 25 37

10 21 40 45
24 47
3 30 40 42 48
38


20 30
8
9

25 35
8 11 39 41
24 37
2 24
13 25 35 48
25 35
5 25
40
48 49

37
33

45
21
18 33
12
22 36 47

23 38
42
47 48


18 19 26
7 9 11 25 26 35 37
8
44
23 46
12 42


2 7 13 25 27 35
4 25 35

40
31

10
21 40
3 20

11 25 35
14 22 46
5 8 14 15 45
16 49
1


19 21 32 34
2
43

25 35

23
20
9 10 31 35
12 27


18 22 25 35
10 12 28 47

19 27
25 35 49
25 35 49
9
7 34



0 14
18 20
10
1 2 29
29
35
13
6
20 47

27 45
29
10
22
19


48
38 40

20
19 49
30 44
20 25 44

4


13 14 42
6 13 40
2 32
12 23


41
4
23 25 33 35 49
8
5
25 40
39
8
0 17
41 45
12
14

9 11 23 47

24 26 29
20 25 35 40
7 13

4 10 49
25 35 39 42
46
46

11
6 11 25 35 49
8
42
11 15

0 13
34 37 46
32
20
5 24
48
18 30
7 11 25 31 35
17

22
25 39 41
25 35
25 35

35
35
8 19 24 25
3
1 13 23 48




3 30
0 14 35
24
34
4 26
1 10

3 7
19 31 48
25 35
8 46


42
16 21
18 37 42
13 14 18 27 30
43 46
22 23 33

4 31 47

40 42
34

3 9 41
37
19 31
26 32

1 14 25 34 35 38
10 40
1 12

44
11 36 40 41 45
25 46
30 31 45
24

7
20
30
25
35 48
3
1

20 32

6 25 35
25 35
22 30 41
32

44
34 45
26 34
9 25
36
4 22
18
19
2 32
5 17
13
1 13 22 35 37
1 8 30
21 25 35 47
23 39

3 5 6
2 10 39
25 35

11 25 30 35 38

5 11 13 18
0 46
13
2 5 48
31

13
25 35
27 44 46
9 24 39
26 39

28 49
1 38
7 25 46
29
7 27
9 17
17

0 8 11 15
13
42
7 44
6 19 48

26
25 30 35 45

42
46
24 28 49
9 36
15

34
11 41
42 44

10 23 26
3

5
16
27 45

35

25 34 35 47
6
18
25 35 40
1

13
9 21 25 35 39
33 47

20 38
46

6 15


15 35
9 42
9 22 49
5 18 25 35
21
0
12 25 27 30 35 43 44
18 43

25 33
10
3 25 35 48 49
15 46
2 25
23 25 35
5
11
15
45

16 26 28 41

2


4 31
24 25 32 35
25 30 35
1 47
7 49
30
2 5 26
24 25 34 35
1 15 25 32 35
6 10 19
21 22
0 7 25 35
7
38 42 46


0 44

11
21 39
15 40
44 45
1 10 34
26
13 28


17
19 38
1 8 11 43
27
3
33 43 45


23 25 34 35
3 43
5
25 35 44 46

36
25 35 46
4 14
21 41 42
2 43
24
3 25 26 35
7 25 28 34 35
21
1 20
21 42
1
11 12 42 46
7 25 35
1 25 35

9
3 13 42
49
27
4
4 6 19
8 30
26 29


10

25
27
26
22
25
9
25 35
22 26 34
0 4 13
3 25 35
6 25 35


25 35 45

5 40
5
30 44
8 21
6 34 47
20
25 35
22 25 44 48
25

4 26 28
4 28 34
0

9
20 49
0 6 24 47 48
22 31
15
2 11 42
5 18
27
14 31
32 35
28

27
48
30 47


25 35 48
12 20
30 41
8 27 49
1 28
1 11 33
21 44
18
25 35
28
30 37 41 43

8
22 23
0 39
25 29 35 46
3 25 33 35 43 48

33
40
4


1 4 20 23
0 7 37
1 42
1 22
9
2 26 39

6
25 35
13

39
31 48

34
25 33 35

19
7 9 12 23 25 35
44
2 17
16


25 34
40

21
25 40
5

8
5 6 21 38 45
7 44
9 32
1 15 33 36 46
25 27 35

21

6
25 37

45
16 46
17

25 35
15 25
25 35 38
17 24

6 9 47
8
40 44 47
18 25 35
28

2 40

6
38 42 43
28 43
38
37

44
9 49
10 12 19
19 35
18
38
24 43
13 19 45 49

33
1 44
9 25 27
16

47
6 7
11 43
14 25 26 35
2 30

30

25 46
6 48
11
4 17 25 35 42
22 25 27 35
10 13
31
5 7
6 9 46


40
9 17 25 32 36
23 29 31 32 41
11 23
15 23
30 37
35
29 41
42

43 49
2 12 39
2 25 35 37
3 35 47

14
27 41

27

6 10 41
13 19 42 45
6 17



45
1 12 18
42
10
5 15
13 15 34
16 37 43 48
12 21 48
19
10 49

19 37

15 33

16
31
6
6

8 16 25 35
35
13 22 29 32


11 35
8 25 40
39
9 33 48
12
14 21 32 37
25 35
40 49
5 36

25 35 37

4 19
37
0 23

3 8 16 27

27
23 38 41
0 19 31 44
21
30

15 30
27 47
42 46
3
12
17
25 35 43
19


1 21
34 37 42
12 49
24 25 28 32 35
11 39

0 34 46
20 39
24
15
0 29 34

19 22
38
0 22 28
19 43 49
25 35
18 33
11 35
4 12 36
13
0 26 37
8 23
14 36 45 47
16 39

1 3 35
18 38 42 46
19 26

43
27
16 41

9 25 35 39
2 10 25 35
10 13 14 25 35

4
7 21
5 25 35
42 47
9 43
31 35
26
31 43
34 44 45
1 36
7 18 26
25 35
20 21 26
23 24 30 32

22
16 18
25 30 35
32 41 46
31 34 35

9 22 47
6 42
47
16 25 30 33


27 42 45
17 25 35
25 35 47
38
16
6 9
19
18 33
4 12 25 35
9 11 32
11 48
40
29 43
24

42
44
21 22 37
25 35

37
17 33 37
8 39 40
23 48

14 18 34 43

25 28 35 41
5 18
25 35

26

0 3 42

0
19
48
46
37 49

5 29
27

25 31 35
13 25
38
1 4 11
25 35 36
23
4 9 40
25 35 49
15 29 34 38 48
34 44
46

6 49

14 32 43
43 49

36

13 20
18 25 35 47 49
3 31 38 40
15 18
10 35
1
14 25 35


28

17 41
7 11 13 48


6
7 10 31

41 45

10 15 25 35 48
11
2
11 32 41 42 46
6 16
2 20

32 42

14
17 25 35
16

17 25 35
25 35 43
1 14
12
21 22 47 49
11 42 45

15
6 8 10 36
7 23
10 41
7



17 29 30 35 41
4
25


10 18 41


32
25 35 45

8
37
11 32

10 30 48
22 41 45
36
32 34 39
0 20

1 25 35
36
33 43
26 33
1 43
3 13 44
42
16 25 35
23
10
2
6 7 32 43
37
48
25 35
34

35
21
13 15 31 47
31 35
25 33 35
45

13
34

36
31
3 14 15 32
1 37 39

9 18 25 35
13 44
4 36
23 32
35 45
25 35
13 25 26 35
1
20 40 45

18
40 46
14 23
13 18 19 37 44
26 27 37
0 8
38 43
1 25 35
7 18 25 35
3
1 25 27 35
13 46

8 16 25 35

2 24

21 25 35
40
9
2 21 26
32
40
23 42
3
8 12


8

12 33
17 27 46
28

9 44
9 17 37
25 35
24

5
7
48
26
26
2 33 40
15 24 44
19
23 25 35 39
7 23 25 35
14
46
34 36 39
20 21 25 35
14
38 47
24
46
3 28 46 49
34
19
4 14
22 45
23 25 35 36 46
25 35
29 36
37
2 40
25 35 40
10 46

0 1 25 31 35 46
33

33
24 45


34 37
25 35
11 28

23 33
22 27
6 29
32
35
10 20 28 41
15 31
38 42
1 19
25 27 29 35
15
25 35 42
6 36
41
7 32 42
12

8 9
3
21
25 35 41
3
11
12

49
40
12
42
36 45
7 11 21 42
22
2 16
46

23 31
30 45
5


25 35
25 35
4 10 35 37
23 30
38
22 27 42
35
42
18 21
7


43
9 25 29
6

3
11 14 18 21
4 15 37
25 35 38 42 43
38 48 49
27
8
8

1 4 30 40
2 6 28 33

28 35 41
46
5 49
36

5 48
4 14
12
22
0 42
17



46
21 41
0 32
29 47
0 1 14 29
47
31 49


41
43
7 29
10 33
14
32


22
25 28 35
22 39
44
7 18 38
3 49
27
24
0 32
47
3 8 11 25 26 35 40
6
32 42 44

3 30 32
5 26
1 42
20 29
30



3 35 40
35
28 45 46
0 15

20 32 46
11 13 18 35
15
25 35
25 30 35 49


42
2 7 28
15
13 25 28 36 40
17 25 35

18
20 25
29
11 25 32 35
22
17 35
19 49
27

9 47
1 25 35 39
20 22
17 43
49
16 18
27

8 39 47
17
20 31 32
15 28
15 30

2 6 21 25 35 40

14
1 19 40
46
3
22 23

0 5 38
25

25 35
5
25 35 37 45
24
4 47
27 41
2
0 22 26
39 43
13
20 25 35 41
19 23
6 11 48
14 26
4 33 38
11 20

27 48
6 46
29 43 47
16 24 34 40 41

3 34
26

48
7 11 44
13
5 6 36
7 11
4
14
23
32
2 16 34 41
3

41 49

17
7
19 22
35 49
9

25 32 35 46
38 41
9 16

1 41
43

11 15 42
8 15 23 34 48

8 16

5 13 45
29

19
44
25 35
45
3 4 22 24 46 49
2

26
28
12 25 35
25 35
5 6
26
8 24 28 32 44
8 24 33
6
28
11 21
35
14 47
49

6 9 46 48
29 44 46
9 25 35
30
8
25
19
25 46
1 15 32 49
21 40
14


20

4
7 40
26 27 41
16
11 35
28
3 43
28
27 34
4 6
26 27
2 6 7 31
10 29 33
25 33 35 37
9
6 20 38
27 30
32 42 43

34
44
46
7 22 24 30
11 20
12 20 24
9 20 23
15
22 25
18 24 40
1
11 49
21


49


16 20 35
13 40
14 20 38 40

4
0 7 25 35 40
42

25 29 35


14 28 36

23
45


6
25 37
0 12 21
7 12
12
36
44
20
3
13 28 39
23 25 35 43
25 27 35
19 40
0 11 19
7 24 35
29 35
3
37
27 36 45

45
12 25 30 35
1 17 21

6
4
25 35 40 41
7 34 41

18 38
1 15 35 47

37 40
25 35
15 41

25 27 33 35
10 17
32
17 21
45
33
32
25
12 20 28 29

26
25 35
25 35
6 13 20 48
24 45
33

16
4
26
1 4 5 6
30
33 41
5 30 44 49


1
15 48
3 43
15 40
7 11
1 37 42
15
17
36
11

1 44
18
8
28


26 49
5
12
48

23 47
10
25 35
17 28
35 48
8 40
12 16 40 43
1 8

18 25 35
47

25 35 41

24
3
25 29 35 40
7 17 39 44
27 33
3 21 22
9 15 21
15 18 28
43
19
19
9 48
0 15
28

2 4 25 35
17 25 35


9 40
6 14
25
20 49
18
41
19 25 35 41


7 44 46
25 48

2 12
4
7 26 48
0 11 23
0 6 19 36 41

3 25 35 48
2 8 22
1 6 27
0 25 35
7 25 35 40
9

12 34
1 16 27
6
25 35
11 27
13 27 36 42

33 47
6 16 37
5 6
2 10 11 18 29
30
33 46
13 25 29 35
28 40
8 11 15 29
13
9 11 25 35 38 40
3 21 30
38
25 35
9 25 35
1 27
13 25 32 35 42


25 35
4
18 33 38



32
10 28
11 37
25 35
36
7 11
30
6 40
6 10 27
1 11 35


25 43 46

25 35 44 48
12

25 27 35
5 26 31
12
10 25 35

5 20 21 42


2 4
14 19
9 25

24
30 37
21 36 37
31 49
2 6 45
35
11
24
13
1 26
27 30 31

3
34
6 12 35


24 25 35

22


33
12 43
39
19 41

13 25 34 35
43
10
6 11 18 20 25 35
26 34
25 35 47

1 15
20

34 37
3 28
15 22
12 28
25
29 39

13 21 40
12 49
12
2 10 34 37 40
7 25
32
8 15 22 26
0 16 21 25 27 36 44
25 35 40
1 8 14 16 27
5 27

45
25

48
22 49
0 13 24 39

4 37 39
2 33
16
25 28

0
28 36 40
25 35
37
21
4 25 35

47
7 16 29 40
1 43

6 22 49
3 10 34

40
17 25 35
16
4 11 26
1 26 38
15 42
20 32
49
0 29
22 25 35
13 25 35 38
11 35
25 35
4
20 25 35
47
12 36
42

18 41 49
10 26

2 32
29
42
20
1 10 25 35 39
48
26
6
22
20

21 25 35 37
27

25 35
24 40

7 31
13 14 40
47
28
14 27
35
0 5

25

29 49

48

40 44 45
1
25 29 35
5 19

18
9 21 32 37
2 29


24 25 31 35
44
7
1 9 14
34 40 49
5 29
20
9 33
3 25 28 35
5 28
0 11
33

37

14 25 33 35 48
22 44
2 14 25 29 33 35
6


14
7
17 23 32 33
37 40
6 14 31 46
2 13 39 43 45
5 41
3 30 31
13 25 38
15

9
20 32 42
0 2 27 31 32 42 49
1
43
9 15 49
25
13 32
11
11 19 33
4 7 34
25 35 38 49

20 25
38 40 49
3 8 22




32 42

24 25 30 35 36
41
5 31
6
3 4
7 25 35
38
32
13 19 36
46
23 34 42 48 49

11 16
20 25 35 48
5 45
37 41
4 42 46
29 31
35
2
1 13
2 6 7 39
20 35 43
2 23 25 35

41
28 40
6 11
21
27 43

23 43
15 17 49

3 18 26
0 6 19 25 35
25 29 35 47

4 25 35
25
6

16 34
40 46
21
18



0 7 11
15 26 41
5 14 43
2 15 25

0 26
16
42
26 47
10 46
23
5 29
4
3 14 20 24 25 39
19

15 22
4 19 41
30 32
2
38
8 20 29 46
29 39

26 34
15 17 23


26 35
32 41
5 14 25 35

5
4 5 12
2
9 33 38
8 25 35
6 21
20 40
21 48
13 33
4 22
26 28
45
9 15 21 22

19 27 44
19 20 25 26
46
4 25 35

7 43
15 17 29 34
24 34 47

43 47
18 35

22
25
11 19
7 30
5 29 36
10
1 25 35 44
11 27
5 9
23
24 34
18




16 20 24 46
26


33

23 27
5

8 39
22
9 25 35

25 35
8 26
47
41 44
13 20 28 38
29
14

6 45
49
32
6 16
14 20 28

3 5 24 38 39

20 26
4 24 45

23 30 39

35 39
23

47 49
13
3 11 42 43
0 6 20 42
4
4 15
6 26 49
10 22 35
17
14
12 38
11 18 30


10
26 40
4 7
3 43
44
25 32

1 36
14 49

8 24

47
15 26 39 42
3
21
17 30

9 42
9 27 30
4 11 25 35
16 24
43 45
39
24 42
4 22 24 35 43 44
15 44
10 17
15
30 32
49
1
27
4 41

12 35

17


15
11 15


10 25 33 35
2 9 24
45
21 33

34
0 21
3

39
8 25 35 38
39
14 47
40 47
0
18 36
16 25 35 44
34 38
23 42


25 35

2 26 48
13 46
3

36
25 35
9 40
14 15 16 25 35
8 9 42 49
22 43
0 45
8 14

16 25 35

17 23 38
13 16
20
1 2 33

22

3 15 22 39 44
46
8 40
25 35

16 25 35 46
1 45
25 32 37 38
10 12 37
40
0 25 35
17 26
17 28
0 17 45
29 39
5 46
3 5 38
14
22
15 46
12 15 25 35
15 26 37 39
16
20 34 49
34
42 43
11 46
2 42 48
26
32

10
49
7 34 47

15 20
11
15 27 39
3
39
19
5 25 29 35
5
0 40
17
25 38 44
1 46
4 16 38
17 22
26
25 35
28
9 18
10 11 45
27
29 31 43
9
48
0 8 12 25 35
38
25 35
32 46 48
34
9 29

8 15 25 35

25 35

25
30
19
42
47
16
0 10 46

20
25 35
10 46 48
31
11 47
25 35 38
43
25 46
24 39 45
25 35 43

3
18
26 33 45 49
25 35
24 41
38
13 46
17


6 16 28

46
7 18 25 35 49
42
0 42
19 25 35

33 43

6 14
23 26 44
14 17

3 18
45
25 29 35 40
0 6 7 8 17
46 48
3 20
26
3 7 46
19 34 45

25 30 35 37
8 25 26 27 43
11 28

36 37
11 15 25
27
8 14 26 29 47 48
13 22
2 15 24
3 6 44
7 28
6 28
15 25 35
15 32 39
35 40
9 18

29


25 35
10 46
1 27

24
5 9 25

10 15
4

25 35
18 45
25 35
6 11
32
5 25 35
38
20 45
7

46
1
25 35
32 40

24
29

20

4
1 9
13 43 47
28
32
4

10 30
2

28 45
42
13
23 25 40 43
17 28 49
36 38
41 43

37
34
15 30
5 14 30
38
27 32
21 22 27
19
2 17 49
14 35 38

38
43
25 30 33 35
14 16 35
44 45
22 45
26 31
0 17
28
25 35 46
21 39
20 47

38
7 30

44
5 11 37
25 35
5
15 25 35
5 34
39
20
2 49
39
3 24 30
12 27

5
25
20 41
44 45 46


25 35

29
8 17 47
25 35
11
39
18
33
12 44

49
6 23 43
12 29
30 31
28
9 48
16

0 3 13 25 35 41 48
1 25 35 36
18 19
11 21
23 24 26 36
6 11 17 34
35
22
27 39
22
11
31
31
11
12
14 16 32 42
34 48

26 27
35 45
13 43
6 33
18
31 43
4 32 49
17 24
23 40 49

1
7 15

37
7 27 48
6 25 35
10 32
4 44
12 15 24
0 6 11 19 20
5 7 20 47
23
21 27
41
2 5 48
9


17 25 35 47
33
12 16 18

17 25

22 48
10 39
30

0 6 39

0 4 47
0 21
49
18 21 30

10 18 21
12 25 34 35 42
5
19 25 35
14
9 25
3 31 47
25 26 35
25 35 38 44
26
8
16
29
24
36

19 34 36
1 30
9 35

4 32 36
34

2 22 39
12 17 25 35
40 45
17 18 33 43 48
2 27 28
9
15
2 37
30 36
35


21 25 35
48
7 25 35
8 13
9
25 27 31 35
47
44 46
2 27
19 38
16 25
12 14 25 35
35
30 31
30 39

14 15
3 11 22
40
12 21 43
1 31
30
0 4 24 25 29 35
23 25 31 32 35
10 22

27
4 25 35 44
25 35



5
27
19 25 35 38



31 47
5 7

7 16 25 35 48
16 28 31 43
11 35
5 33
3 27
3 5 18 35
15 48
5 30

5 13 38
15 25 35

23
16 34
25 35
2 37
1 24 25 35 38
1 19 34
12 30 38 45
25 28 35
12 25 35 43

3
11 36
3
7 15 16

40

24 35 49
31
14
12 13 40
3 12 30 42




4 23 37 48

12 15 21 22

25 35 44
14
4 19 22

13 23 38
8
39
18 24 25 35
25

44
5 23
9
2 20

15 46
8 12 46

25 29 35 43
11

32


26
28 42 47
13
25 35
4 11 48

3 10 17 47
9 13


2
22 26
49
1 8

8 27
15
29
14 18 25 35 49
28
4 35
17

18
6


15 30 40 48

32
27
2
32 33

31
14
27
10 25 35
45
17 22 25 35
7
25 35
22 36
15 19
5 9 15 34 42


17 29

13 27 47
22
8 19
30 40 42
10 42 47
25

25 27 35
21 39
18
15
21
21

29
25 35

6 13 33 39 49

6 9 38

5 25 35 45
15
6 30 49

45
30 31 40
19 36
18

11 42
8 27
5

7 31
15 25 35 40 41
17
39 45

16 29
7 23 46
5 29 47
25 35
16
15 18 29
19
15 48
37 42
3 9 15 25 29 35 49
7 36
12
20
22

10

5 22
25 35
31
2 30 40
8 23
15 18 48
15 19 26
47
11 25
6 23 30
2 12 32 42
18 25 35 37
23 25 35
39
35 38
36
23 32 33
36
7

18 22 35

6 12 43
8 15 36
10 31
24
2

7
5 26 29
3 7 45 48
0 9 34
26
48




28
13 42 46
35
4
9 10

16 24
12
2 3 16 23 30
2
2 3 19
8 22 24 33 36
7 9
30 40 41 48
7
23
8
8
35

37
4 8 16 38 45
40
1 10 25
37 41 49
48
11 13
3 12 14
10 19 33 44
3 27 30
29 30 43 47
41
25
12
9

8 32
11 22


15 29
15 25 33
9
1 7 42
12 16

9

16 17 33
31 42
13
46
20 43 48
48
21
16 30
38 43
8 24
13 42
27 37
15

40 42
20 29 41
36 39 48
9 34 36
16 19 38 49

14 21

15 16 49
11
2 12 14
7 41



4 36





17 24 32
13
19 21 22 29 43


30
15 18 44
7 15 20

2 48
9 38
32
9
6 39
20 39 45
20 24 34
5 24
26
35
18
19 39
18 25 34
5
6 16 23 26


3 17
32
27
16 21 40
1 31
30
6
44
0
0
11 42 45
7 22 24 34

35 40 45
25

16

6 16 25
7 17
13 20
27 42
25

41
6 18 45
8
24
25 38
9 37
24 34
31
20
46
38 48
46 48
0 14 23 48
49
33
13 17
10 17 23
40 42
47

20 21 30

27 41
15
19 26 29
28 49
35 45

0 29
0 24
17


34

8
13
6
24 27 33
20 25
34
37
16 20 40
1 11 12 40 45
8 16

18 34 36
1 26
28
43
10 32 34 43
6
33 44 46

40 49
49

0 40

10 21


42
23
2 10 37 43
42
11 14 16
8

15 21 49
3 9 29 49
8 40
33 45
9 37
11 39
27 29 39

37
30 34 36
12 43 48
10 20 30


13 26
42
5 25 41
29
13
4

16
42
28 42

36
49
35
5
19 23
46
5 7 28
20 21 23 27
1 26 37 44 48
19
10 16


32 39
26
47
13

33
21 27 42


24 42
48
31
21 40
6 13 24 35

0 23 33
21

17 44
24
16

32 37
16 30

9 22 44
7 9

13 15 49
12 13 25 30
8
3 26
11 34

13 30 43
9 14 43

10 23 41
8 10 43
10 16
5
4 8 16 20
2 17
16
16 30
3
4 6 14


18 43 48
23 34 37
28
33 45
6
37 42
29

19

5 17 26 29 35 43

6 28
16 29 38

14

47
10 15 40 43
1
16
26 38
25 27
5 17 20 44
37

4 5 31 35
33 34
6
15 17 39
41
6


4 19 39 40
44
21
14 30


46
6 11
27 47
27 28
44

1
19 24 25 35 36 48
21

45
25 27
4 32 46
8 15 40
6
8
1 34

1 45
13 19
2 25
20 27
5
31 42

4
8 15 25
7

23
7
46
23

10 42
20 28

19 34

4 41
3 25
28 39
33
12 20
7 20
43


15 19 48
38
5 24
10 12

13 15 22

45

31 45
43
23
0 46
6 44
17
12 14 29

6 49
12 15 19 21 36 49

2 22
9 22
28 34
9 11 27
19 20 45

9 15 39 46

34 37 39
14 24 31
16
25 32

16
11
10 23
13 23
16
0
22 35
4
44
4 29
42
32
22 31 33
4
8 12

9
14


46

34
7 38
7 38
33 37
24
11
18 48
8

17
39
23 47


11 17 41
26
28
6
22 35
14 49
12 22
1 18 19 36
17 44

19 49
18
9 21 35
16 48

28 30
19 32
0 7
20
37 48 49

12 30
37 40
0 4
13 34 39
10 40 41
27
0
35 49
16 38
17 23 30 32
28 30
8 13 18 36
9 16 19
0 8 38
34 43
13

1 4 11
33
15 25
17

1 21 24 40
9
20 29 31
26

13
5 17 31
4 39 43 45
41
18 28 47
15 21 42

4 12 39 48
1 43
30
10 26 33 42
7 8 9 25 31 41 47
21 35
8 26
3 12 23 26
4 13 25 48
25 36 40
13 47
26
0
11 43
12 38
2 20 29
30
19 44
7 9 29 47
4 8
9 21 22 33
46
2 35 40
16
33 42 47
4 29
49

25
10 49
17 19
15 42
2 9 24 41
35
1 27
16 18 41
28
47
1 14 18 46
14 30
22
27 37
0
31 40
16 27
1 21


4 15 33
9
5
0
12 43 47
1
46
39
7 30 48
17 25
4
20
1 29
16
8 16
11 22
26 30

34

20 42
27
32

40

46
45
6 34
2 36

15 34 35 36
35

11

5 9 15
11 19 31 45
3 5 48
31

1 17



29
37 45 48
11 40 46
14
3 6 18
14 16 40

6 14 36 47 48
18 24 49
40 48
9
17 18 42
20 26
29 42

37


14 22
7
31 35 45
16 20 28
9 37

7 13 24 25
48
11 27
29
39

46
36
8 13 20 22
47
10 41

3
48 49
20 22
10 29
2 16 27
7

46

8
1 8 36
17
25 49
10 29 49
4 14 25

3 9 47
31 34
13
43
31
1 4 33
0
2 23 29 35
2 44
15 19 34
13
4
8
19 33 46
13 42
28
25
11 14 33
35
6 39
36 47
12 15
15 29
33

28 32 42


4 35 36 41
17 24 28
21
14 30
1 10 33
10
5 25 45
2

20 27
43
0
11 21
37
31
20
41 47
46
28 36 38
2 19 48
16
32
36 40
37
2 43 49
48
37
0 14 24

34 49
37


32
25
34 39
25 48
19 48
16 34
19 37
17 46
43 46
1 9 40
25
22 45
22
8 23
33 45
19
32
3 10 29 37 41
11
10 44
40
45
28 40
17 33
0 12 20 23

1 29 38
32 49
4 32


1 37


2 43
19 23 38
40
27 37
14
42
7 8
6 8 35
27
3
21
11 26 33 49
15 24 31 33

10 33 38
5
36

15 47

22
28 33 38
21
46
10 44
7
21 31
33 40
11 15
3
17 41 46
3 21
4 13
1 13 14 20 47
29
23 36
40 44
8
19
48

2

19
11
10
3 43

26
27
4 12


16 39 46
17 19 48
25 45
12
37
4 41
2 30
41
12 18
11 27
2 19 26
4 8 14
42
11 21 49
7 10 13 27 31
30 46

4
28 30
2 17 31 44
20
35
22 38

21 36
27 29

19 42
5 6 24 26
20 22 35 36

20 30 32
27
7 35 44
16 17 46

7 25 47
16
1
8
3 41
5 8 13 45

22
14

14 33 35
36
46
29
6 49


27 30
0 2 11 21

0 22 25 36

42


5 15 17 23 26
18 36
19

12

2


18
5 17 18
11 30

27
23
6 18 23
13 43
0 5 6 15 30
5
20 30
3

26 43
35

4 14
0 36
11 46
2 11 35 44
36

7


29
1 5 39
21 45
37 39
14
22
39
7 34
48
42
12
28

48
33
16 20

7 12
8 13 36
36
2 8 27 40
9 20
45
25
8 27 48


36
6 11 18 27 33 42

32 48
26
41 48
9
17 39 49
13

3 16 25
1 7 25 31

14

3

43
8
42 48
33 36


9 21 33
38

39
44

14 26

20 36
26 35 49
28 34 48
30 48
35 38
3 7 23 32
0 31
22 44
37 49
29
28 32
27 34
3
4 25 41



14 46
16 17 21
45 48
22 39
40 46
36
0 16 26
34 35
34
6 22 23
12
8 49

10
4 15

36
3 22 37
1

14 16 42
5 42
1 40 42
5 23 33

8 24 29 44 48
1 22
38
1 33
18 40
29
19
14 44

1 18
19
31 43


4
3 10 11 37
6
6
30




36
19

3
39 42
27 39


18 21
26

16 39 46
15
42
10 26 35
3

1 44
39
15 44 46

22 49
2 43
31 46
46
17 25 42

39

37
0 26 36

36
16
27 30
2
4 15 48
9 28 39

8 23 47
26 29 32 35 40
27
1 33 40
40 42


11 30
25 46
5
7
45
7 47 49
9 18
0 11
15 37
48
23 44 49

15

5 13 14
48 49
3 29
43

27
5 13 26

38 46
24 40
26 28
26

22
31
36 49

26
5
17 36
20 23 39 46
0 4 32 46
24 28 30

4
11
12

14 45
0 49
17 19
22
12 20

3
9
15 27


24 47
0 8 19
0 14
11
1 24
12
2
43
4 39
16
7 30
36
49
1 29 43
31 39
29 47
30
2
2 7 8 25

18 38
9 14 35

2
2 23 32
16
6 22
4 7 8 10 12
7 25 37
4 21
16
11 47
39
13 24 33 47
39

33
3 22 44
17 25 38
1

4 8 25
49
22 28
1 33 38
5 21
7 34
1

10 26
18
6 7 10
11

3 32

8
25 43

36 40
1 13
43
42 46
39
23
36
15 38
36 48
42 49

23 48 49
29
23
31 42
16 36 43
10 34 45
6 22 44
24 39
21 29 35
40
4 26
28 31 41
3

45
41 45
7 49
26 34
18 34

12 30
10 17 47
12 17 35
6 18 43

2 14 33 46
28 45
36 40
30 35 49
30
31
16 24
7 27 31
12 27 34

6 24

32 34 43
19 32
39


4 10

2 10 39
43
2 36

23 31 37 41
40
5 21
11 19
11
41
22 34
6
44
39
6
40 44
11 13 43
7 49
4
1 11 26

30
27
30
1 31
25
21 40
32 47
4
26 28
17 30

35
5 38
21 35
4 7 8 19

12
8 13 25 28

9 48
0 9 13 45

44
37
6 34
38 43
7
20

37
15
6 36 43
10 27 36 41
25 39 43
39
26 41
25 31 39 42
1 5 12 29
4 18
49
7 20 40
32 40

7 29
9 36


18 30

26
45
0 17 24

4 24 40
27 35 43
8

7 16
7 9 41
3 21

6 45
20 33

1 3 41 44
4 10 38
11 35 41


30



43

7 37 44
44 48
26
32
19 27
1
26
3


15 29
30 47
21


1 45
27
5 25 33
4 36
9 16 25
2 33


25 33
29 30
17 31 43

22 48
24 31
7 15 40
14 23
13 45
0 15 18
6
10
18
26
33
10 25 40
22 27 28


0 48
43
27
8 26 30 37
33 37
10 49
5 10 35


8 10 37


9
44

15 36 37
7 28

10
8 20
7 15 29
7

7 25
10
13 35 36
13

6 18 41
19 23 33 34
13 33
15 18 39 42
1 28 45
44 46
18
2 12

47

16
12


3 7 9 16
14 16 19 42
3


17
40 41
40
29
12 31 44
49
9 21
15
31
14
21
16 26
26
17 34 45
1
46
12

12
0
36
32 44
1 9
28
30 43
7 20
33
36
0 5 24


6
34 45

6 13 47 48
12 37
28
3

19

4 17
28 38
15

17
9
0 9 36 40

5 33
42

45
7 20
16 25 47
30
17 46
34
30



48
8
25

20
31 49
46
22
29
11 37 48
30 31
28
43
23
19 27 29

46
22 35 40
28
0 32 38 39

41
21

29 30
11 18 25 27 32

15
10 29
44
14

1

44

4


15 30
39

20
29 48
48
9 17 21 46
23
11 26

18 42
2 25 43
2 6 10 31 47

1 13 20

16 35
7 22 37
15
20


5 22 24 36 37
43
10 34 40 48
7 9 10
30
23
35
11 45
31 35


26
13 29 33
3 8 17
1 2
13 21 39 40

3 11
14 49
20
13 40
17
20


32 35
7 28 39

19 30

37
5
13 42

17 22 23 49

12 21

20 21
17
40
48
14 25 26
21 41
21
3
32
5 44
15 19
30

18 26
29 38 46


27 37

11 30
48
31 47
8

13
0 35 41 47 49


23

12 27 28 29
30

41
7
25
24
15 32
42
0 41
24
43
33
16
6 22

48
5
46


47
2 6 33
4 30
38
20
11 20 29
48
7 39

32
14 23 30 45
2 8 23 37 48
41 44
22
6 23 32 44
44

16

18
13 14

12
14 30
17 26
9 35


22 48

47
7 22 32 36
19
7
49
6 12 27
34 36
27


23
48 49
41
27 43
44
25 29 36 42
18

27 48

19
6 33 34 35
15
25 26
21
30 33 44
2 44
15 20


14
10 14 29 30
2


28 44
16

16
32 37
15

19 47
6

2 29
9 24
4 28 30 38
26 42 45
25 49

12 41
0 40 42


14
36
25 42
47
2 36
1 2 43
10 13 45

24
6 13
27

15


34 42

6
42 49
37 46

0 11 22 43

34
11 46
21

36 43 44

11 39



11 26

5 42


39 43
1 6

23 28 37
5 38 43
19 35 43
11 22 26 42 49
4 7 14 25
49
6
1 47

19 27
48
40

19
41
26
2 19

9
13

7
14 20 49
21 31
27 46 47
12 21 37
0 33
5 40
15
19
48
9
6 13
7
32 41

13

20
12 33
2
18 21 32
9 17

36

5 13 16 18
7 12 21 46

46
1
2 19
7
1 5 14
5 24 37 39
11

5 24
47
19 43
16 43 48
20

0 9 41
7
7 8 38 40

29


5 18
37

19

12 44
32 39

4 16 49
23 30
47
42
33
20 48
23 31
18 47
3 6
31
7 15

35
4 11 26
38
12 22 33
29
41
34 39

44
0 9 14
39
23 40 41
13 19
34 35

6
0
6 26 49
18 34
8 42
34 45
17
32
12 41
26 31


44

22


5 24
12 15 34 47
13
5 38
1 5 7 19
35 45
26 27 47
45 47
23 32
29 44
0 4 35
27
29 35
48 49

45
23 32
17 21 26
4 5


14 21
5 20 29
14

33 37


15

5 19 39 46
13 18 41 47


32 47
29
0 22 27
33

19 33
12 22 35
26
36
40
1 24
27
23
21
3 10 43
1

36
37
8 31
7 21

48
12 35
16
5
31 33 46
6 10 12 33 49
10 27 49
14
9
5 15
6 13 43
39 48

1 18 23
16
20
16 23 29 44


24 42
24
35
1 38
12

28
15 39


11

5 21

20 24
39 40
35 48
22
4 19
0
22 40
4 9

9 17 18
24 26
25 42

17 40
32
48
8
21
11 16 30
0 3
0 6 14 40
6

19
9 16
9 39
8

7
47

40 41 45
7 41 43 44
1 44 47 49
2 3 30
3 7
7
44



5
8 20
23
33

0 45
29 42
29 45
4 8
11 37 41
15 20 43
16 48
49
21


30
36

5 13 32 44
40 41


45

45
24 34 44
24
1 12
27
17 18 30 31 47

8 48
21

15 31 49
6 41
23 36

31
32 49
10
35 41 42
37
36
22
1
2 33
1 34 40 43
21 41
4 19 20 24
27 34
8 29 33
40 46 48
17
25


5 19 42

4 11 14
1 28


28
22
8 36

48

22


17 31

12 27 30 49

30
11 13 27

13 20 44
12 18
22
2
21 29 35
10
11 14 20 32
30
34
17 38 45
24 41
40
22
14 46


1 29
38 39

23
46
5 7 23 46


17 44
18
11 23

22 24 32
2 16 20 29
7 20
43 46
4 18 32
28 32
12 38

3
2 17 22 34 39 40
29 32 40




2 10 38 40 44 47 49

8 43


18 28
44

36
41
10 16 47
2
17 36
1 41
13


5

27
21
26 44
29
9

25
15 43
15 42

12 32
17 25
22
43
22 35
34
19 43
20 26
28 43
33
10
1 23
5
1 32
24

7 28
15 18 35
1 12 29 34 37
28 43
31 49
5 31
21
36
21 49
37 39
26 42

23 46
37
49
8
25 45 47
11 14 48
21 34


24 29

31
6 12
41
27
29 46



8 25
20
4 23 31
3 35
2
4
3 22 23 28 44 49
11 16 48
34

40
20
0 9 15 16 25 26

23 34
33 40 44
12 28
5 47

7 8 25 36
14 18


17

34 37 49
46
31
18
18

40 41

20 38
9
4
1 17 28
24
5 31
35 38
20 43

37
13 33
41
15 30 39 44
3 11 27
2
20 39

27
32

46
41
31
23 40

7 42 43
17 26 45 46
22 41 46
17 31

18
46
13 16 30 31



19 31
25 27 38
40
23
21 26

8 16 30
10 11
43 45


31
34 37
42


16

10 12
42
31
31


16 28 38 48
10
43
32
32 40
32


14 23
44
27
37
3 27
44
12 29

4 8
36 44
26
13 16 21 37
0 24
0 16
47
14 17
16 42
5 20 44
34
26
26
16

35 40
17
13 17 36 39
33
42
11 31
10
2 18
2 35 44





8 9 10 13 16 43
1 8 43
27
28

17
6 21
10 29
17
6 30 32 46

10

17 44
22
30
7 20
13 18 25 45
3 4 20
18 37
16 17
39
48
1 22
24
6 16
31

0 32 49
46
7
33 41
19
18
3
26
43
14

33 36
12

15
22
29

11 27 29

33

10 35
25
12 18 23 32 45
40 42
29


29 30
28
8 18
0 1 30
17 33 45
1 10 27
41 42
27
14 48
11 25 28 35 48
49
18 47
18 35
13 17
11 48

24
46

37 41
0
43
2 6 9 17 27
7 34 36 40

8 16 22


4 16 44


8 42
28
18 46
33
8
3 4 14 34
30
9 36
13 20 38
15

2 33 39
3 32
21
48
47
40


31


1 16 17 22
38
24
30
1 13
7

0 32 41
46
28 39
9

15
0 14 36 42
12 14 38


7 17 19 35
8 31 40
27 37

47

0 7
36
4

19


33
0 15 27 28
6 9
21
49


0 1

10 12 18 25 39
38
20 35 40

6 28 46


11 26 44

0 19 20 33 47
4 41
24

17 40
19

28

38
29
42
38 45
13 23 37 45

45
20
41
24
21
0 18
35 43
8 10
0 7 15

4 6 47
27
14
30
35
34
8 9 24 36
0 29
19 43
2
16
6 7
28
22

20 29
12 43
44
44
7 11 36


13
1
46
19 22 30 33
27
28
25 27
15
18 35
42
27 34
36 39
31 32
32

24
4 35 41
35
49
12
15 25 37

42 43
23
16 49
17 30 43
41 47
11 25 27


1 23 26 35
2 27
14 22 28

4 17
2 17
17 20

38

2 48
11
32 33
18


45
34


9
18
18 42

33 35 42
1 27 47
16 26
34
17 36
16 19
22 32

35
25 36
9 33
39

2 19 35
30
4
3
8 30 31 38
5 20
5 17 39
14
21


1 36 38
11 14
17 23 39 47
12 14
41
8 9 17
17
4 27 47
36
8 18
1 5 29
45
8 25


44

17 31
38
24 28

12 30
13 16
33
2
1 28
0 26 34 44
38

23 35

18 20
10
36
8 10 25 26

1 27 45
31 40
7
0 13 26 34

42


5 24 37 40
28
2 29 42
12 41
0 9 24
7 20


2 8 24 32 41
25 49
0
2 37
0
20
14 22
33
12

7 24 41
11 21

21
26 38 40 44


45
16 17 47
29

1 38

26
6 24 37
5 19
3 5 16
7 9 24 29 36 43
41
10 29
1 3 11 28
30
18
24 37 44
7
34 40 48 49
28
39
6
7 16 29
12 24 37 46
32 49
19 33 36 44
23
16 28



45
40
24
26
26 28
3 43


39

1
0 3



45

0
26 29
9 31

21 24

33 47


32 37
25 49
12
11 35 44
22
26 30 43
2 7 9 28



12 14 25 27


46
12 25

31

22 48
0
21
8

12 22 42

21
2 32 34 40


8 11 36

24 43 45 48
0 17
12 24 45
6 31 36
18
11
15 40
41
11 33
24
1 23
0 8 40 45
17 43


3 11 32
2 39 41
12 26

9
15 34
38
21 36
23
30
3
27
16 21
7 15
8 11
0 13 41
33 39
35 38 43
1

24
4 15


12 43

9 12 41
3
45

42
7 12
5 28
49
6 12 16
1
44
11


32
5 14
21

28 32 49
24 27
10 46


11 18 37
8 15
43

26
38
27 28
8 17

21
7 9
0
1 8

3 14 33
39
13 41
40
10 21
2 17 28 33
41 47
44
5


3

1 29 38 44
29


4
5 22
9 43 49
38
2 17 39
29 44
2
15 16
32
23 31 47
4 7
3
8 30 35 40
37
19
19 41 42
14 29 44
8 21 35 48
1 31
36
33 49

18
42
16
42
1 23 41
15 32 34 44

24 26



32
36
19 24
1 42
37 45

3 6 18
1
21
2 4 20
8 24
32
15 30
8 26
11 28
38
49
7 47
8 13 20
7 30
25
2 36 47
4 22 23 25
24 48

1 20 46
0 45 49
35

2 8 9
4 24
16
4 43
25 26 32
6
17

13
1 10 18 21 42
28 32 48

38 41
5 18
21

19 26
13
3 24 37 42 43
15

25 38
30 40

3 5 11



27
13
22 42
10 31 39 41
18 28 31 34 47
12 31
14 19 36
30


13 23 26
38 40
34 38
31 39
20 27

11 12 34
30

12 26 40
21 27 37
4 37

30
1 12 44

8 32 47
18 19

7

33
2 9 25
36

2 17 19
11 17
14 37
44
9

47
19
12 17

13
35
31 39
15 30
19 23
40 45

37
44
24
11 18 19 29
10 49
18
8 31 35
26 33
1

41
30
0 24 28 42 43
42

0 2 3 42 49
13 24
15 23 40 49

42


13 21

42
41
45
4 18
45
47
6 25 38
10 17 24
20
4
39
1


19 31 41

42


3


14 47

41 45
25 27
3

10
43 47

16 27 45
4 21 34


7 47
4 5 11
44
15 17 43
4 12 13 39
4 7 26 43 44
6
7
40 42
34
29
16 33
8 36
2
32
39 43
28 47
11
16
2 25 40

20
4 42

8 43
7
31 40 49
34 47
11 35
13
46

4
6 22

3
26 39
16 21 24 48
3 27
17
13 16
38 44 47
16 27 43
0 40 43

18 36

38
24 26 38 42

14

12 16 21 41
17
1 18
28 49
1



34 43
7 30

12
49
38
40
18
29 39 45
44
10 28
40

11 14

47
25 35
12 29 42
3 13
17 32 43
13
37
46
35 48
17 19 20

11

35 44
20 28 42
46

12 19
5
6 30 42 45
2 26 30 33
5
9
29 45

6

6 19 35
43

9 13
30
38
42
1 8 18 20
7 27 37

26 29
40


7 29 39
30
0 43
3 11 37


15 21 38
12 18
8

3 4 24 29 32
43
1
23 44

10 35
11 38
11 20 49
20 42
11 42
17 21
3 16 26 46
7 14 39
8 11 14
16

7
21 32
1 19 43

20
20
11
26 45
24
10 34 44

35 38
0 35 45
21 25 32 44 45
14 21 36
26
10 21 27 34 40
5 9
39






45
7 25 28
10

38
1

36

30 32
5 44 45
5
45
6 23 39
23
10
39
37

2 4 16 32 46
18
14
26 32 33

12 27 44
2 10 24


2 4 16 17 48
7 21 34 43
30
21
16
6 31 36
13 14
29
15
9 24

6 13

43
2
5 37 40 42
5
14
27
13
24 43
42
28
2 12 25
16
9 14
44

36
37
32 35 39
9 21
40
16 38
32 46
45
19
3 7 47

31 33

18
28

14 20
19 20
21 30
2 29

29 34 36
7
3 16
27
45
33

28
18
28
20
0 5
14 20 26
2

16 19 48
26
18 48
2 30

12 25
18
16 25
30
13

8 12

40
36
23
31
0 11 34 45 47
38
16 27
36

38
47
14 34 48
1 15 42
0 1 33
2 43

30 44
2 6
14 21
9 12 35
8 15 36
3 42
15 16 19 38 46 47
49
46
8 10 24 37
3
1
9 34
4 34 42

3

22
33 47
49

2 21
0 17 22 37

41
37
25
6 37 49

6 26 32 39
2 46
14 16 39
10 20 24 26 37 43


29 39 45
1 18
31
6 39 49
9 25 27 43
6 12
28 35 40
4 25
26 47
0 18 36 46
12
7 38
20 24 48 49


0 31 40 47
26
5 22
8
15
41 42 49
4 13
10 47 48
36


41

23 34
21 37
0 6 7 13 15
38
30
3
29

31 42 46
1 14 21 44
2 37
10 41

0 34 46
8


19 44
22
7 43 47

29
30
25 40

36 37
4 12 15 29 45
2 42
7 40

46
26 40

40 44

36 45
18 46
16 46
39
12
4 16 45

5 9


11
0 38
14 38
29

21 31
37 48
1 28 38 41 46
46 48

12 37
33 37
12
13 32

9 42 48
43
3 8 21
28 48


4 26
31
5
2 4 40
22 49
28
22 49
5 31
34

5 6 21
11
28
21 25
0 10

22 29 41
18
28
5 39
8 33 37

41
6 41
0 15 22
0 41
26

10 18 33
33
9 30
27 45

30 31

25 36

23 37
2 6 13
0 30
14 22

18
6

15 17


19 38 45
7 20
49
35 42
6 7
40
5 11 47
10 23
34
11 23 42
3 26 33
8 28 33 47
7 13

23
8 20
19 22
16 30
21 30
6 24 42
10 12
38 42
9
10 39 43
17
17
47


9 24 28 37 49
46
32 48

29 47
30
6 22

18

48
26
23 36

34

3
18

5 18 30 44
22 34


20 34
2 6 27

4 8 35
2 30 37
7 44
36
1 11 32

5 8 24

4 13

23 26 36 41

35
6
1

23 49
5

27
15 20

3 29 37 39

1 28
46
31 42
41

7
7
7 12 40
26 28 39

18
27
24
41 49
9 14
19 26
5

1

6


47
13 45
18
8 41
0 14 16 23 26 27
13 15 47
5
2 15

1 5 31 38

25
14 15 36
19 30
39
19 35



34
2 11 24
33 41 42
3 14
5 36


35 36 38
16 40

36 49

18 38
1 43
17 19 37



12
25 29 30
23
0 31
0
6 31
1 48

15 22 36

18 39
32

32
16
14 15 26


44
26


13
12 15
47
14 28
40 49
14 18 48
43
21 38

4 14 30 39


19
2
23
18 47
33
39 42



10
0 39
18
26
25
27 45
14 26
40
31 34
4 25 48 49
6 44 45
38 40
41
2 46
32 45
40

11 28 49
6
22 31
24 27
29
39
11 40
6 12 17
5 6
21 33
25
13 18 39 45
45
17 25
6 10
8
20 26 31
9 49

25 39
33
12
31 45
11 40 47
17 48
6 20 43
32 33 41
20

35 38

0 5 45 47
2 5 9
30 35 43
16
15 30

2 32 36 37
31
9
2 7 42
1
44


5
32

30 44
29
31
1 15 45
49
32
8 20
41
29 33

2
14
0 25 31
34

19



23 29

9 12 30 41 45
7 46
17
11 21 45
0 27

2 5 30

4 49
1 13 20
19 31 38



15 30
44
17 39

17 46 49
0


45

14 31 44
15 21 23

25 27

0 38 44
42 49
33 45
17 32
10 42

43

2 49
34

19 46
35
2 13 29 39
8 39 43
11 40
6 9
25 33
29 39
8 47
8 16
1 12
8 12 14 24 44
37

10 44
10 18 28
36 47
41

31 43
24

21
44
25
30

45

26 40 48
37
1 24 31
4
23 42
16 35

12 24 34 43

28


18 22 27
13

9 12 34
17 21 38
21
46
10 31
40 49
33

16
36
31
20 46
40

3 6 11 32
43
17 40
4 29
16 38
9 32
10
13 17 27 41
5 36 39
33

4
10
3 10 28
23 24 28
31 38 40
37

16 22

3 4 21
48
5 27
36
21
31 40
0 35
11 12
28
7 35
12 15 22 47
17
25
26
19 22
30
3 17


9 15 18 21 34 40 45

5 11
5 8 21
3
11 21 49
34
42 44 45 48
39
11
12
22 25 45
0
46
16 49

5 18 27

41
43
6
41
24 33
45
41
10 31
33 34 39
33
7 17 28
6 40 46


5 8 20 32

20
29
40
22 38
